step,delta_l_SAC_minus_baseline,cumulative_delta_SAC_minus_baseline,F1,X1,T1,T200,baseline_stochastic_residual_scale,baseline_scaled_action_0,baseline_scaled_action_1,baseline_state_0,baseline_state_1,baseline_control_0,baseline_control_1,baseline_raw_action_0,baseline_raw_action_1,baseline_residual_0,baseline_residual_1,baseline_applied_residual_0,baseline_applied_residual_1,baseline_interior_anchor_0,baseline_interior_anchor_1,baseline_boundary_target_0,baseline_boundary_target_1,baseline_w_hat_0,baseline_w_hat_1,baseline_economic_cost,baseline_in_Z_before,baseline_in_Omega_before,baseline_qp_feasible,baseline_safety_mode,baseline_collapsed_action,baseline_interior_chebyshev_radius,baseline_final_verification_gap,baseline_applied_displacement_from_baseline,baseline_physical_state_violation,baseline_physical_input_violation,baseline_robust_region_violation,baseline_economic_reward,baseline_state_recovery_loss,baseline_state_recovery_penalty,baseline_p100_move_loss,baseline_p100_move_penalty,baseline_f200_move_loss,baseline_f200_move_penalty,baseline_saturation_loss,baseline_saturation_penalty,baseline_projection_penalty,baseline_mapping_penalty,baseline_move_penalty,baseline_rpi_violation_event_penalty,baseline_rpi_excess_penalty,baseline_total_reward,baseline_safety_penalty,baseline_reward_safety_penalty,baseline_state_violation_penalty,baseline_input_violation_penalty,baseline_qp_infeasible_penalty,baseline_state_excess_penalty,baseline_input_excess_penalty,baseline_rpi_penalty_excluded_from_training_reward,SAC_stochastic_residual_scale,SAC_scaled_action_0,SAC_scaled_action_1,SAC_state_0,SAC_state_1,SAC_control_0,SAC_control_1,SAC_raw_action_0,SAC_raw_action_1,SAC_residual_0,SAC_residual_1,SAC_applied_residual_0,SAC_applied_residual_1,SAC_interior_anchor_0,SAC_interior_anchor_1,SAC_boundary_target_0,SAC_boundary_target_1,SAC_w_hat_0,SAC_w_hat_1,SAC_economic_cost,SAC_in_Z_before,SAC_in_Omega_before,SAC_qp_feasible,SAC_safety_mode,SAC_collapsed_action,SAC_interior_chebyshev_radius,SAC_final_verification_gap,SAC_applied_displacement_from_baseline,SAC_physical_state_violation,SAC_physical_input_violation,SAC_robust_region_violation,SAC_economic_reward,SAC_state_recovery_loss,SAC_state_recovery_penalty,SAC_p100_move_loss,SAC_p100_move_penalty,SAC_f200_move_loss,SAC_f200_move_penalty,SAC_saturation_loss,SAC_saturation_penalty,SAC_projection_penalty,SAC_mapping_penalty,SAC_move_penalty,SAC_rpi_violation_event_penalty,SAC_rpi_excess_penalty,SAC_total_reward,SAC_safety_penalty,SAC_reward_safety_penalty,SAC_state_violation_penalty,SAC_input_violation_penalty,SAC_qp_infeasible_penalty,SAC_state_excess_penalty,SAC_input_excess_penalty,SAC_rpi_penalty_excluded_from_training_reward,delta_ell,instantaneous_economic_advantage_pct,G_roll20,G_cum
0,-70.46426602144948,-70.46426602144948,10.931334583126754,3.4280658297523763,41.268283504121975,27.009802329778847,0.1,0.0,0.0,25.39,50.125,194.86144296829238,212.2551197596565,0.0,0.0,0.0,0.0,0.0,1.249000902703301e-16,0.26014284641297625,-0.05033574002966734,nan,nan,-0.00188310642879957,7.890622917884694e-05,6327.506481972045,True,True,True,Z_mode_existing_controller,False,0.05060201485354432,0.0,0.0,False,False,False,-0.4697433841323527,3.553298807963889e-06,1.9548353818552988e-05,0.0,0.0,0.001617273366673287,0.13242306953484095,0.0,0.0,0.0,0.0,1.5600032549536611e-34,0.0,0.0,-0.6021860020210122,0.0,0.0,0.0,0.0,0.0,0.0,0.0,False,0.1,-0.08999048918485641,-8.514895853295457e-06,25.39,50.125,191.93127217719558,212.66789715475159,-0.8999048471450806,-8.514896035194397e-05,-0.029301707910968068,-0.0014142182342209014,-0.029301707910967992,-0.0014142182342208112,0.23243288547547625,-0.05033574002966734,-0.32560894130464346,-0.05038854192106561,-0.0018854045284292034,7.854855448076804e-05,6257.042215950595,True,True,True,Z_mode_existing_controller,False,0.07831197579104432,0.0,2.9335815988543543,False,False,False,-0.11742205402510536,4.179952550027649e-06,2.2995868292744402e-05,0.0008585900864996842,0.09282842868173823,0.0013023122397070295,0.10663391101872831,0.0,0.0,0.0,0.0,8.605900997136869e-06,0.0,0.0,-0.31691599549486177,0.0,0.0,0.0,0.0,0.0,0.0,0.0,False,-70.46426602144948,1.1136182352750184,,1.1136182352750184
1,-69.93719247126137,-140.40145849271084,10.935402417008735,2.7786650440283283,43.44665738815961,25.701928298728618,0.1,0.0,0.0,25.36175322158993,50.12669272495327,200.41124542499188,213.53123131361406,0.0,0.0,0.0,0.0,1.1796119636642288e-16,-5.898059818321144e-17,0.26014284641297625,-0.05033574002966734,nan,nan,-0.002215013484430997,4.9371109178213195e-05,6463.729065689525,True,True,True,Z_mode_existing_controller,False,0.05060201485354432,0.0,0.0,False,False,False,-1.1508563027197534,1.4416224863690782e-05,7.931037596152318e-05,0.003080030730838776,0.33300455890522856,0.00016284606981439493,0.013333909325957228,0.0,0.0,0.0,0.0,4.772695143434619e-34,20.0,0.0,-21.4972740813269,20.0,20.0,0.0,0.0,0.0,0.0,0.0,False,0.1,-0.09072083234786987,-0.00715285912156105,25.35934594802696,50.12620622193669,197.50642063338435,213.54523864227,-0.9072083234786987,-0.0715285912156105,-0.029581569045636826,-0.00541250006000963,-0.029581569045636857,-0.005412500060009741,0.23243288547547625,-0.05033574002966734,-0.32560894130464346,-0.09433439466712662,-0.002217040915187992,4.9011321240097805e-05,6393.791873218263,True,True,True,Z_mode_existing_controller,False,0.07831197579104432,0.0,3.007265176371021,False,False,False,-0.8011703403634465,1.691980010178065e-05,9.308371088507633e-05,0.0031082280308544034,0.3360531744141606,7.697280857210117e-05,0.00630256813219041,0.0,0.0,0.0,0.0,1.60645798131322e-07,20.0,0.0,-21.14361932726648,20.0,20.0,0.0,0.0,0.0,0.0,0.0,False,-69.93719247126137,1.0819944920417353,,1.0976379722627994
2,-106.41048534375386,-246.8119438364647,9.429954438579422,5.114050535251514,38.84973905491686,23.091027103962123,0.1,0.0,0.0,25.333112853294338,50.128652246558275,206.03542053282416,214.83857288559406,0.0,0.0,0.0,0.0,-8.326672684688674e-17,-5.898059818321144e-17,0.055419921875,0.0,nan,nan,0.000615085602912166,-7.045286629598605e-05,6439.613825086066,False,True,True,Omega_safe_one_step_QP,False,0.33251953125,0.0,0.0,False,False,False,-1.0302800997024588,6.605634191860628e-06,3.634067421771841e-05,0.003163134564356031,0.3419895197196327,0.00017091419858271476,0.01399453133267522,0.0,0.0,0.0,0.0,4.0492677080741634e-34,20.0,0.0,-21.386300491428983,20.0,20.0,0.0,0.0,0.0,0.0,0.0,False,0.1,-0.09203124791383743,-0.043280985206365585,25.328332611109094,50.12769589656191,201.53145336027995,213.67674523309475,-0.9203124642372131,-0.43280985951423645,-0.04608203276786739,-0.017177890844572198,-0.04608203276786743,-0.0171778908445721,0.0277099609375,0.0,-0.387939453125,-0.1954739998518343,0.0006175515709808325,-7.003001016852358e-05,6333.203339742312,False,True,True,Omega_safe_one_step_QP,False,0.3602294921875,0.0,4.917960632098284,False,False,False,-0.4982276729836894,9.750085953394621e-06,5.363976976861062e-05,0.0016200888452580651,0.1751596066561074,1.7293983430349835e-06,0.0001416039129514857,0.0,0.0,0.0,0.0,4.106897233621122e-06,20.0,0.0,-20.673586630219752,20.0,20.0,0.0,0.0,0.0,0.0,0.0,False,-106.41048534375386,1.652435817334616,,1.2834167594605888
3,-81.80865191794965,-328.62059575441435,11.219648440701649,4.515291163145866,43.56828910585275,22.05890819771989,0.1,0.0,0.0,25.351569708400795,50.12908365430438,202.39286335068564,214.0788240316916,0.0,0.0,0.0,0.0,-5.551115123125783e-17,1.0408340855860843e-17,0.055419921875,0.0,nan,nan,-0.001453839817614648,-5.511214305553436e-05,6541.724074037619,False,True,True,Omega_safe_one_step_QP,False,0.33251953125,0.0,0.0,False,False,False,-1.5408313444602255,1.3015476267534567e-05,7.160420469691353e-05,0.00132682228251489,0.14345242224715565,5.772183210061095e-05,0.004726289533636869,0.0,0.0,0.0,0.0,5.585196838722984e-35,20.0,0.0,-21.689081660445716,20.0,20.0,0.0,0.0,0.0,0.0,0.0,False,0.1,-0.08959812670946121,-0.02731219492852688,25.343198445511966,50.12745269448832,199.00402940494544,213.75407604085188,-0.8959812521934509,-0.2731219530105591,-0.042256424607528306,-0.009986925480577898,-0.04225642460752824,-0.009986925480578009,0.0277099609375,0.0,-0.387939453125,-0.12670240144210765,-0.0014566931916025726,-5.562233411817608e-05,6459.9154221196695,False,True,True,Omega_safe_one_step_QP,False,0.3602294921875,0.0,4.342054929599962,False,False,False,-1.131788084870477,1.8873062945971823e-05,0.00010382952069237532,0.0006387871849998753,0.06906393583848007,5.980053828371085e-07,4.896494929397122e-05,0.0,0.0,0.0,0.0,6.634526066261652e-07,20.0,0.0,-21.20100547863155,20.0,20.0,0.0,0.0,0.0,0.0,0.0,False,-81.80865191794965,1.2505671439525652,,1.2750787050154082
4,-67.61784058674857,-396.2384363411629,8.180747852859035,5.124322915443516,41.963232760660105,21.97674872425784,0.1,0.0,0.0,25.335978745161526,50.12925544062153,205.46538963108094,214.7383929584833,0.0,0.0,0.0,0.0,-2.7755575615628914e-17,-1.0755285551056204e-16,0.055419921875,0.0,nan,nan,0.0019633658075263855,-0.0001130195061016263,6291.3588785704,False,True,True,Omega_safe_one_step_QP,False,0.33251953125,0.0,0.0,False,False,False,-0.2890053671241276,1.1464829301735038e-06,6.307337259600036e-06,0.0009440417743719744,0.10206723313349444,4.350311691891636e-05,0.003562054749337715,0.0,0.0,0.0,0.0,1.4685215825952675e-34,0.0,0.0,-0.39464096234421936,0.0,0.0,0.0,0.0,0.0,0.0,0.0,False,0.1,-0.08578013628721237,-0.02848614752292633,25.324854096614974,50.12708718204176,202.51005350450515,214.38492165560913,-0.8578013181686401,-0.2848614752292633,-0.043576484479893374,-0.01117621785914788,-0.043576484479893235,-0.011176217859148015,0.0277099609375,0.0,-0.387939453125,-0.13803021351188205,0.001966962376354635,-0.00011228172753611708,6223.741037983651,False,True,True,Omega_safe_one_step_QP,False,0.3602294921875,0.0,4.498686302979484,False,False,False,0.04908383580961526,3.8012186476204217e-06,2.0912276473575044e-05,0.0012292204986693474,0.13289998241192152,3.979661896584508e-05,0.003258565032457057,0.0,0.0,0.0,0.0,3.1569744283529994e-08,0.0,0.0,-0.08709565548098118,0.0,0.0,0.0,0.0,0.0,0.0,0.0,False,-67.61784058674857,1.0747732229529645,,1.2357761746765654
5,-25.727493252870772,-421.9659295940337,9.735425558453946,5.45683832502704,39.43963098006137,24.250146546411344,0.1,0.0,0.0,25.374186524509067,50.1287458485908,197.94010278487806,213.09525730469926,0.0,0.0,0.0,0.0,-6.938893903907228e-17,9.020562075079397e-17,0.26014284641297625,-0.05033574002966734,nan,nan,0.0005062658447729719,-2.8410539794332043e-05,6277.605264261771,True,True,True,Z_mode_existing_controller,False,0.05060201485354432,0.0,0.0,False,False,False,-0.2202372955809824,1.7899549610885522e-07,9.847376983947943e-07,0.005662994211763401,0.6122675565180412,0.00026998947767363144,0.022106859676539324,0.0,0.0,0.0,0.0,4.084175188316182e-34,0.0,0.0,-0.8546126965132613,0.0,0.0,0.0,0.0,0.0,0.0,0.0,False,0.1,-0.09247786551713943,0.0010325106559321284,25.360767357405745,50.12613670296803,196.7968317415879,213.84831303525456,-0.9247786402702332,0.010325105860829353,-0.030191755989730108,-0.0008722407036086122,-0.03019175598973005,-0.0008722407036086052,0.23243288547547625,-0.05033574002966734,-0.32560894130464346,-0.04410523147084342,0.0005063097370650951,-2.841023841969968e-05,6251.8777710089,True,True,True,Z_mode_existing_controller,False,0.07831197579104432,0.0,3.0204352891403325,False,False,False,-0.09159982931662852,1.7756089073312443e-06,9.76845265196683e-06,0.003264090291227121,0.35290457876727693,2.879488114388356e-05,0.002357737799026203,0.0,0.0,0.0,0.0,2.853229019772641e-06,0.0,0.0,-0.44687476756460337,0.0,0.0,0.0,0.0,0.0,0.0,0.0,False,-25.727493252870772,0.40982973872754735,,1.1005451427391335
6,-32.24648019567758,-454.2124097897113,11.129038518884824,5.806353995408957,39.76582947013406,25.319382245548915,0.1,0.0,0.0,25.384315383766783,50.12876158947622,195.94397254096114,212.6632757449798,0.0,0.0,0.0,0.0,3.469446951953614e-17,-4.163336342344337e-17,0.26014284641297625,-0.05033574002966734,nan,nan,-0.0006785420075836143,2.4555597099259384e-05,6373.6686007851895,True,True,True,Z_mode_existing_controller,False,0.05060201485354432,0.0,0.0,False,False,False,-0.700553978198077,1.0484164468086485e-06,5.767827801442214e-06,0.0003984535950679834,0.04307972071229371,1.8660806793764552e-05,0.0015279552403128882,0.0,0.0,0.0,0.0,2.8214873685273007e-34,0.0,0.0,-0.7451674219784851,0.0,0.0,0.0,0.0,0.0,0.0,0.0,False,0.1,-0.09218325465917587,0.00046787370229139924,25.370025058316152,50.12595564649566,194.5561138662846,213.3382570050113,-0.9218325614929199,0.004678736906498671,-0.03013804778951496,-0.00118271742912808,-0.030138047789515086,-0.0011827174291280385,0.23243288547547625,-0.05033574002966734,-0.32560894130464346,-0.04750341330726645,-0.0006789832462846519,2.4337233411110082e-05,6341.422120589512,True,True,True,Z_mode_existing_controller,False,0.07831197579104432,0.0,3.0161245748149383,False,False,False,-0.5393215772196891,4.097250707683749e-06,2.2540886890121772e-05,0.0005020816596703815,0.05428370565880965,2.6015715398753055e-05,0.0021301784597703485,0.0,0.0,0.0,0.0,9.928036785959994e-10,0.0,0.0,-0.595758003217963,0.0,0.0,0.0,0.0,0.0,0.0,0.0,False,-32.24648019567758,0.5059328028398754,,1.0157895903590857
7,-36.92394546122159,-491.13635525093287,11.651923300642322,4.61661721404893,41.25323727973476,20.821333125796535,0.1,0.0,0.0,25.37502113043285,50.12952689091682,197.76797701976406,213.09031942293137,0.0,0.0,0.0,0.0,1.0755285551056204e-16,-1.1102230246251565e-16,0.26014284641297625,-0.05033574002966734,nan,nan,-0.001917189098549973,-9.643220911681249e-05,6473.45747655645,True,True,True,Z_mode_existing_controller,False,0.05060201485354432,0.0,0.0,False,False,False,-1.199498357054381,7.6228060291675785e-06,4.193661085141172e-05,0.00033269923386931096,0.03597053773310442,1.8236630287839498e-05,0.001493223477522098,0.0,0.0,0.0,0.0,1.0123169270185409e-34,20.0,0.0,-21.237004054875857,20.0,20.0,0.0,0.0,0.0,0.0,0.0,False,0.1,-0.09149131923913956,0.00028634589398279786,25.359657891549773,50.12648345783656,196.19813045622163,213.7170727604598,-0.9149131774902344,0.002863458823412657,-0.02995307450982814,-0.0012731801731915432,-0.029953074509828228,-0.0012731801731915779,0.23243288547547625,-0.05033574002966734,-0.32560894130464346,-0.04858920290354414,-0.0019180414213346912,-9.68519605625709e-05,6436.533531095229,True,True,True,Z_mode_existing_controller,False,0.07831197579104432,0.0,2.9980121086225413,False,False,False,-1.014878629748273,1.4916046726031975e-05,8.206012911749053e-05,0.0002696218481628476,0.02915078207490177,1.4350137657603905e-05,0.0011749957156447183,0.0,0.0,0.0,0.0,4.239862226161821e-10,20.0,0.0,-21.045286468091923,20.0,20.0,0.0,0.0,0.0,0.0,0.0,False,-36.92394546122159,0.570389866542589,,0.9594631312244012
8,-71.85411158100305,-562.9904668319359,7.85775791346149,3.3433466226028337,34.92319977136132,23.277455100198804,0.1,0.0,0.0,25.348653461052034,50.12815385438599,202.98288253539593,214.11866524399392,0.0,0.0,0.0,0.0,9.71445146547012e-17,-1.0061396160665481e-16,0.055419921875,0.0,nan,nan,0.0013791662181974335,-9.909863512566421e-05,6200.571830291558,False,True,True,Omega_safe_one_step_QP,False,0.33251953125,0.0,0.0,False,False,False,0.16492987427007846,8.812552701443198e-07,4.848196213230129e-06,0.0027195239536967693,0.2940275451038674,0.00010574951276967976,0.008658817594690412,0.0,0.0,0.0,0.0,2.1666711874356403e-36,0.0,0.0,-0.13776133662469262,0.0,0.0,0.0,0.0,0.0,0.0,0.0,False,0.1,-0.09249339997768402,-0.011661260388791561,25.332068174195456,50.12484183098164,199.79213631291944,214.48822329164562,-0.9249339699745178,-0.11661259829998016,-0.04456430941762746,-0.003518229109283323,-0.04456430941762741,-0.0035182291092832364,0.0277099609375,0.0,-0.387939453125,-0.05240369636104731,0.0013832700030870834,-9.823421390967687e-05,6128.717718710555,False,True,True,Omega_safe_one_step_QP,False,0.3602294921875,0.0,4.470297092963101,False,False,False,0.5242004321750937,4.841747098379429e-06,2.6636708730192227e-05,0.0012916878097978125,0.13965377846338667,5.9467314174815766e-05,0.004869210389719289,0.0,0.0,0.0,0.0,2.185284302563356e-06,0.0,0.0,0.3796486213289551,0.0,0.0,0.0,0.0,0.0,0.0,0.0,False,-71.85411158100305,1.1588304038342925,,0.9810036010305581
9,-30.107945253352227,-593.0984120852881,13.117016278383195,7.257014951399635,38.16756877277266,27.738175271813045,0.1,0.0,0.0,25.376048258178916,50.12754080859929,197.59017330162894,212.92508705649752,0.0,0.0,0.0,0.0,-1.0408340855860843e-16,5.551115123125783e-17,0.26014284641297625,-0.05033574002966734,nan,nan,-0.0016415314343641203,0.00011781977237850145,6620.922100697151,True,True,True,Z_mode_existing_controller,False,0.05060201485354432,0.0,0.0,False,False,False,-1.9368214777578852,5.938435990689596e-06,3.267010576612593e-05,0.0029081312879955788,0.31441925793179815,0.00014246288896671897,0.011664925324640701,0.0,0.0,0.0,0.0,6.486772793939259e-34,20.0,0.0,-22.26293833112009,20.0,20.0,0.0,0.0,0.0,0.0,0.0,False,0.1,-0.09365639090538025,0.0008754808804951608,25.357007678308847,50.12373522487705,196.31627291132622,213.63297902964618,-0.9365639090538025,0.008754808455705643,-0.0306988461533789,-0.0009783284162166658,-0.03069884615337895,-0.0009783284162165895,0.23243288547547625,-0.05033574002966734,-0.32560894130464346,-0.04511927861000654,-0.001641688394365434,0.00011735109731204733,6590.814155443799,True,True,True,Z_mode_existing_controller,False,0.07831197579104432,0.0,3.0714431162546365,False,False,False,-1.786281751491124,1.4104109418059878e-05,7.759328334050479e-05,0.0012081626386535164,0.13062326376887404,7.314427476829757e-05,0.005989086065048949,0.0,0.0,0.0,0.0,1.9870216706286393e-06,20.0,0.0,-21.922973681630058,20.0,20.0,0.0,0.0,0.0,0.0,0.0,False,-30.107945253352227,0.45473945766832097,,0.9265692107971055
10,-64.42202174635531,-657.5204338316435,10.04160401780957,5.518794861095725,42.146754758562814,26.0872690764906,0.1,0.0,0.0,25.353674266195064,50.13043063924014,201.96748202647424,214.0196460690409,0.0,0.0,0.0,0.0,-8.326672684688674e-17,-2.42861286636753e-17,0.055419921875,0.0,nan,nan,0.00030066490005989377,4.151345879484057e-05,6406.04202184581,False,True,True,Omega_safe_one_step_QP,False,0.33251953125,0.0,0.0,False,False,False,-0.8624210835011809,3.1334427178299277e-06,1.7238529667423965e-05,0.0019160831672606843,0.20716170898905778,0.00011980594319399506,0.009809764430177864,0.0,0.0,0.0,0.0,6.800940116117427e-35,0.0,0.0,-1.0794097954500839,0.0,0.0,0.0,0.0,0.0,0.0,0.0,False,0.1,-0.09158037602901459,-0.01762182079255581,25.33367666244592,50.126402388966596,199.19905025093004,214.18778586297424,-0.9158037304878235,-0.1762181967496872,-0.04348214967121944,-0.005957056081598796,-0.043482149671219446,-0.0059570560815987925,0.0277099609375,0.0,-0.387939453125,-0.07997891911712227,0.00030054397825358525,4.149927976678376e-05,6341.620000099455,False,True,True,Omega_safe_one_step_QP,False,0.3602294921875,0.0,4.3888311168119065,False,False,False,-0.5403109747694043,1.0311848132623025e-05,5.673028549355492e-05,0.0008310405189733276,0.08984984425065179,3.078106223075078e-05,0.002520367198356525,0.0,0.0,0.0,0.0,1.882005779952753e-06,20.0,0.0,-20.632739798509686,20.0,20.0,0.0,0.0,0.0,0.0,0.0,False,-64.42202174635531,1.0056446949093385,,0.9337630224037514
11,-54.376994813687816,-711.8974286453313,12.523056251527546,4.724571177482252,38.21251000049988,25.13415195873804,0.1,0.0,0.0,25.36404496478967,50.13246675699258,199.8995592152299,213.68852004457426,0.0,0.0,0.0,0.0,-3.469446951953614e-17,5.204170427930421e-17,0.26014284641297625,-0.05033574002966734,nan,nan,-0.002848830846462448,3.257867563062904e-05,6618.281792238715,True,True,True,Z_mode_existing_controller,False,0.05060201485354432,0.0,0.0,False,False,False,-1.9236199354657038,1.8717152700506215e-05,0.00010297178572354347,0.0004276304753264652,0.04623424577706814,1.096444440790828e-05,0.0008977736319407594,0.0,0.0,0.0,0.0,8.185202263645752e-35,20.0,0.0,-21.970854926660436,20.0,20.0,0.0,0.0,0.0,0.0,0.0,False,0.1,-0.09457708895206451,-0.0003600155177991837,25.341884562094837,50.12800235908268,197.61836384895093,214.6791886262853,-0.9457708597183228,-0.003600155236199498,-0.04340247988022952,0.0015033809327059562,-0.04340247988022952,0.0015033809327060221,0.0277099609375,0.0,-0.387939453125,-0.0015822039003810105,-0.002850663094061936,3.182441618906318e-05,6563.904797425027,False,True,True,Omega_safe_one_step_QP,False,0.3602294921875,0.0,4.342850923048766,False,False,False,-1.6517349613972647,3.4843893522590795e-05,0.00019169250766892264,0.0002498569501401658,0.027013854971561606,2.414766757897575e-05,0.001977221865399651,0.0,0.0,0.0,0.0,5.566446772000572e-07,20.0,0.5368682743165789,-22.21778656170315,20.53686827431658,20.53686827431658,0.0,0.0,0.0,0.0,0.0,False,-54.376994813687816,0.821618004803844,,0.9241282807339537
12,-55.986204347779676,-767.883632993111,10.980917736364011,4.8137246690121005,39.842974130452305,24.20774347142913,0.1,0.0,0.0,25.325456868060282,50.133998120991606,207.4891297671374,215.39107124299827,0.0,0.0,0.0,0.0,-2.7755575615628914e-17,1.249000902703301e-16,0.055419921875,0.0,nan,nan,-0.0011225327453932218,-9.162962573329046e-06,6641.72052705226,False,True,True,Omega_safe_one_step_QP,False,0.33251953125,0.0,0.0,False,False,False,-2.0408136095334295,2.267722270080913e-05,0.00012475797756833167,0.005760158116238128,0.6227726540247485,0.00028986805832550126,0.0237345267872216,0.0,0.0,0.0,0.0,5.356492657827e-35,20.0,0.0,-22.68744554832297,20.0,20.0,0.0,0.0,0.0,0.0,0.0,False,0.1,-0.08962951600551605,-0.03817656636238098,25.301511338615878,50.129138244185704,205.12197615970422,214.70568691386737,-0.8962951302528381,-0.3817656636238098,-0.04829604258385917,-0.015883662685936443,-0.048296042583859056,-0.01588366268593647,0.0277099609375,0.0,-0.387939453125,-0.17704064628068766,-0.0011234929616201804,-9.435759984441935e-06,6585.73432270448,False,True,True,Omega_safe_one_step_QP,False,0.3602294921875,0.0,5.0840913343315695,False,False,False,-1.7608825877945309,4.1677519111695566e-05,0.00022928746888635122,0.005630419771008822,0.6087456964383825,7.021592447814417e-08,5.749311428252068e-06,0.0,0.0,0.0,0.0,3.262562417309306e-06,20.0,5.791412529886493,-28.16127911346214,25.791412529886493,25.791412529886493,0.0,0.0,0.0,0.0,0.0,False,-55.986204347779676,0.8429473073993912,,0.917684616651366
13,-45.66503458371517,-813.5486675768261,7.9504007004491015,4.779745319431752,37.35718828257699,21.04253026795486,0.1,0.0,0.0,25.319035775980755,50.13586924444095,208.73331289938415,215.75788346561205,0.0,0.0,0.0,0.0,0.0,-1.0495077029659683e-16,0.055419921875,0.0,nan,nan,0.0019431020504735892,-0.00015973194529420747,6343.427202080937,False,True,True,Omega_safe_one_step_QP,False,0.33251953125,0.0,0.0,False,False,False,-0.549346984676813,4.347149024749543e-06,2.391569407203236e-05,0.0001547991666567325,0.016736465547336935,1.3455120665886731e-05,0.0011017113224361516,0.0,0.0,0.0,0.0,5.3601790081111785e-34,20.0,0.0,-20.56720907724066,20.0,20.0,0.0,0.0,0.0,0.0,0.0,False,0.1,-0.08879896253347397,-0.025073116645216942,25.293255847751364,50.1306585519662,206.67554032325776,215.64565158872077,-0.8879895806312561,-0.2507311701774597,-0.04931888244130539,-0.01082231327820099,-0.04931888244130536,-0.010822313278200978,0.0277099609375,0.0,-0.387939453125,-0.11736202704368943,0.0019434931201681139,-0.00015918735604955231,6297.7621674972215,False,True,True,Omega_safe_one_step_QP,False,0.3602294921875,0.0,5.049232248521373,False,False,False,-0.3210218117582372,1.4852294502007272e-05,8.170939840236988e-05,0.00024135616102778274,0.026094772736318914,8.835335899722573e-05,0.007234412711682258,0.0,0.0,0.0,0.0,2.6663459201165203e-07,20.0,0.0,-20.354432973239234,20.0,20.0,0.0,0.0,0.0,0.0,0.0,False,-45.66503458371517,0.7198795403332592,,0.9037458555856177
14,-25.605624627888574,-839.1542922047147,7.689981108257118,3.9376451446230645,38.343600019276266,24.51604764647447,0.1,0.0,0.0,25.35962267182422,50.13491756811316,200.7436040422787,213.99017845695363,0.0,0.0,0.0,0.0,-4.85722573273506e-17,-1.249000902703301e-16,0.055419921875,0.0,nan,nan,0.001896726109065732,-5.336096672240993e-05,6129.596262559452,False,True,True,Omega_safe_one_step_QP,False,0.33251953125,0.0,0.0,False,False,False,0.5198077129306102,2.8042956540480577e-07,1.5427738172285736e-06,0.006383544762130936,0.6901715253945844,0.0003124780997636081,0.025585847133702582,0.0,0.0,0.0,0.0,2.7572395492887575e-35,0.0,0.0,-0.19595120237149397,0.0,0.0,0.0,0.0,0.0,0.0,0.0,False,0.1,-0.09289922565221786,-0.004898529965430498,25.33228653091271,50.129406409243536,199.52266015570385,214.93140205453483,-0.9289922714233398,-0.04898529872298241,-0.04450388601790903,-0.000866874939776479,-0.04450388601790903,-0.0008668749397765917,0.0277099609375,0.0,-0.387939453125,-0.02191698688125907,0.0018955093144946496,-5.3050097954146004e-05,6103.9906379315635,False,True,True,Omega_safe_one_step_QP,False,0.3602294921875,0.0,4.451232798738181,False,False,False,0.6478358360700531,2.893120611485324e-06,1.591640568654316e-05,0.005116369469138615,0.5531679736853466,5.101523970848305e-05,0.0041771507368288715,0.0,0.0,0.0,0.0,1.2229494306748959e-06,0.0,0.0,0.09047357229276035,0.0,0.0,0.0,0.0,0.0,0.0,0.0,False,-25.605624627888574,0.4177375398163138,,0.8727624051895948
15,12.512569930029713,-826.641722274685,9.191717858518619,3.7139239089128857,42.10163184470773,23.144069550879568,0.1,0.0,0.0,25.39290872167623,50.13485548830078,194.18263849718886,212.57878493135766,0.0,0.0,0.0,0.0,-5.4643789493269423e-17,-9.020562075079397e-17,0.26014284641297625,-0.05033574002966734,nan,nan,0.00023316454007675917,-5.956727375488281e-05,6131.23961272827,True,True,True,Z_mode_existing_controller,False,0.05060201485354432,0.0,0.0,False,False,False,0.5115909620865204,3.373941465671126e-07,1.856162543555405e-06,0.004304626888385588,0.46540457011221414,0.0001992031684094219,0.01631084488586058,0.0,0.0,0.0,0.0,1.2405697180838095e-35,0.0,0.0,0.02987369092590216,0.0,0.0,0.0,0.0,0.0,0.0,0.0,False,0.1,-0.09210948646068573,0.0002172179811168462,25.364676203390147,50.1291435278253,194.6143209956002,213.5100031260486,-0.9210948348045349,0.002172179752960801,-0.030209555424086685,-0.0013214384190197923,-0.030209555424086702,-0.001321438419019886,0.23243288547547625,-0.05033574002966734,-0.32560894130464346,-0.04901973313776406,0.00023155963954642807,-5.9704340776082343e-05,6143.7521826583,True,True,True,Z_mode_existing_controller,False,0.07831197579104432,0.0,3.0238443055425797,False,False,False,0.44902811243637186,2.1691360761453535e-06,1.1933429128459605e-05,0.0024091793310607014,0.26047392723415563,0.00020203749139018334,0.01654292052433945,0.0,0.0,0.0,0.0,2.0453451508214668e-06,0.0,0.0,0.1719972859035975,0.0,0.0,0.0,0.0,0.0,0.0,0.0,False,12.512569930029713,-0.20407895825917474,,0.8082107586641382
16,0.8276456219409738,-825.814076652744,11.987180815770644,6.332820621401006,40.33726951267451,29.072961242703016,0.1,0.0,0.0,25.395815169795924,50.13365100977764,193.624016108779,212.38372108982423,0.0,0.0,0.0,0.0,2.0816681711721685e-17,1.3183898417423734e-16,0.26014284641297625,-0.05033574002966734,nan,nan,-0.0011672170674506066,0.00015140404437345175,6403.804378736367,True,True,True,Z_mode_existing_controller,False,0.05060201485354432,0.0,0.0,False,False,False,-0.8512328679539632,1.0570413130453106e-06,5.815277212804433e-06,3.120589728327509e-05,0.0033738968757720633,3.8049902273777286e-06,0.0003115543085309585,0.0,0.0,0.0,0.0,5.4998089290792535e-34,0.0,0.0,-0.854924134415479,0.0,0.0,0.0,0.0,0.0,0.0,0.0,False,0.1,-0.09233730286359787,0.00018994264246430248,25.368022419534334,50.12799379328548,193.5601386616674,213.22944274058815,-0.9233729839324951,0.0018994263373315334,-0.03032414734163645,-0.001340227349262528,-0.030324147341636472,-0.0013402273492624656,0.23243288547547625,-0.05033574002966734,-0.32560894130464346,-0.04918781891981208,-0.0011642143340377983,0.00015147447657125365,6404.632024358308,True,True,True,Z_mode_existing_controller,False,0.07831197579104432,0.0,3.0353749708149462,False,False,False,-0.8553710960636681,7.351845710418426e-06,4.044593177600587e-05,0.00011113003931760066,0.012015078081380168,7.871412988970663e-06,0.0006445148303653997,0.0,0.0,0.0,0.0,1.3484331467393694e-10,0.0,0.0,-0.868071135042033,0.0,0.0,0.0,0.0,0.0,0.0,0.0,False,0.8276456219409738,-0.012924280208951188,,0.7598285209518046
17,-10.863693642610087,-836.6777702953541,12.676209749090782,4.726062781580947,39.15893519062662,26.784013115654705,0.1,0.0,0.0,25.377257445167988,50.136582484230814,197.24806780311192,213.31982200775806,0.0,0.0,0.0,0.0,-9.020562075079397e-17,1.3183898417423734e-16,0.26014284641297625,-0.05033574002966734,nan,nan,-0.002985825225658635,8.796626058082556e-05,6566.985449476765,True,True,True,Z_mode_existing_controller,False,0.05060201485354432,0.0,0.0,False,False,False,-1.667138221655955,1.4210953556698203e-05,7.818108277376926e-05,0.0013133750683197408,0.14199854596380432,8.762849285565557e-05,0.007175060346493654,0.0,0.0,0.0,0.0,1.232595164407831e-34,20.0,0.0,-21.816390009049027,20.0,20.0,0.0,0.0,0.0,0.0,0.0,False,0.1,-0.09396081417798996,-0.00027301505906507373,25.34957060375962,50.130907314408795,196.71566909464187,214.06471922755645,-0.9396081566810608,-0.0027301504742354155,-0.030897263617127725,-0.0016240051858478974,-0.030897263617127777,-0.0016240051858478453,0.23243288547547625,-0.05033574002966734,-0.32560894130464346,-0.051957201312565045,-0.0029830408021641894,8.782947036850634e-05,6556.121755834155,True,True,True,Z_mode_existing_controller,False,0.07831197579104432,0.0,3.093991421885231,False,False,False,-1.6128197534429045,3.118963739516728e-05,0.00017158874055471713,0.0009957372313428065,0.1076564055640202,6.976868096820999e-05,0.005712690928814273,0.0,0.0,0.0,0.0,4.0899212577010435e-09,20.0,0.0,-21.726360442766214,20.0,20.0,0.0,0.0,0.0,0.0,0.0,False,-10.863693642610087,0.16542892817701718,,0.725959792301623
18,-60.542448217170204,-897.2202185125243,10.12946966595472,3.5263349018999106,39.16666502926264,24.267876262701584,0.1,0.0,0.0,25.334409233734462,50.138800563999254,205.66902395482774,215.23945547128486,0.0,0.0,0.0,0.0,2.7755575615628914e-17,-3.8163916471489756e-17,0.055419921875,0.0,nan,nan,-0.0009834029939435342,-2.3158228830333707e-05,6505.978899064408,False,True,True,Omega_safe_one_step_QP,False,0.33251953125,0.0,0.0,False,False,False,-1.3621054695941712,1.7349569615100214e-05,9.544807340026042e-05,0.007091250250912041,0.7666867210927071,0.00036849926342918715,0.030172885172157046,0.0,0.0,0.0,0.0,4.281583007615874e-34,20.0,0.0,-22.159060523932435,20.0,20.0,0.0,0.0,0.0,0.0,0.0,False,0.1,-0.09306693822145462,-0.038577839732170105,25.306445314912278,50.13303138441688,203.06791168323497,214.50038192802097,-0.930669367313385,-0.38577839732170105,-0.04823051240514678,-0.015857548384960157,-0.0482305124051467,-0.015857548384960174,0.0277099609375,0.0,-0.387939453125,-0.17229380042908768,-0.0009836764607554123,-2.3175688265228075e-05,6445.436450847238,False,True,True,Omega_safe_one_step_QP,False,0.3602294921875,0.0,5.077050489845821,False,False,False,-1.05939322850832,3.733337234196553e-05,0.00020538829161927862,0.004035098590433597,0.43626390243207797,1.8980198857603725e-05,0.0015541072059299633,0.0,0.0,0.0,0.0,5.030352655483562e-06,20.0,0.05364256308557374,-21.551064219876178,20.053642563085575,20.053642563085575,0.0,0.0,0.0,0.0,0.0,False,-60.542448217170204,0.9305663168670361,,0.7368927421601527
19,-51.06333850723058,-948.2835570197549,11.863829337127763,4.556472352765624,43.88048729842209,25.02321516201445,0.1,0.0,0.0,25.328555469767483,50.14009807157092,206.8077583067015,215.55079088606922,0.0,0.0,0.0,0.0,9.71445146547012e-17,-2.949029909160572e-17,0.055419921875,0.0,nan,nan,-0.002082541308128351,4.716908399297903e-05,6719.044808659946,False,True,True,Omega_safe_one_step_QP,False,0.33251953125,0.0,0.0,False,False,False,-2.427435017571861,3.131312571844863e-05,0.00017226810740969515,0.00012967159241373315,0.014019740453211117,9.692974049895356e-06,0.0007936650680453593,0.0,0.0,0.0,0.0,4.890056499420716e-35,20.0,4.594745945067752,-27.037166636268278,24.59474594506775,24.59474594506775,0.0,0.0,0.0,0.0,0.0,False,0.1,-0.09067678451538086,-0.030896535143256187,25.298594557492795,50.1339496226616,204.6499344107865,215.17140847113595,-0.9067678451538086,-0.3089653551578522,-0.04844591091317227,-0.013020591434718261,-0.04844591091317242,-0.013020591434718332,0.0277099609375,0.0,-0.387939453125,-0.1416252991048393,-0.002083472444697282,4.6667960749520974e-05,6667.981470152716,False,True,True,Omega_safe_one_step_QP,False,0.3602294921875,0.0,5.016514811616612,False,False,False,-2.172118325035708,5.8545681843882275e-05,0.00032208709852027596,0.0002502795910489589,0.02705954975895408,4.5027662156483535e-05,0.0036868851980197724,0.0,0.0,0.0,0.0,8.0947212547852e-08,20.0,23.385171079424566,-45.58835800746298,43.385171079424566,43.385171079424566,0.0,0.0,0.0,0.0,0.0,False,-51.06333850723058,0.7599791333645639,0.7381001128804171,0.7381001128804171
20,-53.91324218173031,-1002.1967992014852,8.853303700665847,5.741231926016103,38.86858949120485,22.306221189980768,0.1,0.0,0.0,25.307152591530865,50.142975795904455,210.99316003399423,216.60371018000666,0.0,0.0,0.0,0.0,2.7755575615628914e-17,-1.0755285551056204e-16,0.055419921875,0.0,nan,nan,0.001505329541926549,-0.00010363569579482717,6494.034052004836,False,True,True,Omega_safe_one_step_QP,False,0.33251953125,0.0,0.0,False,False,False,-1.3023812342963084,1.0662852728535162e-05,5.8661325466171374e-05,0.0017517587618825071,0.1893954004966026,0.00011086390395457076,0.009077586241637415,0.0,0.0,0.0,0.0,1.0908587575630828e-34,20.0,0.0,-21.500912882360016,20.0,20.0,0.0,0.0,0.0,0.0,0.0,False,0.1,-0.09424950927495956,-0.03266814351081848,25.27555180839719,50.13649994038398,208.60549213835048,216.10833444042228,-0.9424950480461121,-0.3266814351081848,-0.054669362578074726,-0.014816282136869436,-0.054669362578074865,-0.01481628213686932,0.0277099609375,0.0,-0.387939453125,-0.14406965949465086,0.001505128779805888,-0.00010325711045173168,6440.120809823105,False,True,True,Omega_safe_one_step_QP,False,0.3602294921875,0.0,5.664151676157973,False,False,False,-1.0328150233876567,2.906128204124586e-05,0.0001598796651972443,0.0015646436936091153,0.1691650274191451,8.778302719231387e-05,0.0071877136873762255,0.0,0.0,0.0,0.0,4.195585572316851e-07,20.0,0.0,-21.209328063717933,20.0,20.0,0.0,0.0,0.0,0.0,0.0,False,-53.91324218173031,0.8301964811084758,0.724278769458238,0.742531286964543
21,-24.299384815042686,-1026.4961840165279,7.459176426082062,4.90185007129531,39.296552995982395,20.718492608000165,0.1,0.0,0.0,25.343020848050124,50.14348007436208,203.91613889912293,215.11468491902232,0.0,0.0,0.0,0.0,-1.3877787807814457e-17,1.0928757898653885e-16,0.055419921875,0.0,nan,nan,0.0025577996713778547,-0.000169577714971363,6177.955021903706,False,True,True,Omega_safe_one_step_QP,False,0.33251953125,0.0,0.0,False,False,False,0.2780139162093383,6.922269007273369e-07,3.808262999950849e-06,0.0050084228143415085,0.5414970744939557,0.00022171962278494652,0.018154502281630038,0.0,0.0,0.0,0.0,4.875311098284001e-34,0.0,0.0,-0.28164146882924734,0.0,0.0,0.0,0.0,0.0,0.0,0.0,False,0.1,-0.09116282314062119,-0.010001539252698421,25.309611640216385,50.13666190916943,202.73858233549996,215.76451927609966,-0.911628246307373,-0.10001538693904877,-0.04681441238066175,-0.004060416983953952,-0.04681441238066179,-0.004060416983953974,0.0277099609375,0.0,-0.387939453125,-0.0456011978007164,0.0025552533952310787,-0.00016930292659933087,6153.655637088664,False,True,True,Omega_safe_one_step_QP,False,0.3602294921875,0.0,4.699017123431503,False,False,False,0.3995108402845517,5.812184982997464e-06,3.197554009583015e-05,0.0034420630634783636,0.3721465116243969,1.1820886721819062e-05,0.0009678995132077441,0.0,0.0,0.0,0.0,1.7738887779153836e-06,0.0,0.0,0.026362679718073326,0.0,0.0,0.0,0.0,0.0,0.0,0.0,False,-24.299384815042686,0.3933240810088473,0.6903359412213216,0.7272467464738953
22,19.27987188080624,-1007.2163121357216,10.369452493583278,4.348944059935537,39.83904910238336,19.325063261912863,0.1,0.0,0.0,25.38882149169588,50.14156567647427,194.90947539043765,213.07445506253617,0.0,0.0,0.0,0.0,-1.1557595158695477e-16,1.1796119636642288e-16,0.26014284641297625,-0.05033574002966734,nan,nan,-0.0007614663465900451,-0.00016615599581293577,6270.102711140083,True,True,True,Z_mode_existing_controller,False,0.05060201485354432,0.0,0.0,False,False,False,-0.18272452997254277,1.1507388746558818e-06,6.3307511949513715e-06,0.0081119987558683,0.8770472776425968,0.0004162537867297495,0.034083046985210044,0.0,0.0,0.0,0.0,1.0417748154501474e-34,0.0,0.0,-1.0938611853515445,0.0,0.0,0.0,0.0,0.0,0.0,0.0,False,0.1,-0.09272443503141403,0.00015403504949063063,25.354555905445732,50.134564544006324,195.5967342551932,214.0317713619932,-0.9272443652153015,0.0015403504949063063,-0.03050420253802977,-0.0013663287048771428,-0.030504202538029858,-0.0013663287048770179,0.23243288547547625,-0.05033574002966734,-0.32560894130464346,-0.04940871361665338,-0.0007606072398038577,-0.00016628711427146153,6289.382583020889,True,True,True,Z_mode_existing_controller,False,0.07831197579104432,0.0,3.053478715516001,False,False,False,-0.27912388937657395,9.576234713743192e-06,5.2683333024004956e-05,0.005100599400218112,0.5514629566567187,0.0003002415333840268,0.024583911583447315,0.0,0.0,0.0,0.0,2.732810567661475e-06,0.0,0.0,-0.8552261737603316,0.0,0.0,0.0,0.0,0.0,0.0,0.0,False,19.27987188080624,-0.30748893230332125,0.5931968748414324,0.6832366345050569
23,5.7821629156169365,-1001.4341492201047,11.265991194229585,4.136902953870246,38.77077777198832,26.595106225472176,0.1,0.0,0.0,25.37738971217742,50.13832645741568,197.20101019497073,213.37118035522644,0.0,0.0,0.0,0.0,7.979727989493313e-17,2.7755575615628914e-17,0.26014284641297625,-0.05033574002966734,nan,nan,-0.001883884170731354,6.0964632865829994e-05,6419.212186536007,True,True,True,Z_mode_existing_controller,False,0.05060201485354432,0.0,0.0,False,False,False,-0.9282719069521636,7.312845832148263e-06,4.023137525810286e-05,0.0005251131760386488,0.056773810667289475,8.804589932212571e-06,0.0007209237775413642,0.0,0.0,0.0,0.0,4.630775359471142e-34,20.0,0.0,-20.98580687277225,20.0,20.0,0.0,0.0,0.0,0.0,0.0,False,0.1,-0.09382791072130203,0.0002876154612749815,25.343832445276146,50.13142352639905,197.32453606487732,214.2441935494754,-0.9382790923118591,0.002876154612749815,-0.030906344503932016,-0.0013090683197251457,-0.030906344503931954,-0.0013090683197252186,0.23243288547547625,-0.05033574002966734,-0.32560894130464346,-0.048625146069019146,-0.0018815522383493918,6.102033120692057e-05,6424.994349451624,True,True,True,Z_mode_existing_controller,False,0.07831197579104432,0.0,3.0934055512677823,False,False,False,-0.9571827215302483,2.3370642280425237e-05,0.0001285728020510538,0.0002985299093547683,0.03227624315216814,4.512318573471863e-06,0.0003694706711502594,0.0,0.0,0.0,0.0,1.6499691244733504e-09,20.0,0.0,-20.989957009805586,20.0,20.0,0.0,0.0,0.0,0.0,0.0,False,5.7821629156169365,-0.09007589634978493,0.5253687625635179,0.6509684647859263
24,-39.32730242603702,-1040.7614516461417,6.762924479377055,4.4343071744893,35.88568772598753,25.195402746389238,0.1,0.0,0.0,25.3510265298874,50.13999386183242,202.37830473238665,214.56638002304337,0.0,0.0,0.0,0.0,4.163336342344337e-17,8.326672684688674e-17,0.055419921875,0.0,nan,nan,0.0030505681514931622,-5.300513567563323e-05,6069.065609644796,False,True,True,Omega_safe_one_step_QP,False,0.33251953125,0.0,0.0,False,False,False,0.8224609775038926,1.3223713724267083e-06,7.274981605764663e-06,0.00268043787271567,0.289801664165043,0.00014285022459496814,0.011696640539823196,0.0,0.0,0.0,0.0,4.5379724314624245e-35,0.0,0.0,0.5209553978174205,0.0,0.0,0.0,0.0,0.0,0.0,0.0,False,0.1,-0.09454189985990524,-0.00639384938403964,25.317740443241902,50.13310497462812,200.51676694617194,215.30259093143215,-0.9454190135002136,-0.06393849104642868,-0.04641096441068706,-0.0019180373854126923,-0.04641096441068698,-0.0019180373854125986,0.0277099609375,0.0,-0.387939453125,-0.028110285006098426,0.0030496481346148794,-5.226886248664217e-05,6029.738307218759,False,True,True,Omega_safe_one_step_QP,False,0.3602294921875,0.0,4.645058110445867,False,False,False,1.0190974896340776,2.2560311745078842e-06,1.2411479587959822e-05,0.0010190337999491025,0.11017516730073584,0.00011202050181329064,0.009172288993704718,0.0,0.0,0.0,0.0,2.407640817759085e-06,0.0,0.0,0.8997352142192314,0.0,0.0,0.0,0.0,0.0,0.0,0.0,False,-39.32730242603702,0.647996000628814,0.5041531003390286,0.6508556484633881
25,4.715525795065332,-1036.0459258510764,9.378053505667134,5.7356553993107,40.43209007639597,28.35166244827295,0.1,0.0,0.0,25.402957160017877,50.140181600739325,192.13830433968923,212.3836068187904,0.0,0.0,0.0,0.0,6.938893903907228e-17,-1.1796119636642288e-16,0.26014284641297625,-0.05033574002966734,nan,nan,0.0010401062119902334,9.392718725696465e-05,6100.5734405306275,True,True,True,Z_mode_existing_controller,False,0.05060201485354432,0.0,0.0,False,False,False,0.6649218230747329,3.7638203686832486e-06,2.070653110050643e-05,0.010485760804244341,1.1336919844472486,0.00047644988612047056,0.03901193063568444,0.0,0.0,0.0,0.0,4.126304905849653e-34,20.0,0.0,-20.507802798539302,20.0,20.0,0.0,0.0,0.0,0.0,0.0,False,0.1,-0.09253878146409988,0.0005948268226347864,25.368285017333466,50.13300739014843,192.21998312772638,213.25710687109859,-0.9253877997398376,0.0059482683427631855,-0.03051245729157813,-0.0011174406791024175,-0.030512457291578112,-0.0011174406791023966,0.23243288547547625,-0.05033574002966734,-0.32560894130464346,-0.04674872233320346,0.001039055205611261,9.395279558336867e-05,6105.288966325693,True,True,True,Z_mode_existing_controller,False,0.07831197579104432,0.0,3.053291213824342,False,False,False,0.6413441940994062,5.283464585830412e-07,2.9066802622994336e-06,0.006883662173002012,0.7442428618070603,0.00041840050410786833,0.03425882116816035,0.0,0.0,0.0,0.0,2.534034837025102e-06,0.0,0.0,-0.13716292959091378,0.0,0.0,0.0,0.0,0.0,0.0,0.0,False,4.715525795065332,-0.07729643517995541,0.4810063104596208,0.6240969013437186
26,-0.03980278900144185,-1036.0857286400778,9.630160823947547,7.224600631330433,37.31901312814872,24.168364759179077,0.1,0.0,0.0,25.416261143033942,50.14171789191945,189.49715290649405,211.90137433666467,0.0,0.0,0.0,0.0,8.326672684688674e-17,3.469446951953614e-17,0.055419921875,0.0,nan,nan,0.001507811139780095,-3.970905487032819e-05,6063.1109357552805,False,True,True,Omega_safe_one_step_QP,False,0.33251953125,0.0,0.0,False,False,False,0.852234346951468,9.333486351795238e-06,5.13478610795692e-05,0.0006975680893068935,0.07541916759471597,2.325481668171504e-05,0.0019041148329779114,0.0,0.0,0.0,0.0,2.3496345321524277e-34,20.0,0.0,-19.225140283337307,20.0,20.0,0.0,0.0,0.0,0.0,0.0,False,0.1,-0.08610345423221588,-0.0007185573922470212,25.38178020499483,50.134551071912306,189.38059232784656,212.64086325615952,-0.8610345125198364,-0.007185573689639568,-0.028425209209072263,-0.001749571370129023,-0.02842520920907227,-0.0017495713701289675,0.23243288547547625,-0.05033574002966734,-0.32560894130464346,-0.05499275505178775,0.001507634672769973,-3.975948457605522e-05,6063.071132966279,True,True,True,Z_mode_existing_controller,False,0.07831197579104432,0.0,2.847900136168222,False,False,False,0.8524333608964753,5.995118319285694e-07,3.2981941689457958e-06,0.0008062140114442179,0.08716566967209584,3.797561929531675e-05,0.0031094607616748565,0.0,0.0,0.0,0.0,4.7561937684620463e-08,20.0,0.0,-19.237845115293403,20.0,20.0,0.0,0.0,0.0,0.0,0.0,False,-0.03980278900144185,0.000656474694644254,0.4568903786335119,0.6021292070092504
27,-4.383524184685484,-1040.4692528247633,10.448139251788062,6.428865147068505,40.942031589421475,23.455056701219174,0.1,0.0,0.0,25.43439173966606,50.14016767783147,185.94076173245026,211.04620002044283,0.0,0.0,0.0,0.0,-8.326672684688674e-17,-6.245004513516506e-17,0.055419921875,0.0,nan,nan,0.00038288061883281,-3.6932751013157416e-05,6058.847493715171,False,True,True,Omega_safe_one_step_QP,False,0.33251953125,0.0,0.0,False,False,False,0.8735515571520136,8.538581200595613e-06,4.697471713991139e-05,0.0012647918182816609,0.13674585689576135,7.313231111255063e-05,0.005988106475543851,0.0,0.0,0.0,0.0,3.717044792667365e-34,20.0,0.0,-19.26922938093643,20.0,20.0,0.0,0.0,0.0,0.0,0.0,False,0.1,-0.08305277675390244,-0.01601417362689972,25.399953911854407,50.1329788387881,185.64781774865287,211.59874482286526,-0.8305277824401855,-0.1601417362689972,-0.026792465898792098,-0.00302214648755416,-0.026792465898792056,-0.003022146487554285,0.0277099609375,0.0,-0.387939453125,-0.08014520579413677,0.0003842507446345764,-3.699575253381603e-05,6054.463969530486,False,True,True,Omega_safe_one_step_QP,False,0.3602294921875,0.0,2.696237375177061,False,False,False,0.895469178075441,3.853998144435558e-07,2.1202641099199845e-06,0.0013933606059074615,0.15064636508992807,0.00010860108290116893,0.008892305437616072,0.0,0.0,0.0,0.0,4.2852981467548506e-08,20.0,0.0,-19.264071655569193,20.0,20.0,0.0,0.0,0.0,0.0,0.0,False,-4.383524184685484,0.07234914213028969,0.43274827724580134,0.5841093821930866
28,-4.43122360205416,-1044.9004764268175,10.403204452875865,4.863135367887592,38.58343686893549,24.50049296895633,0.1,0.0,0.0,25.432711609914453,50.13812498202494,186.2955571916316,210.99808375908958,0.0,0.0,0.0,0.0,0.0,5.551115123125783e-17,0.055419921875,0.0,nan,nan,-0.0005395378603142659,-1.5254505406104039e-05,6064.212545911585,False,True,True,Omega_safe_one_step_QP,False,0.33251953125,0.0,0.0,False,False,False,0.8467262961699453,3.6948462644263975e-06,2.0327072387012163e-05,1.258798178556924e-05,0.0013609784084423664,2.3151746066136165e-07,1.895675364688221e-05,0.0,0.0,0.0,0.0,2.084819164799183e-34,20.0,0.0,-19.154673966064532,20.0,20.0,0.0,0.0,0.0,0.0,0.0,False,0.1,-0.08510575443506241,-0.018559901043772697,25.398197172471757,50.13089105864368,186.00208600488526,211.47391656550514,-0.8510575294494629,-0.18559899926185608,-0.027845903911871903,-0.003964399716585652,-0.02784590391187182,-0.003964399716585569,0.0277099609375,0.0,-0.387939453125,-0.09064501037692313,-0.0005381783025184357,-1.5296397714068693e-05,6059.781322309531,False,True,True,Omega_safe_one_step_QP,False,0.3602294921875,0.0,2.8126692478534725,False,False,False,0.8688824141802161,2.700481274273426e-07,1.4856606855454261e-06,1.255059973739366e-05,0.001356936762903235,1.5582093835564748e-06,0.00012758688407327556,0.0,0.0,0.0,0.0,1.997572795021321e-08,0.0,0.0,0.8673963848968259,0.0,0.0,0.0,0.0,0.0,0.0,0.0,False,-4.43122360205416,0.07307170664790823,0.38004275316950925,0.5672844513930246
29,-5.54583268821807,-1050.4463091150355,9.000910012392438,5.482904133718861,32.223634266168695,23.813269234557914,0.1,0.0,0.0,25.417494709385885,50.13657632567166,189.31310046370677,211.54709980142323,0.0,0.0,0.0,0.0,-1.3183898417423734e-16,-1.249000902703301e-16,0.055419921875,0.0,nan,nan,0.0011046544543758452,-7.524389606977482e-05,5997.068943292016,False,True,True,Omega_safe_one_step_QP,False,0.33251953125,0.0,0.0,False,False,False,1.1824443092677894,7.129994698544315e-06,3.922542589977639e-05,0.0009105567398846226,0.098446922132133,3.0141861473970154e-05,0.0024680291533443837,0.0,0.0,0.0,0.0,4.9929733808239094e-34,20.0,0.0,-18.91850986744359,20.0,20.0,0.0,0.0,0.0,0.0,0.0,False,0.1,-0.0891929566860199,-0.0010119895450770855,25.382903477201697,50.129299910664564,188.9612437169305,212.24055158297722,-0.891929566860199,-0.010119895450770855,-0.029460378223995626,-0.001961707791771239,-0.029460378223995703,-0.0019617077917712805,0.23243288547547625,-0.05033574002966734,-0.32560894130464346,-0.0566673217531569,0.001103707660540275,-7.527141461915646e-05,5991.523110603798,True,True,True,Z_mode_existing_controller,False,0.07831197579104432,0.0,2.9525619088533586,False,False,False,1.2101734727088798,1.074904967524629e-07,5.913553506785517e-07,0.0008756614364756904,0.094674136684505,5.877292500144215e-05,0.004812353492372959,0.0,0.0,0.0,0.0,6.617302250224246e-08,20.0,0.0,-18.889313674996373,20.0,20.0,0.0,0.0,0.0,0.0,0.0,False,-5.54583268821807,0.09247572006690578,0.3624558531819449,0.552312824139535
30,-11.577799993639019,-1062.0241091086746,9.879599859137663,4.987150302743058,41.93036530096121,20.965117150251967,0.1,0.0,0.0,25.42944100611436,50.134300498802354,186.9842668524537,210.91240454619225,0.0,0.0,0.0,0.0,-1.249000902703301e-16,-6.938893903907228e-18,0.055419921875,0.0,nan,nan,0.00016746917384623987,-0.00011537723805743678,6028.202584510873,False,True,True,Omega_safe_one_step_QP,False,0.33251953125,0.0,0.0,False,False,False,1.0267761031735063,5.658841943688669e-06,3.1131928525279936e-05,0.0005423465988902101,0.058637041549258175,4.0283806701271904e-05,0.00329845618301601,0.0,0.0,0.0,0.0,1.396299209680746e-34,20.0,0.0,-19.035190526487295,20.0,20.0,0.0,0.0,0.0,0.0,0.0,False,0.1,-0.08695711195468903,-0.011615659110248089,25.39469150997409,50.12696642752549,186.38001222618433,211.6578593989543,-0.8695710897445679,-0.11615659296512604,-0.0288692761056248,-0.0008889746054723258,-0.028869276105624855,-0.000888974605472305,0.0277099609375,0.0,-0.387939453125,-0.05552210503081242,0.00016782427271222567,-0.0001154918760823849,6016.624784517234,False,True,True,Omega_safe_one_step_QP,False,0.3602294921875,0.0,2.888296000606541,False,False,False,1.0846651031417014,6.602218403050807e-09,3.632188237052724e-08,0.000666275600881973,0.07203590871984435,3.395301813214142e-05,0.0027800883719978865,0.0,0.0,0.0,0.0,1.500158203329656e-08,20.0,0.0,-18.990150945273605,20.0,20.0,0.0,0.0,0.0,0.0,0.0,False,-11.577799993639019,0.1920605658374442,0.32153875285451955,0.541245204222825
31,-13.062586183908024,-1075.0866952925826,11.926560860374142,4.92215502867499,40.865161009920904,24.187496791178756,0.1,0.0,0.0,25.42541018215513,50.13086642985439,187.81870802852464,210.8867454377055,0.0,0.0,0.0,0.0,-9.71445146547012e-17,6.245004513516506e-17,0.055419921875,0.0,nan,nan,-0.0020379206515385518,4.738092873726675e-06,6253.911292412521,False,True,True,Omega_safe_one_step_QP,False,0.33251953125,0.0,0.0,False,False,False,-0.10176743633473506,6.628539385684824e-08,3.646668637075051e-07,6.962920763226757e-05,0.007528120853582987,6.583898483340488e-08,5.390925644581272e-06,0.0,0.0,0.0,0.0,5.585196838722984e-35,0.0,0.0,-0.10930131278082633,0.0,0.0,0.0,0.0,0.0,0.0,0.0,False,0.1,-0.09079714119434357,-0.0009762595291249454,25.390318285368124,50.12343130992219,187.15777844819777,212.11799142241452,-0.9079713821411133,-0.009762595407664776,-0.0310481713463598,0.003706724576621939,-0.031048171346359718,0.003706724576621967,0.0277099609375,0.0,-0.387939453125,-0.004469102175642011,-0.002034766440008625,4.512600854371656e-06,6240.848706228613,False,True,True,Omega_safe_one_step_QP,False,0.3602294921875,0.0,3.126865444882211,False,False,False,-0.036454505415194946,5.9177076631584185e-06,3.255606956975029e-05,6.0492029610506e-05,0.006540233977549563,2.1172147901360806e-05,0.0017335849779749845,0.0,0.0,0.0,0.0,2.5868035442398996e-07,0.0,0.0,-0.04476113912064366,0.0,0.0,0.0,0.0,0.0,0.0,0.0,False,-13.062586183908024,0.20887066626218448,0.289536659230233,0.5309789206411275
32,-7.757878387114943,-1082.8445736796975,8.61654637778561,5.835379639722783,40.66408862584549,26.928083756726057,0.1,0.0,0.0,25.388998845912997,50.129973155334056,195.0066280901058,212.36418488683333,0.0,0.0,0.0,0.0,-9.410874857174178e-17,1.1102230246251565e-16,0.26014284641297625,-0.05033574002966734,nan,nan,0.0018497453951997762,4.085615891088746e-05,6091.032470665681,True,True,True,Z_mode_existing_controller,False,0.05060201485354432,0.0,0.0,False,False,False,0.712626672399465,3.2917478557018577e-06,1.8109440056237725e-05,0.005166619481168101,0.5586008685338679,0.00021828273258391,0.017873088168559186,0.0,0.0,0.0,0.0,2.3684800575848108e-35,20.0,0.0,-19.86386539374302,20.0,20.0,0.0,0.0,0.0,0.0,0.0,False,0.1,-0.09251220524311066,0.00031765407766215503,25.353562148514005,50.12241209538381,194.55335859176418,213.12221651452936,-0.9251220226287842,0.0031765406019985676,-0.030573106224711044,-0.0012716984167762575,-0.03057310622471095,-0.0012716984167763477,0.23243288547547625,-0.05033574002966734,-0.32560894130464346,-0.048419622460997194,0.0018475717172814483,4.0922283077617715e-05,6083.274592278566,True,True,True,Z_mode_existing_controller,False,0.07831197579104432,0.0,3.059954315166647,False,False,False,0.7514160643350397,3.547850672169764e-07,1.9518381082818975e-06,0.005469460565991371,0.591343224270848,0.00010084680356330519,0.00825738156320471,0.0,0.0,0.0,0.0,2.5010382371004193e-07,0.0,0.0,0.15181325655905503,0.0,0.0,0.0,0.0,0.0,0.0,0.0,False,-7.757878387114943,0.12736557265909787,0.2521959187265287,0.5191915238195606
33,-14.019928775692279,-1096.8645024553898,8.536874795992112,5.13911492122231,37.40940406945905,21.442347365653077,0.1,0.0,0.0,25.416850052086822,50.13092065619004,189.50428406936828,211.23701876354227,0.0,0.0,0.0,0.0,-9.71445146547012e-17,1.1102230246251565e-16,0.055419921875,0.0,nan,nan,0.0015367792861839219,-0.00013448983509805191,5954.260250079973,False,True,True,Omega_safe_one_step_QP,False,0.33251953125,0.0,0.0,False,False,False,1.3964877753280052,9.197861217561153e-06,5.06017239675553e-05,0.0030275789722545984,0.3273336171979778,0.00012705034694950008,0.010402939462935022,0.0,0.0,0.0,0.0,9.215875710446734e-38,20.0,0.0,-18.941299383056876,20.0,20.0,0.0,0.0,0.0,0.0,0.0,False,0.1,-0.09134898334741592,0.0005965355667285621,25.38115834847517,50.12328634844081,188.7806324009124,211.958241787586,-0.913489818572998,0.005965355783700943,-0.030224208235608726,-0.0010978520406395992,-0.030224208235608858,-0.0010978520406395645,0.23243288547547625,-0.05033574002966734,-0.32560894130464346,-0.04669156375974132,0.0015353055640518977,-0.00013448312719478717,5940.240321304281,True,True,True,Z_mode_existing_controller,False,0.07831197579104432,0.0,3.02441406320725,False,False,False,1.4665874192064665,4.531249663430813e-07,2.4928517540494125e-06,0.0033324367674546153,0.360294014184587,0.00013548371649628823,0.01109346754861328,0.0,0.0,0.0,0.0,1.519523692953759e-09,20.0,0.0,-18.904802556898012,20.0,20.0,0.0,0.0,0.0,0.0,0.0,False,-14.019928775692279,0.23546046338004747,0.2275661385008628,0.511316149194938
34,-14.942885422281506,-1111.8073878776713,11.40358715331012,5.435759677636435,38.91983814382837,26.904639210946915,0.1,0.0,0.0,25.43545316037869,50.12750474590967,185.876385392129,210.25932693600686,0.0,0.0,0.0,0.0,-5.551115123125783e-17,2.0816681711721685e-17,0.055419921875,0.0,nan,nan,-0.00122663805714804,7.058051683414028e-05,6153.701555965035,False,True,True,Omega_safe_one_step_QP,False,0.33251953125,0.0,0.0,False,False,False,0.39928124590269365,1.727298761859862e-06,9.502676012359789e-06,0.0013161648812314464,0.14230017296018094,9.558813096295281e-05,0.007826799089167034,0.0,0.0,0.0,0.0,9.870390964984583e-35,0.0,0.0,0.24914477117733333,0.0,0.0,0.0,0.0,0.0,0.0,0.0,False,0.1,-0.08766832202672958,-0.0009300109231844544,25.39929909609267,50.11975406116247,185.13067634854227,211.46469660573283,-0.8766831755638123,-0.0093001089990139,-0.027927563738842726,0.004200230538582379,-0.02792756373884285,0.0042002305385823654,0.0277099609375,0.0,-0.387939453125,-0.004409329234971369,-0.00122398300836439,7.045698644303716e-05,6138.758670542754,False,True,True,Omega_safe_one_step_QP,False,0.3602294921875,0.0,2.8241649260699564,False,False,False,0.47399567301410117,1.3466947325023038e-06,7.408795752705563e-06,0.0013322179184233336,0.14403578374992065,2.4358684653047336e-05,0.00199450003818642,0.0,0.0,0.0,0.0,3.334425496078049e-07,0.0,0.0,0.32795764698769175,0.0,0.0,0.0,0.0,0.0,0.0,0.0,False,-14.942885422281506,0.24282759386985145,0.2189591734166748,0.50382901143945
35,-15.613096424067407,-1127.4204843017387,10.5954653087214,5.835822760225612,42.82478336144681,27.802186018942322,0.1,0.0,0.0,25.409614637993574,50.12763588831311,190.9678287201904,211.34790284943787,0.0,0.0,0.0,0.0,-7.632783294297951e-17,-6.245004513516506e-17,0.26014284641297625,-0.05033574002966734,nan,nan,-5.290322883085225e-05,0.00010359434641757523,6196.244920928302,True,True,True,Z_mode_existing_controller,False,0.05060201485354432,0.0,0.0,False,False,False,0.1865644210863593,1.1250625200948919e-06,6.189493594379224e-06,0.002592279516286082,0.2802702220587332,0.00011849975193021683,0.009702812902926227,0.0,0.0,0.0,0.0,7.366682037281177e-35,0.0,0.0,-0.10341480336889451,0.0,0.0,0.0,0.0,0.0,0.0,0.0,False,0.1,-0.09069591760635376,-0.0004201082047075033,25.373044247799033,50.119749174522056,190.1981780747036,211.99699974021826,-0.9069591760635376,-0.004201082047075033,-0.030032152058335967,-0.0016549532145962026,-0.030032152058336065,-0.0016549532145962373,0.23243288547547625,-0.05033574002966734,-0.32560894130464346,-0.052920618778210575,-5.187308449394095e-05,0.00010356001782242706,6180.631824504235,True,True,True,Z_mode_existing_controller,False,0.07831197579104432,0.0,3.0077716459158346,False,False,False,0.2646299032066963,2.078147487342565e-06,1.1432858469053972e-05,0.0025679573744648155,0.27764057813092224,2.833466269830153e-05,0.002320054906030886,0.0,0.0,0.0,0.0,3.871246877803394e-07,0.0,0.0,-0.015342549813413662,0.0,0.0,0.0,0.0,0.0,0.0,0.0,False,-15.613096424067407,0.25197674758357197,0.2414199861472203,0.49695038780693057
36,-23.07385938403786,-1150.4943436857766,11.220366672205119,3.8481236706233357,38.0284562300074,22.501866790750025,0.1,0.0,0.0,25.405592726493815,50.12921762387248,191.74129048260767,211.59763161493814,0.0,0.0,0.0,0.0,3.469446951953614e-17,-1.3877787807814457e-16,0.26014284641297625,-0.05033574002966734,nan,nan,-0.002042618954620253,-6.670866101957045e-05,6280.956093580655,True,True,True,Z_mode_existing_controller,False,0.05060201485354432,0.0,0.0,False,False,False,-0.2369914421754038,1.3987038869447064e-06,7.694922365689861e-06,5.982430979216294e-05,0.006468041923959547,6.236445631828642e-06,0.0005106429689451092,0.0,0.0,0.0,0.0,1.8151889725849698e-34,0.0,0.0,-0.24397782199067414,0.0,0.0,0.0,0.0,0.0,0.0,0.0,False,0.1,-0.09229812026023865,-0.0002621920430101454,25.368564072746217,50.12120896791008,190.6703607904325,212.20814667462696,-0.9229812026023865,-0.0026219203136861324,-0.030596602460651653,-0.0015919237216938456,-0.03059660246065159,-0.0015919237216939844,0.23243288547547625,-0.05033574002966734,-0.32560894130464346,-0.051920974119333024,-0.0020408494689566807,-6.692863439416717e-05,6257.882234196617,True,True,True,Z_mode_existing_controller,False,0.07831197579104432,0.0,3.063798791159181,False,False,False,-0.12162214525521449,1.3700327133231281e-05,7.537188868835727e-05,2.2295651703312442e-05,0.0024105453191190273,4.4583027910193e-06,0.0003650478346260866,0.0,0.0,0.0,0.0,3.2257697364967398e-09,0.0,0.0,-0.1244731135234177,0.0,0.0,0.0,0.0,0.0,0.0,0.0,False,-23.07385938403786,0.3673622142912304,0.26086174269056744,0.4934593223134606
37,-28.286661288112555,-1178.7810049738891,10.543561292280632,5.437101708462703,44.383902704635496,24.141862137990856,0.1,0.0,0.0,25.372360105391085,50.127509534794925,198.31194988934598,212.89640298598061,0.0,0.0,0.0,0.0,-2.7755575615628914e-17,2.7755575615628914e-17,0.26014284641297625,-0.05033574002966734,nan,nan,-0.00018793720079508412,-4.6714081952006054e-07,6369.85859990137,True,True,True,Z_mode_existing_controller,False,0.05060201485354432,0.0,0.0,False,False,False,-0.6815039737789812,1.4035404858701544e-06,7.721530751919915e-06,0.00431735650393587,0.46678086157869586,0.00016868070742395556,0.013811652073598437,0.0,0.0,0.0,0.0,3.163339933656035e-34,0.0,0.0,-1.1621042089620275,0.0,0.0,0.0,0.0,0.0,0.0,0.0,False,0.1,-0.0930529460310936,-0.0006696804193779826,25.334642250761966,50.1193285190214,197.01231949894387,213.4448350984707,-0.9305294752120972,-0.0066968039609491825,-0.030881174089808575,-0.001831141658831345,-0.030881174089808706,-0.0018311416588312583,0.23243288547547625,-0.05033574002966734,-0.32560894130464346,-0.054351837321887315,-0.00018774382464067365,-5.813328758570734e-07,6341.571938613258,True,True,True,Z_mode_existing_controller,False,0.07831197579104432,0.0,3.0935416482403864,False,False,False,-0.5400706673384184,1.4118926289614943e-05,7.767479786075659e-05,0.004022044026046304,0.4348524783797255,0.0001529398257669091,0.01252278161473565,0.0,0.0,0.0,0.0,1.3820623356934797e-09,0.0,0.0,-0.9875236035128027,0.0,0.0,0.0,0.0,0.0,0.0,0.0,False,-28.286661288112555,0.4440704741632811,0.2752960994675439,0.4921458546299679
38,-34.78396493757191,-1213.564969911461,12.580686139179122,5.034954552439745,39.51508608022721,28.101310083519934,0.1,0.0,0.0,25.37238716689286,50.12815093474972,198.29819338493763,212.92393481929344,0.0,0.0,0.0,0.0,-9.71445146547012e-17,-9.71445146547012e-17,0.26014284641297625,-0.05033574002966734,nan,nan,-0.002655845148936265,0.00012830911562908992,6583.500588954332,True,True,True,Z_mode_existing_controller,False,0.05060201485354432,0.0,0.0,False,False,False,-1.7497139190437883,1.335943043600092e-05,7.34964569801937e-05,1.892414135369185e-08,2.0460267753335665e-06,7.580018455649691e-08,6.206553151200523e-06,0.0,0.0,0.0,0.0,2.04148574105047e-34,20.0,0.0,-21.749795668080694,20.0,20.0,0.0,0.0,0.0,0.0,0.0,False,0.1,-0.09502507001161575,-0.00019749117200262845,25.333774160475144,50.11976534880483,196.77295717058328,213.46480651986664,-0.9502506852149963,-0.0019749116618186235,-0.031570469514376025,-0.0015985284929370333,-0.03157046951437595,-0.0015985284929370784,0.23243288547547625,-0.05033574002966734,-0.32560894130464346,-0.051495521699744744,-0.0026538329120066348,0.0001278651470538069,6548.71662401676,True,True,True,Z_mode_existing_controller,False,0.07831197579104432,0.0,3.161091328482731,False,False,False,-1.5757940943559288,3.9516200998698845e-05,0.00021739705001906846,5.729432423820042e-06,0.0006194506755950216,3.9885767257464875e-08,3.2658645346088573e-06,0.0,0.0,0.0,0.0,5.2923706727664765e-09,20.0,0.0,-21.57663421323845,20.0,20.0,0.0,0.0,0.0,0.0,0.0,False,-34.78396493757191,0.5283506011366015,0.2544091163412344,0.49311437111576506
39,-76.69962140385996,-1290.264591315321,10.906267914898603,5.199647286498072,40.352472235646474,20.395446020603142,0.1,0.0,0.0,25.33538234386372,50.13136427337625,205.55451548701998,214.65212751961036,0.0,0.0,0.0,0.0,1.3877787807814457e-17,-3.122502256758253e-17,0.055419921875,0.0,nan,nan,-0.0007991198136747899,-0.00012335449101374388,6586.190861518383,False,True,True,Omega_safe_one_step_QP,False,0.33251953125,0.0,0.0,False,False,False,-1.7631652818640442,1.4917895986654687e-05,8.207030276257618e-05,0.005265421044916883,0.569283025314281,0.00029866500094287034,0.024454824399189386,0.0,0.0,0.0,0.0,1.667133108110201e-34,20.0,0.0,-22.356985201880278,20.0,20.0,0.0,0.0,0.0,0.0,0.0,False,0.1,-0.0935480147600174,-0.04102208465337753,25.295722471236935,50.122732237505424,202.28674106930686,213.70948358110562,-0.9354801177978516,-0.41022083163261414,-0.04769936560842311,-0.01616110857365696,-0.04769936560842303,-0.01616110857365692,0.0277099609375,0.0,-0.387939453125,-0.18226795612434732,-0.0008000396974829982,-0.00012359384141772705,6509.491240114523,False,True,True,Omega_safe_one_step_QP,False,0.3602294921875,0.0,5.03627929107941,False,False,False,-1.3796671748447442,4.4418322805873205e-05,0.0002443659081780028,0.0030401812881823333,0.3286961453749473,5.98668642965407e-06,0.0004901925733112761,0.0,0.0,0.0,0.0,4.722100278199455e-06,20.0,0.0,-21.709102600801458,20.0,20.0,0.0,0.0,0.0,0.0,0.0,False,-76.69962140385996,1.164552060766997,0.27532035409090294,0.5106150484846715
40,-61.8064620176292,-1352.0710533329502,10.812218914883413,4.218110850116076,41.65905306544529,25.044649668017026,0.1,0.0,0.0,25.332220349053948,50.130662905975576,206.18516650077856,214.7400973195184,0.0,0.0,0.0,0.0,6.938893903907228e-17,1.0408340855860843e-16,0.055419921875,0.0,nan,nan,-0.0012561792129664366,2.0784001530803516e-05,6591.439045465005,False,True,True,Omega_safe_one_step_QP,False,0.33251953125,0.0,0.0,False,False,False,-1.789406201597153,2.0272312476354696e-05,0.00011152744489707859,3.977207011547251e-05,0.004300048221253938,7.738685695862703e-07,6.336470600016543e-05,0.0,0.0,0.0,0.0,2.1389859444850738e-34,20.0,0.0,-21.793881141969305,20.0,20.0,0.0,0.0,0.0,0.0,0.0,False,0.1,-0.09206916391849518,-0.022584514692425728,25.29006281809393,50.12155331296091,203.50278035242965,214.64738209700056,-0.9206916093826294,-0.22584514319896698,-0.04810197698500464,-0.00868698740238713,-0.04810197698500468,-0.008686987402387006,0.0277099609375,0.0,-0.387939453125,-0.1019585700496074,-0.0012567570929903913,2.051431190689449e-05,6529.6325834473755,False,True,True,Omega_safe_one_step_QP,False,0.3602294921875,0.0,4.888009758577775,False,False,False,-1.480373891509007,5.520099370119301e-05,0.00030368640925669153,0.0001478751538097805,0.015987860080233212,8.796536261179372e-05,0.007202643393404905,0.0,0.0,0.0,0.0,5.602458320337814e-07,20.0,0.986434957573937,-22.49030359921167,20.986434957573938,20.986434957573938,0.0,0.0,0.0,0.0,0.0,False,-61.8064620176292,0.9376778210541573,0.2814542757176746,0.5214718860435282
41,-56.65113536424997,-1408.7221886972002,12.03938646102129,5.169671342360242,43.13220870198957,29.37228627530113,0.1,0.0,0.0,25.32272615044703,50.13294419128156,208.02900379014244,215.25868221829907,0.0,0.0,0.0,0.0,-2.7755575615628914e-17,6.071532165918825e-17,0.055419921875,0.0,nan,nan,-0.0018761205968118922,0.00017817741468677132,6768.389847410676,False,True,True,Omega_safe_one_step_QP,False,0.33251953125,0.0,0.0,False,False,False,-2.6741602113255114,3.223729385443489e-05,0.00017735238731027693,0.00033997359496487254,0.0367570219014897,2.6893029724334676e-05,0.0022020133507259705,0.0,0.0,0.0,0.0,1.1317847688813116e-34,20.0,5.9256192660919575,-28.638915865056994,25.925619266091957,25.925619266091957,0.0,0.0,0.0,0.0,0.0,False,0.1,-0.09302719682455063,-0.02369728684425354,25.278560188131067,50.12342694161437,205.60197711755583,215.1495756643961,-0.9302719831466675,-0.2369728684425354,-0.05080696746757607,-0.009704011453836448,-0.05080696746757607,-0.00970401145383635,0.0277099609375,0.0,-0.387939453125,-0.10588047074299825,-0.0018763602416515049,0.00017755699694152637,6711.738712046426,False,True,True,Omega_safe_one_step_QP,False,0.3602294921875,0.0,5.172538817203333,False,False,False,-2.390904534504261,7.572930672599335e-05,0.00041662223255626836,0.0004406627058716219,0.04764325515505552,2.5219837913346994e-05,0.002065011653859278,0.0,0.0,0.0,0.0,8.35131143202824e-08,20.0,23.776486167207782,-46.21751567426662,43.77648616720778,43.77648616720778,0.0,0.0,0.0,0.0,0.0,False,-56.65113536424997,0.8369957499703197,0.3060259134177948,0.529498961294361
42,-54.21625763078828,-1462.9384463279885,8.580685467806987,5.337164349517408,38.3594483882835,25.98623128157348,0.1,0.0,0.0,25.3054510577893,50.138653977087635,211.366373658711,216.29339478307008,0.0,0.0,0.0,0.0,8.326672684688674e-17,1.3335686721571705e-17,0.055419921875,0.0,nan,nan,0.001568483926704845,1.4659175404430113e-06,6473.135949736677,False,True,True,Omega_safe_one_step_QP,False,0.33251953125,0.0,0.0,False,False,False,-1.1978907229555125,1.0657454539087717e-05,5.863162750858286e-05,0.001113803763962941,0.12042143846547139,0.00010706300916950076,0.00876636726976176,0.0,0.0,0.0,0.0,1.4570781450900125e-34,20.0,0.0,-21.327137160318255,20.0,20.0,0.0,0.0,0.0,0.0,0.0,False,0.1,-0.095921091735363,-0.015068610198795795,25.259496654451166,50.12876435065314,208.89477000307852,216.51425015291125,-0.9592109322547913,-0.1506861001253128,-0.056048754048244886,-0.007179864765028325,-0.0560487540482448,-0.007179864765028385,0.0277099609375,0.0,-0.387939453125,-0.06529595198046129,0.0015669511688846593,1.9030416172331364e-06,6418.919692105888,False,True,True,Omega_safe_one_step_QP,False,0.3602294921875,0.0,5.650675436091442,False,False,False,-0.9268094348015711,4.0374795349814705e-05,0.00022212057794883505,0.001084248498694882,0.1172260034409524,0.00018623364596040455,0.015248894563490092,0.0,0.0,0.0,0.0,3.3847643063899034e-07,20.0,0.0,-21.059506791860393,20.0,20.0,0.0,0.0,0.0,0.0,0.0,False,-54.21625763078828,0.8375578398441293,0.3642777895331623,0.536816213586499
43,-27.71828074066252,-1490.656727068651,10.438320721719217,5.820649931614055,40.411271416769644,26.042251640891728,0.1,0.0,0.0,25.342588341849886,50.14133330300685,204.0126392996744,214.87041081631892,0.0,0.0,0.0,0.0,1.1102230246251565e-16,-1.734723475976807e-17,0.055419921875,0.0,nan,nan,3.504025929140439e-05,3.964348822817448e-05,6497.3634280874785,False,True,True,Omega_safe_one_step_QP,False,0.33251953125,0.0,0.0,False,False,False,-1.319028114709522,7.754962711673207e-06,4.266366639295976e-05,0.005407740902327576,0.5846702618330532,0.000202488336963087,0.01657983596231077,0.0,0.0,0.0,0.0,1.7118136483849562e-35,20.0,0.0,-21.920320876171278,20.0,20.0,0.0,0.0,0.0,0.0,0.0,False,0.1,-0.09521251916885376,-0.027677370235323906,25.294797287160925,50.131076902981526,202.72289021837184,214.77523504454308,-0.9521251916885376,-0.27677369117736816,-0.04909636298917805,-0.011134707978241216,-0.04909636298917794,-0.01113470797824108,0.0277099609375,0.0,-0.387939453125,-0.12082531605640483,3.495842750834803e-05,3.95783810364362e-05,6469.645147346816,False,True,True,Omega_safe_one_step_QP,False,0.3602294921875,0.0,5.034316816138845,False,False,False,-1.1804367110062095,3.4591448392647076e-05,0.00019030368928166794,0.0038092100076870922,0.41184144225787633,0.00030241735471327386,0.024762068810985756,0.0,0.0,0.0,0.0,6.397652627928741e-07,20.0,0.0,-21.617231165529617,20.0,20.0,0.0,0.0,0.0,0.0,0.0,False,-27.71828074066252,0.4266081318591331,0.3908119587816642,0.5342498548061541
44,-17.837159387239808,-1508.4938864558908,11.006265036959613,4.616961283250459,42.47732531797554,22.754957952285025,0.1,0.0,0.0,25.3506340102794,50.14362783882945,202.3984498866395,214.65118601373754,0.0,0.0,0.0,0.0,-4.163336342344337e-17,1.1796119636642288e-16,0.055419921875,0.0,nan,nan,-0.0011994174060049006,-4.2236219654073e-05,6518.494063092752,False,True,True,Omega_safe_one_step_QP,False,0.33251953125,0.0,0.0,False,False,False,-1.4246812897358905,1.2546506869838729e-05,6.902418533696413e-05,0.0002605607461153932,0.028171120326628853,4.805951406684489e-06,0.0003935134593958925,0.0,0.0,0.0,0.0,4.1612123860916715e-34,20.0,0.0,-21.453314947707252,20.0,20.0,0.0,0.0,0.0,0.0,0.0,False,0.1,-0.09498754888772964,-0.03678962215781212,25.301992522673707,50.13319320292899,201.53391101711486,214.24132010794094,-0.9498754739761353,-0.3678961992263794,-0.04772026237429729,-0.014760318016935548,-0.047720262374297315,-0.014760318016935503,0.0277099609375,0.0,-0.387939453125,-0.16098515092277235,-0.0011982621279098557,-4.229369935609685e-05,6500.656903705512,False,True,True,Omega_safe_one_step_QP,False,0.3602294921875,0.0,4.995088016274445,False,False,False,-1.3354954927996914,4.489594639571751e-05,0.00024699353828483135,0.00014136715410216963,0.015284232824086278,2.8506515952687202e-05,0.0023341263276744108,0.0,0.0,0.0,0.0,1.50387010549566e-07,20.0,0.0,-21.35336099587675,20.0,20.0,0.0,0.0,0.0,0.0,0.0,False,-17.837159387239808,0.2736392672079358,0.37230804124363914,0.528300406163777
45,-17.98278878074416,-1526.476675236635,12.07390287668138,3.8055789127066557,39.75980055347043,27.116918509137538,0.1,0.0,0.0,25.33882098320974,50.144028506619556,204.7214058641688,215.16398778392787,0.0,0.0,0.0,0.0,-8.326672684688674e-17,8.673617379884035e-17,0.055419921875,0.0,nan,nan,-0.0029343022644422734,9.453783148990081e-05,6690.623105635308,False,True,True,Omega_safe_one_step_QP,False,0.33251953125,0.0,0.0,False,False,False,-2.28532650244867,3.498207612920998e-05,0.00019245271462920067,0.000539612447353906,0.05834143250964348,2.6296565551032763e-05,0.0021531745963608547,0.0,0.0,0.0,0.0,2.7083389842945504e-35,20.0,8.555893237154686,-30.901906799423987,28.555893237154685,28.555893237154685,0.0,0.0,0.0,0.0,0.0,False,0.1,-0.0944436639547348,-0.031230280175805092,25.289695396155935,50.133493070296446,203.85690878958778,214.96932203256085,-0.9444366097450256,-0.3123027980327606,-0.0498412622833134,-0.012971203939186072,-0.049841262283313495,-0.01297120393918618,0.0277099609375,0.0,-0.387939453125,-0.1374454051497048,-0.002931120883278374,9.434566192090515e-05,6672.640316854564,False,True,True,Omega_safe_one_step_QP,False,0.3602294921875,0.0,5.150149082915956,False,False,False,-2.195412558544949,8.337228475188807e-05,0.00045866981896885864,0.0005396318650914134,0.05834353190269461,5.299868022503039e-05,0.004339555737030689,0.0,0.0,0.0,0.0,7.699569797247453e-08,20.0,43.44815264285795,-65.70670703585729,63.44815264285795,63.44815264285795,0.0,0.0,0.0,0.0,0.0,False,-17.98278878074416,0.26877599435541066,0.3885506523764478,0.5223585340104457
46,-31.115882899505777,-1557.5925581361407,10.232899914727952,7.291971892119073,42.23290622013429,23.271098951902232,0.1,0.0,0.0,25.302904754036394,50.147524466090054,211.7595583524441,216.86185728101322,0.0,0.0,0.0,0.0,-8.326672684688674e-17,-3.642919299551295e-17,0.055419921875,0.0,nan,nan,0.0011194005468872859,-3.994859648120876e-05,6661.984928984217,False,True,True,Omega_safe_one_step_QP,False,0.33251953125,0.0,0.0,False,False,False,-2.1421356191932137,1.5625414062995378e-05,8.596268965059451e-05,0.004953559044821581,0.5355653527140609,0.00028827608291328585,0.023604175125558364,0.0,0.0,0.0,0.0,1.5169707577587589e-34,20.0,0.0,-22.701391109722483,20.0,20.0,0.0,0.0,0.0,0.0,0.0,False,0.1,-0.09610568732023239,-0.022384850308299065,25.25332747037543,50.13687967191437,210.31495120599433,216.90246822661697,-0.9610568284988403,-0.22384849190711975,-0.057678079568375146,-0.0109589067160966,-0.0576780795683752,-0.010958906716096667,0.0277099609375,0.0,-0.387939453125,-0.09681268792676878,0.0011181515837545373,-3.998839094491698e-05,6630.869046084711,False,True,True,Omega_safe_one_step_QP,False,0.3602294921875,0.0,5.870995230033769,False,False,False,-1.9865562046956848,5.1305037078578087e-05,0.0002822529350017492,0.004170631185210623,0.45091731854546646,0.0003737054207593667,0.030599167672289852,0.0,0.0,0.0,0.0,6.546504527349569e-07,20.0,0.7466124878595917,-23.21496808635849,20.746612487859593,20.746612487859593,0.0,0.0,0.0,0.0,0.0,False,-31.115882899505777,0.46706624573901817,0.4112200129736707,0.5211261184129802
47,-7.204545115131623,-1564.7971032512723,9.186385088998655,6.143631244180207,39.683772691206116,22.716411604512906,0.1,0.0,0.0,25.333604740176145,50.14941467076525,205.68401107622776,215.66651655117968,0.0,0.0,0.0,0.0,1.1102230246251565e-16,6.071532165918825e-17,0.055419921875,0.0,nan,nan,0.0014088169696031111,-8.258101509755643e-05,6403.353591131615,False,True,True,Omega_safe_one_step_QP,False,0.33251953125,0.0,0.0,False,False,False,-0.8489789299302037,4.595120147281766e-06,2.5279898858069285e-05,0.0036912274705539626,0.3990854907203934,0.00014288394603989611,0.011699401666877244,0.0,0.0,0.0,0.0,4.718528363748728e-34,0.0,0.0,-1.2597891022163323,0.0,0.0,0.0,0.0,0.0,0.0,0.0,False,0.1,-0.09390157461166382,-0.014646577648818493,25.283041433053114,50.13856454852251,205.2210839787406,216.19090029821277,-0.9390157461166382,-0.14646577835083008,-0.05093926911479872,-0.006629873353454687,-0.05093926911479879,-0.006629873353454705,0.0277099609375,0.0,-0.387939453125,-0.06483215476342102,0.0014057959685803388,-8.258572373202617e-05,6396.149046016483,False,True,True,Omega_safe_one_step_QP,False,0.3602294921875,0.0,5.136890458860054,False,False,False,-0.8129562043545456,2.6923637713020177e-05,0.00014811948686022352,0.002594748332888955,0.2805371438058528,5.063289167334552e-05,0.004145843908010144,0.0,0.0,0.0,0.0,6.415209618409788e-07,20.0,0.0,-21.09778795307623,20.0,20.0,0.0,0.0,0.0,0.0,0.0,False,-7.204545115131623,0.1125120612597378,0.41232436935118094,0.5125556651330748
48,8.190411197920184,-1556.6066920533522,7.854577679108331,2.3702189715016537,35.21220387728947,25.738912565432383,0.1,0.0,0.0,25.363615501396932,50.14950434035397,199.76548956606086,214.40119235704483,0.0,0.0,0.0,0.0,6.938893903907228e-17,1.1449174941446927e-16,0.26014284641297625,-0.05033574002966734,nan,nan,0.0009724180074642805,-2.312217303670756e-05,6124.316405789624,True,True,True,Z_mode_existing_controller,False,0.05060201485354432,0.0,0.0,False,False,False,0.5462069967797515,1.8170192607056461e-06,9.996270317539959e-06,0.003502889686630825,0.3787229209471259,0.00016010453162630032,0.013109430947968943,0.0,0.0,0.0,0.0,4.6252411320674714e-35,0.0,0.0,0.15436464861433916,0.0,0.0,0.0,0.0,0.0,0.0,0.0,False,0.1,-0.09485995769500732,-0.002566502895206213,25.312838573989897,50.13859299306534,199.94925910159986,215.5705835370477,-0.9485995769500732,-0.025665028020739555,-0.045988707158853975,-0.00043859262977985654,-0.04598870715885391,-0.0004385926297798817,0.0277099609375,0.0,-0.387939453125,-0.011245687332183138,0.0009656828830554047,-2.3226758034785222e-05,6132.506816987544,False,True,True,Omega_safe_one_step_QP,False,0.3602294921875,0.0,4.599079853229038,False,False,False,0.5052549407901507,1.5613378466704744e-05,8.58964762226162e-05,0.0027792137535240027,0.3004810441756758,3.847928841823241e-05,0.0031507014156427183,0.0,0.0,0.0,0.0,6.284002067899622e-07,0.0,0.0,0.2015366703224028,0.0,0.0,0.0,0.0,0.0,0.0,0.0,False,8.190411197920184,-0.1337359250442609,0.4022087820598804,0.49984573331563675
49,44.5866489237369,-1512.0200431296153,9.122050810093777,2.4682767191132498,37.1131842873514,26.543643876627797,0.1,0.0,0.0,25.382185019201703,50.14986426829474,196.0992570855242,213.63246539794483,0.0,0.0,0.0,0.0,-4.163336342344337e-17,-1.0061396160665481e-16,0.26014284641297625,-0.05033574002966734,nan,nan,-0.0004389511085945602,2.4333448356193832e-05,6170.04275815703,True,True,True,Z_mode_existing_controller,False,0.05060201485354432,0.0,0.0,False,False,False,0.3175752349427194,2.442755765671437e-06,1.343873864270321e-05,0.001344126060134212,0.1453232596955688,5.909411376471445e-05,0.0048386525725464665,0.0,0.0,0.0,0.0,5.859641855798165e-34,0.0,0.0,0.16739988393596145,0.0,0.0,0.0,0.0,0.0,0.0,0.0,False,0.1,-0.09365471452474594,-0.0009682062081992626,25.331663398228997,50.138974646809764,197.83475472675823,214.65531284968276,-0.9365471005439758,-0.009682062081992626,-0.03103214091842425,-0.0020071566710673644,-0.03103214091842427,-0.0020071566710674407,0.23243288547547625,-0.05033574002966734,-0.32560894130464346,-0.05610479889515146,-0.000442970533784187,2.4124546814757795e-05,6214.629407080767,True,True,True,Z_mode_existing_controller,False,0.07831197579104432,0.0,3.1096984546466166,False,False,False,0.09464199032403485,1.7877642396303512e-05,9.835324803566483e-05,0.00044711287512243925,0.048340629939250465,8.377204311494858e-05,0.006859292509902286,0.0,0.0,0.0,0.0,2.2615926685598004e-06,20.0,0.0,-19.96065854696582,20.0,20.0,0.0,0.0,0.0,0.0,0.0,False,44.5866489237369,-0.7226311173417991,0.36231129895462366,0.4760956320102016
50,2.1477423397718667,-1509.8723007898434,11.195574862313373,5.637617359175248,42.886460637035874,27.248547816336785,0.1,0.0,0.0,25.376550734033355,50.15060337797972,197.20001308394183,213.90370013782254,0.0,0.0,0.0,0.0,-1.0408340855860843e-17,1.2836953722228372e-16,0.26014284641297625,-0.05033574002966734,nan,nan,-0.0007583941765008327,9.697280648807496e-05,6409.444817795355,True,True,True,Z_mode_existing_controller,False,0.05060201485354432,0.0,0.0,False,False,False,-0.8794350632489067,4.29939206088148e-06,2.3652960742400647e-05,0.00012116637680524148,0.013100179637229151,7.356828411653043e-06,0.0006023804140892837,0.0,0.0,0.0,0.0,5.340844477028853e-34,0.0,0.0,-0.8931612762609676,0.0,0.0,0.0,0.0,0.0,0.0,0.0,False,0.1,-0.09403982013463974,-0.0006484914920292795,25.32758078303191,50.13998508249389,197.12082526254525,215.10890538078147,-0.9403981566429138,-0.0064849150367081165,-0.0426138767450158,0.0009146131867378941,-0.04261387674501585,0.0009146131867379011,0.0277099609375,0.0,-0.387939453125,-0.002866286944196302,-0.0007556503179369694,9.703830874638016e-05,6411.592560135127,False,True,True,Omega_safe_one_step_QP,False,0.3602294921875,0.0,4.26236906956771,False,False,False,-0.8901737749477661,2.363690256321365e-05,0.0001300376240367844,5.096952798714344e-05,0.005510686960043471,2.0574618426853133e-05,0.0016846589962687443,0.0,0.0,0.0,0.0,1.426733438589348e-06,20.0,0.0,-20.897500585261554,20.0,20.0,0.0,0.0,0.0,0.0,0.0,False,2.1477423397718667,-0.03350902302503357,0.35048860873752186,0.4660144157142711
51,-0.43947350695998466,-1510.3117742968034,12.183507831371768,5.989078966853077,37.77393437958164,28.24243613332791,0.1,0.0,0.0,25.367033031140977,50.152964471272654,199.04722359083718,214.42762863032954,0.0,0.0,0.0,0.0,-1.457167719820518e-16,5.551115123125783e-17,0.26014284641297625,-0.05033574002966734,nan,nan,-0.0016547208676864354,0.00011905242438537854,6559.313750707539,True,True,True,Z_mode_existing_controller,False,0.05060201485354432,0.0,0.0,False,False,False,-1.6287797278098242,1.117503085365054e-05,6.147905618598543e-05,0.00034121866567845806,0.03689163556609767,2.745010652606541e-05,0.002247627049419086,0.0,0.0,0.0,0.0,2.361671594304848e-34,20.0,0.0,-21.667980469481527,20.0,20.0,0.0,0.0,0.0,0.0,0.0,False,0.1,-0.09405039995908737,-0.0005838285433128476,25.31824055203397,50.142327419726286,198.86330640972383,215.59732825207584,-0.9405040144920349,-0.0058382852002978325,-0.044428110898201166,0.000437375462883886,-0.04442811089820118,0.0004373754628838548,0.0277099609375,0.0,-0.387939453125,-0.0025801909619364767,-0.0016494892542229123,0.00011913781103761712,6558.874277200579,False,True,True,Omega_safe_one_step_QP,False,0.3602294921875,0.0,4.4430263731812225,False,False,False,-1.6265823602750242,3.953745519427067e-05,0.0002175139792607735,0.00030362405482727814,0.03282700832768645,2.3855690120344187e-05,0.001953314619968097,0.0,0.0,0.0,0.0,3.519201407653484e-08,20.0,0.0,-21.661580232393952,20.0,20.0,0.0,0.0,0.0,0.0,0.0,False,-0.43947350695998466,0.0066999921586702515,0.33979753784657063,0.45690011923416896
52,-10.270404507320563,-1520.582178804124,10.694076351314628,3.778029716701478,40.58552123153401,27.169507297034137,0.1,0.0,0.0,25.345591213281544,50.15604810902858,203.23659559729646,215.49335474053183,0.0,0.0,0.0,0.0,-9.71445146547012e-17,1.0581813203458523e-16,0.055419921875,0.0,nan,nan,-0.0014227771677434325,7.83568655661651e-05,6505.734980929777,False,True,True,Omega_safe_one_step_QP,False,0.33251953125,0.0,0.0,False,False,False,-1.3608858789210125,1.8310224372361012e-05,0.00010073308321995838,0.0017550837808504652,0.1897548925184484,0.00011357721419669066,0.009299753302732923,0.0,0.0,0.0,0.0,4.890056499420716e-35,20.0,0.0,-21.560041257825414,20.0,20.0,0.0,0.0,0.0,0.0,0.0,False,0.1,-0.09506154805421829,-0.03708001226186752,25.296928167425822,50.14537695430278,202.6828086499766,215.05728238569242,-0.9506154656410217,-0.37080010771751404,-0.04896823222184696,-0.015750388633256295,-0.04896823222184682,-0.015750388633256195,0.0277099609375,0.0,-0.387939453125,-0.1621295432858422,-0.0014220665162675188,7.830419261279937e-05,6495.464576422456,False,True,True,Omega_safe_one_step_QP,False,0.3602294921875,0.0,5.143892017753992,False,False,False,-1.3095338563844097,5.3014658604538356e-05,0.00029165836029567104,0.001458859736329596,0.15772795321062813,2.9164953779782188e-05,0.002388039512642715,0.0,0.0,0.0,0.0,2.8265640806570264e-06,20.0,1.5184930435108142,-22.988437377542873,21.518493043510816,21.518493043510816,0.0,0.0,0.0,0.0,0.0,False,-10.270404507320563,0.1578669364403275,0.34065620817568937,0.4511283891556458
53,-12.450669083931643,-1533.0328478880556,9.61748585945533,4.322904807175763,38.9666668761675,27.25645753092839,0.1,0.0,0.0,25.331084317982,50.15896057573482,206.06081951317853,216.2576673726787,0.0,0.0,0.0,0.0,0.0,-6.133873790836741e-17,0.055419921875,0.0,nan,nan,3.925214905255159e-06,5.8474636651419934e-05,6458.799412530387,False,True,True,Omega_safe_one_step_QP,False,0.33251953125,0.0,0.0,False,False,False,-1.126208036924063,1.438114448225062e-05,7.911738242353389e-05,0.0007976240727040266,0.08623694882117715,5.8417379965927435e-05,0.004783241305199816,0.0,0.0,0.0,0.0,3.7378475896622642e-34,20.0,0.0,-21.217307344432864,20.0,20.0,0.0,0.0,0.0,0.0,0.0,False,0.1,-0.09449416399002075,-0.03878028318285942,25.28218296929436,50.14823927999804,205.4094387928927,215.70355136279588,-0.9449416399002075,-0.3878028094768524,-0.051490838512317685,-0.01720304086882321,-0.05149083851231759,-0.017203040868823224,0.0277099609375,0.0,-0.387939453125,-0.17058198413010586,2.1081144346768096e-06,5.846758428985476e-05,6446.348743446455,False,True,True,Omega_safe_one_step_QP,False,0.3602294921875,0.0,5.428859056777918,False,False,False,-1.0639546915044047,4.522258484793577e-05,0.0002487905287378707,0.0007434511936258635,0.0803799242397577,4.17663590766353e-05,0.003419848237283018,0.0,0.0,0.0,0.0,8.473741014220584e-08,20.0,0.0,-21.148003339247595,20.0,20.0,0.0,0.0,0.0,0.0,0.0,False,-12.450669083931643,0.19277064185917797,0.3381074251954793,0.446270805346094
54,-4.5227484611104956,-1537.555596349166,12.024294436009836,5.84080363053291,33.160571970012086,25.213302113415697,0.1,0.0,0.0,25.34030516479923,50.16190662964532,204.20699058085933,216.02475317351116,0.0,0.0,0.0,0.0,-2.7755575615628914e-17,-9.367506770274758e-17,0.055419921875,0.0,nan,nan,-0.0017273338906743877,6.023901333024025e-06,6672.263035502728,False,True,True,Omega_safe_one_step_QP,False,0.33251953125,0.0,0.0,False,False,False,-2.193526151785768,2.4249210190052647e-05,0.00013340621384083358,0.00034366817103037567,0.037156469433203006,5.4249024173855805e-06,0.00044419344610545445,0.0,0.0,0.0,0.0,1.816010202325813e-35,20.0,0.0,-22.231260220878916,20.0,20.0,0.0,0.0,0.0,0.0,0.0,False,0.1,-0.09437738358974457,-0.03841578587889671,25.291049531551263,50.151124025028004,203.89591183699574,215.5360806608714,-0.9437738060951233,-0.38415783643722534,-0.04984328471787812,-0.016859744158952795,-0.0498432847178782,-0.01685974415895283,0.0277099609375,0.0,-0.387939453125,-0.16918776812805156,-0.0017229368191436561,5.993597118795959e-06,6667.740287041617,False,True,True,Omega_safe_one_step_QP,False,0.3602294921875,0.0,5.261752564091945,False,False,False,-2.1709124094802155,6.299431451057904e-05,0.0003465611014334149,0.00022907638462267303,0.024767116656691165,2.8046436003080146e-06,0.00022964547747917195,0.0,0.0,0.0,0.0,2.8322861365794547e-08,20.0,10.926201810082803,-33.12245757112148,30.9262018100828,30.9262018100828,0.0,0.0,0.0,0.0,0.0,False,-4.5227484611104956,0.06778432500405351,0.32870864853707643,0.43905946414508124
55,-11.617473194594822,-1549.173069543761,12.722876668109551,3.5933770987776743,40.38224189523323,26.59492357863787,0.1,0.0,0.0,25.322015169203635,50.16350852891045,207.7923713084164,216.87629032374124,0.0,0.0,0.0,0.0,2.7755575615628914e-17,6.331740687315346e-17,0.055419921875,0.0,nan,nan,-0.0037629010859618387,9.284341553838105e-05,6836.544081191315,False,True,True,Omega_safe_one_step_QP,False,0.33251953125,0.0,0.0,False,False,False,-3.0149313802287043,6.210009178769892e-05,0.00034164156521533163,0.0012854954961537635,0.13898428232719784,7.251155182219772e-05,0.005937278426084351,0.0,0.0,0.0,0.0,2.772812498448451e-34,20.0,66.60170636248289,-89.76190094503009,86.60170636248289,86.60170636248289,0.0,0.0,0.0,0.0,0.0,False,0.1,-0.09490897506475449,-0.04250432178378105,25.27277544033958,50.152716769967356,207.2033341028662,216.15267101746335,-0.949089765548706,-0.4250432252883911,-0.053621676633219484,-0.019389459681599767,-0.05362167663321947,-0.01938945968159985,0.0277099609375,0.0,-0.387939453125,-0.18614568782877258,-0.0037582062590506985,9.267104926431887e-05,6824.92660799672,False,True,True,Omega_safe_one_step_QP,False,0.3602294921875,0.0,5.701960497672656,False,False,False,-2.95684401425573,0.00012099797204259533,0.0006656662714418342,0.0010939042044775667,0.11826995213045328,3.8018366784219595e-05,0.0031129609452629067,0.0,0.0,0.0,0.0,2.067570609143754e-07,20.0,155.68599738512683,-178.76489018548676,175.68599738512683,175.68599738512683,0.0,0.0,0.0,0.0,0.0,False,-11.617473194594822,0.1699319576766394,0.3240219091713151,0.43390610361867277
56,-31.231927078061744,-1580.4049966218226,11.498611580485449,5.7325905767678895,45.193017979031225,26.286086212676697,0.1,0.0,0.0,25.27615228818733,50.167399563252495,216.7864447298665,219.0146637532473,0.0,0.0,0.0,0.0,1.3877787807814457e-16,8.673617379884035e-17,0.055419921875,0.0,nan,nan,-0.0009023715436218558,8.67764895490777e-05,6924.009575606267,False,True,True,Omega_safe_one_step_QP,False,0.33251953125,0.0,0.0,False,False,False,-3.4522588523034665,5.8822762303207056e-05,0.0003236114473431074,0.00808933567104353,0.8745970064521371,0.0004572640924017511,0.0374409892301995,0.0,0.0,0.0,0.0,1.2874390288397956e-34,20.0,52.97045240738218,-77.33507286681532,72.97045240738218,72.97045240738218,0.0,0.0,0.0,0.0,0.0,False,0.1,-0.09643130004405975,-0.028096703812479973,25.226707806534417,50.156558151270524,215.37223683388342,218.70326925024813,-0.9643129706382751,-0.28096702694892883,-0.06329162462130511,-0.015514476749172161,-0.06329162462130514,-0.015514476749172189,0.0277099609375,0.0,-0.387939453125,-0.12110568323157547,-0.0009023807252630488,8.651685714683704e-05,6892.777648528206,False,True,True,Omega_safe_one_step_QP,False,0.3602294921875,0.0,6.516539523401054,False,False,False,-3.2960992169131575,0.00011677462927346243,0.0006424316933188236,0.006673097182882069,0.7214771468569761,0.0006505551345084838,0.05326774655942753,0.0,0.0,0.0,0.0,1.0852338681888772e-06,20.0,141.33451334855957,-165.4060009758163,161.33451334855957,161.33451334855957,0.0,0.0,0.0,0.0,0.0,False,-31.231927078061744,0.45106706940576513,0.3286658009805123,0.4342325812248613
57,-5.2697616179821125,-1585.6747582398048,10.054761256369668,3.3921563648246424,41.013939394362886,23.797934019561424,0.1,0.0,0.0,25.28062453417117,50.172555889794324,215.84265890776535,219.10321450371848,0.0,0.0,0.0,0.0,-1.1102230246251565e-16,1.1449174941446927e-16,0.055419921875,0.0,nan,nan,-0.0009308374818929469,-3.1430122551527346e-05,6741.626319390695,False,True,True,Omega_safe_one_step_QP,False,0.33251953125,0.0,0.0,False,False,False,-2.540342571225606,5.6353856839551826e-05,0.00031002884701692015,8.907316779991401e-05,0.009630349027531964,7.841235409007611e-07,6.420438765661292e-05,0.0,0.0,0.0,0.0,6.317050217590134e-34,20.0,44.03318690860279,-66.58353406209059,64.03318690860279,64.03318690860279,0.0,0.0,0.0,0.0,0.0,False,0.1,-0.085604727268219,-0.025883734226226807,25.230237398437094,50.16151977189611,215.48227088263548,218.96269262991194,-0.8560472726821899,-0.25883734226226807,-0.0556234881069744,-0.014280405664037429,-0.0556234881069744,-0.014280405664037474,0.0277099609375,0.0,-0.387939453125,-0.12567715952381517,-0.0009329421127158635,-3.143035103590807e-05,6736.356557772713,False,True,True,Omega_safe_one_step_QP,False,0.3602294921875,0.0,5.742736643026738,False,False,False,-2.5139937631356952,0.00011286271888610672,0.0006209104499640263,1.2107491884769721e-06,0.00013090291451210272,6.7300489916195905e-06,0.0005510594337080712,0.0,0.0,0.0,0.0,6.032324904557791e-07,20.0,129.39924322855302,-151.91454046771938,149.39924322855302,149.39924322855302,0.0,0.0,0.0,0.0,0.0,False,-5.2697616179821125,0.07816751282735575,0.3101878266578199,0.4277570249247947
58,-14.421086010583167,-1600.095844250388,10.739059029247443,4.810774798787405,43.96794753374044,29.064186528528737,0.1,0.0,0.0,25.283873946913207,50.17518859799894,215.1696065872594,219.1044927771306,0.0,0.0,0.0,0.0,0.0,6.245004513516506e-17,0.055419921875,0.0,nan,nan,-0.0007580792697675556,0.00015143414258478273,6799.790142112426,False,True,True,Omega_safe_one_step_QP,False,0.33251953125,0.0,0.0,False,False,False,-2.8311616848342602,5.3146208918213854e-05,0.00029238207991950525,4.52999426138438e-05,0.004897706785038194,1.6339829161117648e-10,1.337912549466486e-08,0.0,0.0,0.0,0.0,1.503429062837286e-34,20.0,31.299286478353714,-54.13563826543206,51.299286478353714,51.299286478353714,0.0,0.0,0.0,0.0,0.0,False,0.1,-0.09421613812446594,-0.016881491988897324,25.233369931666665,50.164126767041815,214.42202807943087,219.32220082698058,-0.9421613812446594,-0.16881491243839264,-0.06069812821789222,-0.01091450150649426,-0.06069812821789214,-0.010914501506494145,0.0277099609375,0.0,-0.387939453125,-0.07447537538013194,-0.0007587388812470147,0.00015141030456964754,6785.369056101843,False,True,True,Omega_safe_one_step_QP,False,0.3602294921875,0.0,6.167162323379317,False,False,False,-2.759056254781344,0.0001074724236516998,0.0005912559221228886,0.00011241148017471526,0.012153623987144677,1.2924614375954059e-05,0.0010582732291811252,0.0,0.0,0.0,0.0,3.708128305310266e-07,20.0,110.64364269536959,-133.4165024741022,130.64364269536958,130.64364269536958,0.0,0.0,0.0,0.0,0.0,False,-14.421086010583167,0.21208133941179405,0.29417951176530194,0.42387207429157825
59,-9.106048536071285,-1609.2018927864592,10.993951524525198,2.8154754141203138,42.333446800952615,27.326712443215897,0.1,0.0,0.0,25.289150289634037,50.181367570277786,214.05522078836927,219.21541127758186,0.0,0.0,0.0,0.0,2.7755575615628914e-17,-1.734723475976807e-17,0.055419921875,0.0,nan,nan,-0.0022795911328471353,9.672797772735005e-05,6801.820709552551,False,True,True,Omega_safe_one_step_QP,False,0.33251953125,0.0,0.0,False,False,False,-2.841314522034886,7.267685931948851e-05,0.0003998292958684942,0.0001241855708768016,0.013426606701732942,1.2302913742359871e-06,0.00010073681021142988,0.0,0.0,0.0,0.0,7.137977856385193e-35,20.0,85.17270795100816,-108.02794964585087,105.17270795100816,105.17270795100816,0.0,0.0,0.0,0.0,0.0,False,0.1,-0.09497904032468796,-0.012550217099487782,25.2382380231363,50.17020762374358,213.524209240829,219.62623309387482,-0.9497904181480408,-0.12550216913223267,-0.060298971733394935,-0.009279220378481515,-0.060298971733395074,-0.009279220378481466,0.0277099609375,0.0,-0.387939453125,-0.054922542551773285,-0.0022793742112664737,9.672301507054762e-05,6792.71466101648,False,True,True,Omega_safe_one_step_QP,False,0.3602294921875,0.0,6.100876922981825,False,False,False,-2.7957842793545296,0.00013540891595938977,0.0007449475944517184,8.060786669484006e-05,0.00871510365927312,9.243561931285005e-06,0.0007568670019552985,0.0,0.0,0.0,0.0,2.8334702667504764e-08,20.0,204.4355836515742,-227.24158487751913,224.4355836515742,224.4355836515742,0.0,0.0,0.0,0.0,0.0,False,-9.106048536071285,0.13387663281513215,0.24233793852903596,0.4187393306809249
60,10.318764126170208,-1598.883128660289,9.671870816439332,4.4737378387239595,41.909019618009864,24.713299287596996,0.1,0.0,0.0,25.270663980031866,50.186263840124134,217.64041506387113,220.25634065981203,0.0,0.0,0.0,0.0,-2.7755575615628914e-17,-1.3877787807814457e-16,0.055419921875,0.0,nan,nan,9.133061203656524e-05,-7.152774109488603e-06,6740.769508384553,False,True,True,Omega_safe_one_step_QP,False,0.33251953125,0.0,0.0,False,False,False,-2.5360585161948936,5.4272852019809426e-05,0.0002985802690298217,0.0012853617993091328,0.13896982738740538,0.0001083533978790064,0.00887202487677308,0.0,0.0,0.0,0.0,1.7826889047734352e-34,20.0,27.932366615052285,-50.61656556378039,47.93236661505229,47.93236661505229,0.0,0.0,0.0,0.0,0.0,False,0.1,-0.0798090249300003,-0.0036391715984791517,25.219533693602994,50.17503544475624,217.9123617655767,221.0404108687444,-0.7980902194976807,-0.036391716450452805,-0.05363862975459838,-0.005775461820883107,-0.053638629754598516,-0.00577546182088301,0.0277099609375,0.0,-0.387939453125,-0.018952988636403646,8.763017840444226e-05,-7.142820657539666e-06,6751.088272510723,False,True,True,Omega_safe_one_step_QP,False,0.3602294921875,0.0,5.394866598161051,False,False,False,-2.587652336825745,0.00010722660553950967,0.0005899035620507969,0.001925588258044945,0.2081893735939187,0.0001999898778935093,0.016375261011706593,0.0,0.0,0.0,0.0,5.663647930446406e-07,20.0,107.7600993832259,-130.57290682458412,127.7600993832259,127.7600993832259,0.0,0.0,0.0,0.0,0.0,False,10.318764126170208,-0.1530799134035831,0.18732252442859001,0.40888221739996844
61,-4.910001871913664,-1603.7931305322027,9.594652075111707,4.349979597869374,40.1141836742271,21.01378159830477,0.1,0.0,0.0,25.29069219502367,50.18962681349602,213.65096498981586,219.59128402228924,0.0,0.0,0.0,0.0,-1.1102230246251565e-16,1.3183898417423734e-16,0.055419921875,0.0,nan,nan,6.531029531045302e-05,-0.00012678544815443145,6636.892783402778,False,True,True,Omega_safe_one_step_QP,False,0.33251953125,0.0,0.0,False,False,False,-2.01667489128602,4.115511765157254e-05,0.00022641349483302207,0.00159157118933796,0.17207635513669822,4.423003311131078e-05,0.00362157497360843,0.0,0.0,0.0,0.0,8.016683393511869e-34,20.0,4.281817353042973,-26.474416587934137,24.281817353042975,24.281817353042975,0.0,0.0,0.0,0.0,0.0,False,0.1,-0.09499018639326096,-0.01991206593811512,25.239936331472606,50.17844790418076,213.29686244351336,219.68475506699977,-0.949901819229126,-0.1991206556558609,-0.06006816662781281,-0.012722293607036687,-0.060068166627812836,-0.01272229360703675,0.0277099609375,0.0,-0.387939453125,-0.08712940624926054,6.234035030923922e-05,-0.0001267827507423487,6631.9827815308645,False,True,True,Omega_safe_one_step_QP,False,0.3602294921875,0.0,6.140066283559441,False,False,False,-1.9921248819264519,8.68609358049657e-05,0.00047786251533939194,0.002130283399196705,0.23032045641292753,0.0001837802652803881,0.015048010651666615,0.0,0.0,0.0,0.0,8.959741626913853e-07,20.0,53.10429878922571,-75.34227089670625,73.10429878922571,73.10429878922571,0.0,0.0,0.0,0.0,0.0,False,-4.910001871913664,0.07398043078520661,0.14820055508173538,0.4032929543169422
62,6.282275756318995,-1597.5108547758837,9.71658774956454,4.515277883902408,38.565079742478446,27.981481068926804,0.1,0.0,0.0,25.307020614057375,50.189969366869676,210.42639819558283,218.9159331860629,0.0,0.0,0.0,0.0,-2.7755575615628914e-17,6.245004513516506e-17,0.055419921875,0.0,nan,nan,-1.0548636930577705e-05,8.0433292343651e-05,6572.771091716062,False,True,True,Omega_safe_one_step_QP,False,0.33251953125,0.0,0.0,False,False,False,-1.69606643285244,3.3949891714269695e-05,0.00018677418680485174,0.0010397831010470263,0.11241852539145988,4.5609875199164026e-05,0.0037345570634098276,0.0,0.0,0.0,0.0,1.1748172660762138e-34,20.0,0.0,-21.812406289494113,20.0,20.0,0.0,0.0,0.0,0.0,0.0,False,0.1,-0.09409098327159882,-0.012880724854767323,25.25614169994577,50.17875939918164,210.53594284882712,219.38778670331803,-0.9409098029136658,-0.12880724668502808,-0.05657289496903575,-0.009141272912226127,-0.05657289496903575,-0.009141272912226106,0.0277099609375,0.0,-0.387939453125,-0.056900943665665484,-1.3035963586385813e-05,8.047147061490114e-05,6579.053367472381,False,True,True,Omega_safe_one_step_QP,False,0.3602294921875,0.0,5.730667775777411,False,False,False,-1.7274778116340348,7.349807369704718e-05,0.00040434717913162414,0.0007622677008322447,0.08241431390336071,8.819020902781147e-06,0.0007221053918920591,0.0,0.0,0.0,0.0,2.504063318531241e-07,20.0,23.670644602187522,-45.48166343070227,43.67064460218752,43.67064460218752,0.0,0.0,0.0,0.0,0.0,False,6.282275756318995,-0.09558032173426532,0.1021608876419125,0.39518163161636005
63,10.769376114940314,-1586.7414786609434,10.269074617714777,2.8373543658440044,36.47946032982743,24.48377012897889,0.1,0.0,0.0,25.319543227454368,50.19395497839623,207.90921256207665,218.60113591818046,0.0,0.0,0.0,0.0,8.326672684688674e-17,9.020562075079397e-17,0.055419921875,0.0,nan,nan,-0.0016009820162699515,-2.4878998612237486e-05,6573.260934881405,False,True,True,Omega_safe_one_step_QP,False,0.33251953125,0.0,0.0,False,False,False,-1.698515648679154,4.367591470129569e-05,0.00024028157497373771,0.0006336223513529946,0.06850552804949998,9.909731986623988e-06,0.0008114133052445458,0.0,0.0,0.0,0.0,1.3096323621833205e-34,20.0,5.022442590088549,-26.79051546169742,25.02244259008855,25.02244259008855,0.0,0.0,0.0,0.0,0.0,False,0.1,-0.09537114948034286,-0.022550208494067192,25.268924493094637,50.18277793826474,208.21446596975522,218.70259419106958,-0.9537114500999451,-0.22550207376480103,-0.054976317714837075,-0.012918699706112417,-0.054976317714837075,-0.01291869970611248,0.0277099609375,0.0,-0.387939453125,-0.09827899735525493,-0.0016014911047437935,-2.48591415261735e-05,6584.030310996345,False,True,True,Omega_safe_one_step_QP,False,0.3602294921875,0.0,5.647378428598008,False,False,False,-1.7523625292538554,8.867119690031598e-05,0.00048782160583765103,0.0005389254900065385,0.058267160546654165,4.6948877884134065e-05,0.00384419520456333,0.0,0.0,0.0,0.0,1.6818012111795278e-07,20.0,56.40656438736967,-78.22152626216071,76.40656438736967,76.40656438736967,0.0,0.0,0.0,0.0,0.0,False,10.769376114940314,-0.16383612672048317,0.07290090937327014,0.38623716670224256
64,5.489159901397215,-1581.2523187595461,10.137002346887112,4.442563955718012,40.621447045253916,22.6995404037823,0.1,0.0,0.0,25.306115664130623,50.195433565275465,210.53725738054789,219.2411388957617,0.0,0.0,0.0,0.0,0.0,-7.979727989493313e-17,0.055419921875,0.0,nan,nan,-0.0004394929437796435,-6.493353140960608e-05,6621.004829836878,False,True,True,Omega_safe_one_step_QP,False,0.33251953125,0.0,0.0,False,False,False,-1.9372351234565213,3.963262154647087e-05,0.00021803753374492245,0.0006906619567893524,0.07467249530027475,4.096038113128622e-05,0.003353854401175983,0.0,0.0,0.0,0.0,3.5834334027755007e-34,20.0,1.0508427697211515,-23.066322280412866,21.05084276972115,21.05084276972115,0.0,0.0,0.0,0.0,0.0,False,0.1,-0.0947934091091156,-0.02208678610622883,25.25594425902668,50.184330750725294,210.62392214401333,219.30463300455455,-0.947934091091156,-0.22086785733699799,-0.057131593142210085,-0.01331263472823252,-0.05713159314221017,-0.013312634728232582,0.0277099609375,0.0,-0.387939453125,-0.0968459705147894,-0.0004408620671753783,-6.492933150239414e-05,6626.493989738276,False,True,True,Omega_safe_one_step_QP,False,0.3602294921875,0.0,5.8662127291587325,False,False,False,-1.9646809229635074,8.154060896078446e-05,0.00044859291624254694,0.0005805479055670531,0.06276726309287932,3.624507329423866e-05,0.0029677628779674206,0.0,0.0,0.0,0.0,4.800396969491036e-08,20.0,40.152732804929165,-62.18359739478373,60.152732804929165,60.152732804929165,0.0,0.0,0.0,0.0,0.0,False,5.489159901397215,-0.08290523934767242,0.05515998756451556,0.378796138286636
65,10.829573101022106,-1570.422745658524,9.774214559261553,4.826924430026442,42.61355681985671,26.971092709387477,0.1,0.0,0.0,25.312279648037126,50.19651549002339,209.30771674436465,219.03441624153308,0.0,0.0,0.0,0.0,5.551115123125783e-17,-2.42861286636753e-17,0.055419921875,0.0,nan,nan,0.00019962505837391956,6.575589019442666e-05,6550.94446721159,False,True,True,Omega_safe_one_step_QP,False,0.33251953125,0.0,0.0,False,False,False,-1.5869333103300778,3.1703380014523956e-05,0.00017441507828695225,0.00015117701760258633,0.016344848627418588,4.273425577132881e-06,0.0003499100053299496,0.0,0.0,0.0,0.0,6.162975822039155e-35,20.0,0.0,-21.603802484041115,20.0,20.0,0.0,0.0,0.0,0.0,0.0,False,0.1,-0.09358363598585129,-0.014039888046681881,25.262363900975497,50.18545256347082,209.61266116227338,219.46362382960362,-0.9358363747596741,-0.14039887487888336,-0.05528310486586924,-0.009728590852441758,-0.05528310486586932,-0.00972859085244187,0.0277099609375,0.0,-0.387939453125,-0.06235781692633426,0.0001971889646410884,6.57757507744744e-05,6561.774040312612,False,True,True,Omega_safe_one_step_QP,False,0.3602294921875,0.0,5.613258557722897,False,False,False,-1.6410811758351884,6.648618114143746e-05,0.0003657714881969006,0.00010226487731896507,0.011056600839117364,2.527808244978516e-06,0.0002069780742658806,0.0,0.0,0.0,0.0,1.6262279411362474e-07,20.0,11.860782027456768,-33.51349271631633,31.860782027456768,31.860782027456768,0.0,0.0,0.0,0.0,0.0,False,10.829573101022106,-0.16531315683144107,0.03335193293992466,0.37038931467346065
66,17.262161924951215,-1553.1605837335728,11.45268775758052,4.83644967118599,41.02626995903727,22.336156199071418,0.1,0.0,0.0,25.327010308551582,50.20001773745219,206.36086361528302,218.60006574558088,0.0,0.0,0.0,0.0,-5.551115123125783e-17,9.367506770274758e-17,0.055419921875,0.0,nan,nan,-0.0015623883399065223,-5.3596335938936764e-05,6661.115272449289,False,True,True,Omega_safe_one_step_QP,False,0.33251953125,0.0,0.0,False,False,False,-2.1377873365185724,4.075846989879877e-05,0.00022423135056888724,0.0008683943364378203,0.09388843756196018,1.8866035333392406e-05,0.0015447594452999375,0.0,0.0,0.0,0.0,2.624079549227609e-34,20.0,0.8170762695588547,-23.050521034435256,20.817076269558854,20.817076269558854,0.0,0.0,0.0,0.0,0.0,False,0.1,-0.09402647614479065,-0.012622514739632607,25.277509995203488,50.189019296781225,206.91671165421755,219.1286681723673,-0.9402647614479065,-0.12622514367103577,-0.05277386458998104,-0.008751017041242641,-0.052773864589981026,-0.008751017041242516,0.0277099609375,0.0,-0.387939453125,-0.055798548139190655,-0.0015591598144707296,-5.347153914989685e-05,6678.37743437424,False,True,True,Omega_safe_one_step_QP,False,0.3602294921875,0.0,5.349449581982971,False,False,False,-2.2240981461433282,8.097589823595117e-05,0.00044548617919318,0.0007268143749986487,0.07858119658646794,1.1219529231461593e-05,0.0009186600918446692,0.0,0.0,0.0,0.0,7.251937318482791e-08,20.0,38.13158557942794,-60.43562914094815,58.13158557942794,58.13158557942794,0.0,0.0,0.0,0.0,0.0,False,17.262161924951215,-0.2591482239670644,-0.0033635746550824443,0.36065197029798157
67,9.839643221665028,-1543.3209405119078,12.529524203789217,5.002857458939068,38.84997917400568,25.284102744004905,0.1,0.0,0.0,25.312863163193366,50.20066668587015,209.1404622805683,219.22474581929276,0.0,0.0,0.0,0.0,-2.7755575615628914e-17,-6.938893903907228e-18,0.055419921875,0.0,nan,nan,-0.0026176254794004674,4.3258446122021715e-05,6847.230134970383,False,True,True,Omega_safe_one_step_QP,False,0.33251953125,0.0,0.0,False,False,False,-3.0683616491240446,6.430542918578935e-05,0.0003537741546982471,0.0007726168740055697,0.08353323840405177,3.9022519449268735e-05,0.003195181416413633,0.0,0.0,0.0,0.0,1.0893541247940304e-34,20.0,40.2812413682868,-63.436685211386006,60.2812413682868,60.2812413682868,0.0,0.0,0.0,0.0,0.0,False,0.1,-0.09383063018321991,-0.017841072753071785,25.26406481762545,50.18977183123519,209.3933911652636,219.4707908098559,-0.9383062720298767,-0.17841072380542755,-0.05521707486193944,-0.011490909916785363,-0.05521707486193958,-0.011490909916785481,0.0277099609375,0.0,-0.387939453125,-0.0790320966786695,-0.0026118177344094974,4.3419740346477536e-05,6857.069778192048,False,True,True,Omega_safe_one_step_QP,False,0.3602294921875,0.0,5.640005644522624,False,False,False,-3.1175598652323697,0.00011571456585732941,0.0006365997901075801,0.000613394140043534,0.06631850877170394,1.1704789908216599e-05,0.0009583934539741858,0.0,0.0,0.0,0.0,1.347628940245489e-07,20.0,134.74764093160064,-157.93311443361168,154.74764093160064,154.74764093160064,0.0,0.0,0.0,0.0,0.0,False,9.839643221665028,-0.1437025341299937,-0.01624426077271521,0.3527584273286213
68,-3.193427919803071,-1546.5143684317109,8.743921277357884,4.442087264965528,43.35193709223392,29.098259972172535,0.1,0.0,0.0,25.28518447912668,50.203682802309665,214.55976392972516,220.54933432932876,0.0,0.0,0.0,0.0,-1.1102230246251565e-16,1.0408340855860843e-16,0.055419921875,0.0,nan,nan,0.0010755096766245364,0.00011453882231625325,6562.590785717491,False,True,True,Omega_safe_one_step_QP,False,0.33251953125,0.0,0.0,False,False,False,-1.645164902859583,4.106359857508419e-05,0.00022591000571346598,0.002936883036455431,0.31752781890093495,0.00017545347209193748,0.014366209086069457,0.0,0.0,0.0,0.0,1.925929944387236e-34,20.0,9.050728166189313e-05,-21.97737534813396,20.000090507281662,20.000090507281662,0.0,0.0,0.0,0.0,0.0,False,0.1,-0.0939582958817482,-0.01540607213973999,25.236878757964746,50.192851636259384,214.27926797172177,220.7695567948229,-0.9395829439163208,-0.1540607213973999,-0.060366743763382136,-0.01172681144379592,-0.06036674376338208,-0.011726811443795823,0.0277099609375,0.0,-0.387939453125,-0.06815284161759094,0.001070381556116549,0.00011458622872642784,6559.397357797688,False,True,True,Omega_safe_one_step_QP,False,0.3602294921875,0.0,6.149521818184046,False,False,False,-1.6291977632605676,7.846919618310657e-05,0.0004316956422034754,0.0023871792167885755,0.2580953346195752,0.00016867930837072783,0.013811537518491877,0.0,0.0,0.0,0.0,2.657473932492982e-07,20.0,28.91160174000296,-50.8131383367912,48.911601740002965,48.911601740002965,0.0,0.0,0.0,0.0,0.0,False,-3.193427919803071,0.04866108559980755,-0.007608466105602178,0.3482643247846484
69,12.118025388940623,-1534.3963430427702,11.092372631957709,4.029571966569294,42.82377270853054,22.468339696133295,0.1,0.0,0.0,25.31737603060854,50.208958389156344,208.14978632433932,219.47728343920747,0.0,0.0,0.0,0.0,-8.326672684688674e-17,-1.1102230246251565e-16,0.055419921875,0.0,nan,nan,-0.0016350400794232249,-4.7479346169639405e-05,6665.770680990125,False,True,True,Omega_safe_one_step_QP,False,0.33251953125,0.0,0.0,False,False,False,-2.161064379222753,5.1239762806176604e-05,0.00028189383078870277,0.004108781290154808,0.444230275843205,0.0001149293111009849,0.009410463604444932,0.0,0.0,0.0,0.0,4.704083889165823e-34,20.0,7.389404801919159,-30.00439181442035,27.38940480191916,27.38940480191916,0.0,0.0,0.0,0.0,0.0,False,0.1,-0.09496761113405228,-0.013426492922008038,25.26896505399808,50.198104017065624,208.50265702711235,219.8920648244157,-0.9496760964393616,-0.13426493108272552,-0.05502169741314253,-0.009960067495207885,-0.055021697413142445,-0.009960067495207996,0.0277099609375,0.0,-0.387939453125,-0.05876439187324027,-0.001633435322392185,-4.741089617634267e-05,6677.888706379065,False,True,True,Omega_safe_one_step_QP,False,0.3602294921875,0.0,5.5915920190340325,False,False,False,-2.221654506167456,9.393915687931065e-05,0.0005168031103878902,0.0033369234005381295,0.36077909677028525,7.699921581290963e-05,0.0063047303689265505,0.0,0.0,0.0,0.0,3.169090466608175e-07,20.0,65.11408453647412,-87.70333998980023,85.11408453647412,85.11408453647412,0.0,0.0,0.0,0.0,0.0,False,12.118025388940623,-0.18179481366647657,0.016806380243324617,0.34042535413702973
70,5.739779322590039,-1528.6565637201802,10.39133103583837,6.402687547314466,39.059405697090476,27.501460600737737,0.1,0.0,0.0,25.303592235763407,50.20998517424715,210.85324912355702,220.10743546990088,0.0,0.0,0.0,0.0,-1.1102230246251565e-16,-5.551115123125783e-17,0.055419921875,0.0,nan,nan,0.00038182696007672736,7.828735129208463e-05,6655.001723593748,False,True,True,Omega_safe_one_step_QP,False,0.33251953125,0.0,0.0,False,False,False,-2.107219592240867,4.01514091884844e-05,0.00022089162649953223,0.0007308711106754022,0.0790197998319182,3.9709158178702764e-05,0.0032514037039296836,0.0,0.0,0.0,0.0,3.851859888774472e-35,20.0,0.0,-22.189711687403214,20.0,20.0,0.0,0.0,0.0,0.0,0.0,False,0.1,-0.09449353069067001,-0.020761309191584587,25.255690331092246,50.19920360141885,210.95557039727868,220.1572906530724,-0.9449352622032166,-0.20761309564113617,-0.05727808648463206,-0.013579557376688665,-0.057278086484632146,-0.013579557376688672,0.0277099609375,0.0,-0.387939453125,-0.09132292906803799,0.00038126282933232617,7.830858467427907e-05,6660.741502916338,False,True,True,Omega_safe_one_step_QP,False,0.3602294921875,0.0,5.886580985502359,False,False,False,-2.1359184888538176,7.44116751609316e-05,0.00040937332684122085,0.0006016784001540735,0.06505183478852723,7.034474018663116e-06,0.0005759858916310468,0.0,0.0,0.0,0.0,1.8191998644079156e-07,20.0,19.490747114781122,-41.69270297956193,39.49074711478112,39.49074711478112,0.0,0.0,0.0,0.0,0.0,False,5.739779322590039,-0.08624760084195016,0.014082502140166877,0.33421720466163457
71,14.196067512343689,-1514.4604962078365,11.318310254118472,4.704486909601417,40.811562309060996,26.28971452316146,0.1,0.0,0.0,25.322294375701134,50.21394458205432,207.11798873072445,219.53099340369323,0.0,0.0,0.0,0.0,1.3877787807814457e-17,-1.3183898417423734e-16,0.055419921875,0.0,nan,nan,-0.0015123869842774838,6.308805423126552e-05,6664.497676621503,False,True,True,Omega_safe_one_step_QP,False,0.33251953125,0.0,0.0,False,False,False,-2.1546993573796454,4.997847432420141e-05,0.0002749548946492326,0.001395217020226374,0.15084707556506236,3.3228545569374184e-05,0.00272076823321841,0.0,0.0,0.0,0.0,2.1425970631308e-34,20.0,2.411308087884234,-24.71985024395681,22.411308087884233,22.411308087884233,0.0,0.0,0.0,0.0,0.0,False,0.1,-0.09504231065511703,-0.017391929402947426,25.274664137008923,50.20320503671547,207.56082877775617,219.77738595906303,-0.9504230618476868,-0.17391929030418396,-0.05408037558864645,-0.011664768866018554,-0.054080375588646507,-0.011664768866018672,0.0277099609375,0.0,-0.387939453125,-0.07606028531843421,-0.0015098405192799013,6.32164790343977e-05,6678.693744133847,False,True,True,Omega_safe_one_step_QP,False,0.3602294921875,0.0,5.532408025902213,False,False,False,-2.225679694941364,8.886228243179718e-05,0.0004888728564588003,0.0011524270663318286,0.1245972850374022,1.44327576530363e-05,0.001181760677973021,0.0,0.0,0.0,0.0,1.3891770014899116e-07,20.0,47.557537185530116,-69.90948493796103,67.55753718553012,67.55753718553012,0.0,0.0,0.0,0.0,0.0,False,14.196067512343689,-0.21301031527315703,0.003107832899476525,0.3263581225324742
72,6.459278742103379,-1508.0012174657331,7.491789757740177,4.757103698722563,39.20776838236808,26.287360242868175,0.1,0.0,0.0,25.309482281623534,50.217010180599935,209.60586639774573,220.23233109024247,0.0,0.0,0.0,0.0,1.1102230246251565e-16,-9.020562075079397e-17,0.055419921875,0.0,nan,nan,0.0024443057047184484,-3.001050180460353e-06,6309.312634034388,False,True,True,Omega_safe_one_step_QP,False,0.33251953125,0.0,0.0,False,False,False,-0.3787741444440689,2.6683835817252742e-05,0.00014680022480032722,0.0006189535286063247,0.06691957476679247,4.918745505742366e-05,0.004027490908793846,0.0,0.0,0.0,0.0,1.1170393677445967e-34,0.0,0.0,-0.44986801034445556,0.0,0.0,0.0,0.0,0.0,0.0,0.0,False,0.1,-0.09518221765756607,-0.02922755479812622,25.262445067058525,50.206363411153774,209.76351944062876,219.9139893661213,-0.9518221616744995,-0.2922755479812622,-0.05648547732603526,-0.017252659338728014,-0.056485477326035316,-0.01725265933872789,0.0277099609375,0.0,-0.387939453125,-0.1276332525685284,0.002435996130179212,-3.1390685534295193e-06,6315.771912776491,False,True,True,Omega_safe_one_step_QP,False,0.3602294921875,0.0,5.9061522186684625,False,False,False,-0.41107053815458583,4.5026137516448274e-05,0.0002477097803544189,0.0004851846156306064,0.052456843140546654,1.866049081993245e-06,0.0001527929368233621,0.0,0.0,0.0,0.0,3.700903430218511e-07,20.0,0.0,-20.463928254102655,20.0,20.0,0.0,0.0,0.0,0.0,0.0,False,6.459278742103379,-0.1023769008886963,-0.009438362626904147,0.3206071340212913
73,32.119999491827,-1475.8812179739061,10.1789551647225,4.385843312362989,38.72550027894458,24.21355159939047,0.1,0.0,0.0,25.358069156669846,50.21913261853465,200.0007770479676,218.29656823229044,0.0,0.0,0.0,0.0,1.1796119636642288e-16,-7.979727989493313e-17,0.26014284641297625,-0.05033574002966734,nan,nan,-0.0005647394747015687,-2.600571006703984e-05,6369.657492041964,True,True,True,Z_mode_existing_controller,False,0.05060201485354432,0.0,0.0,False,False,False,-0.6804984344819514,2.8128931359038593e-05,0.00015475036929398173,0.009225774141722118,0.9974656479439694,0.0003747177842226604,0.03068206044728808,0.0,0.0,0.0,0.0,1.5648180798146292e-36,20.0,0.0,-21.708800893242504,20.0,20.0,0.0,0.0,0.0,0.0,0.0,False,0.1,-0.09338247030973434,-0.004165090620517731,25.311228845662182,50.20854358740456,201.19153792052794,219.21811491205847,-0.9338247179985046,-0.04165090620517731,-0.046478191875647,-0.004939267832572546,-0.04647819187564714,-0.004939267832572654,0.0277099609375,0.0,-0.387939453125,-0.01853899848861617,-0.0005647347672667596,-2.5967595595024692e-05,6401.777491533791,False,True,True,Omega_safe_one_step_QP,False,0.3602294921875,0.0,4.673990465064479,False,False,False,-0.8410984319410864,4.75648439319372e-05,0.00026167638826821984,0.007347886718094996,0.7944335590373997,4.842412558172638e-05,0.0039649891485341185,0.0,0.0,0.0,0.0,2.5176537246940676e-06,20.0,0.0,-21.639761174169013,20.0,20.0,0.0,0.0,0.0,0.0,0.0,False,32.119999491827,-0.5042657243651899,-0.042904414952320336,0.30958583539223333
74,27.217725350526962,-1448.6634926233792,9.676286754208034,5.105214705615777,40.406792893866914,21.25801745008247,0.1,0.0,0.0,25.353570037087117,50.2192985081343,200.88393567682738,218.48844379431407,0.0,0.0,0.0,0.0,6.938893903907228e-17,1.2836953722228372e-16,0.055419921875,0.0,nan,nan,0.0004000459313032267,-0.00011639454275579574,6337.548545115104,False,True,True,Omega_safe_one_step_QP,False,0.33251953125,0.0,0.0,False,False,False,-0.5199536998476515,2.4468339595471955e-05,0.00013461174689073782,7.799691637294776e-05,0.008432814800412145,3.681623130188213e-06,0.0003014529552124141,0.0,0.0,0.0,0.0,4.569268793058717e-34,0.0,0.0,-0.5288225793501669,0.0,0.0,0.0,0.0,0.0,0.0,0.0,False,0.1,-0.09271353483200073,-0.0028432493563741446,25.307887146119064,50.20890014289183,201.8809837271048,219.42690631995777,-0.9271353483200073,-0.028432492166757584,-0.046815756651472834,-0.0045217313684225505,-0.046815756651472876,-0.004521731368422446,0.0277099609375,0.0,-0.387939453125,-0.012746735750631616,0.0003981952888366799,-0.00011650784842120922,6364.766270465631,False,True,True,Omega_safe_one_step_QP,False,0.3602294921875,0.0,4.7033616971460885,False,False,False,-0.6560423266002863,3.909027842664633e-05,0.00021505385132181007,4.753355202064117e-05,0.005139198568814835,4.359385201257107e-06,0.0003569484179552721,0.0,0.0,0.0,0.0,2.8828667677333653e-09,20.0,0.0,-20.661753530321246,20.0,20.0,0.0,0.0,0.0,0.0,0.0,False,27.217725350526962,-0.42946772173455006,-0.06690047345860026,0.2998898606103561
75,26.326424668081017,-1422.3370679552982,9.46301655796642,3.0554617384071303,42.5480589279884,26.554382140048634,0.1,0.0,0.0,25.364272669265052,50.217793494620985,198.78989920187144,217.9483667068656,0.0,0.0,0.0,0.0,1.1796119636642288e-16,-1.3877787807814457e-16,0.26014284641297625,-0.05033574002966734,nan,nan,-0.00040460695529592056,4.8494495429343004e-05,6265.120450253161,True,True,True,Z_mode_existing_controller,False,0.05060201485354432,0.0,0.0,False,False,False,-0.15781322553793417,2.590681678015748e-05,0.00014252548071552187,0.0004384988758445908,0.0474093077283358,2.916832603868031e-05,0.002388315634715679,0.0,0.0,0.0,0.0,7.372700568357387e-34,0.0,0.0,-0.20775337438170116,0.0,0.0,0.0,0.0,0.0,0.0,0.0,False,0.1,-0.09510844945907593,-0.001239071716554463,25.319557957414606,50.20755079279402,199.7533068640414,218.97901416991195,-0.9510844945907593,-0.012390716932713985,-0.045915884336392404,-0.0034094613416384804,-0.04591588433639234,-0.003409461341638456,0.0277099609375,0.0,-0.387939453125,-0.005415075483791642,-0.0004070023643435875,4.8476462704128906e-05,6291.446874921242,False,True,True,Omega_safe_one_step_QP,False,0.3602294921875,0.0,4.604229426335187,False,False,False,-0.2894453488783392,4.1142657964932694e-05,0.0002263449482862588,0.0004527008833615247,0.04894479021602429,2.0060737807266472e-05,0.0016425822203677666,0.0,0.0,0.0,0.0,2.0469147959304584e-08,20.0,0.0,-20.340259086732164,20.0,20.0,0.0,0.0,0.0,0.0,0.0,False,26.326424668081017,-0.4202062015745798,-0.09586946048476981,0.2906701401712754
76,23.504195448862447,-1398.8328725064357,10.306010250707343,5.170291313583973,43.226149509046316,23.2240266932587,0.1,0.0,0.0,25.361178095736662,50.21926517311566,199.38077031531913,218.15289869786332,0.0,0.0,0.0,0.0,4.85722573273506e-17,-2.7755575615628914e-17,0.26014284641297625,-0.05033574002966734,nan,nan,-0.00013367278780262786,-3.666066200922434e-05,6366.713393906385,True,True,True,Z_mode_existing_controller,False,0.05060201485354432,0.0,0.0,False,False,False,-0.6657779438040552,2.547628543332914e-05,0.000140156926998926,3.4912867270691325e-05,0.0037746844046673655,4.183333534148656e-06,0.00034253322839261814,0.0,0.0,0.0,0.0,1.71407765050464e-34,0.0,0.0,-0.6700353183641141,0.0,0.0,0.0,0.0,0.0,0.0,0.0,False,0.1,-0.09445252269506454,-0.0010339905275031924,25.317392364412843,50.2091715633855,200.21391870571318,219.1584519292498,-0.9445251822471619,-0.010339904576539993,-0.04604662859349333,-0.003480445748424481,-0.046046628593493254,-0.003480445748424571,0.0277099609375,0.0,-0.387939453125,-0.004550196698190831,-0.0001333904126070394,-3.664004319043745e-05,6390.217589355248,False,True,True,Omega_safe_one_step_QP,False,0.3602294921875,0.0,4.617797643287158,False,False,False,-0.7832989210483674,3.966724737464273e-05,0.00021822802657340252,2.1216326868826678e-05,0.002293851648882331,3.2197909476186106e-06,0.00026363792870787113,0.0,0.0,0.0,0.0,2.213284677164603e-10,20.0,0.0,-20.78607463887386,20.0,20.0,0.0,0.0,0.0,0.0,0.0,False,23.504195448862447,-0.36917313525308737,-0.1378225167792058,0.28219513848920935
77,21.116713876464928,-1377.7161586299708,10.927423369384908,3.498947408865032,42.990638635298566,28.422418022005036,0.1,0.0,0.0,25.362631891292587,50.2191219147775,199.0939708923774,218.07712255972382,0.0,0.0,0.0,0.0,-9.71445146547012e-17,-4.85722573273506e-17,0.26014284641297625,-0.05033574002966734,nan,nan,-0.0017837486960119557,0.0001293587479870486,6425.304401196212,True,True,True,Z_mode_existing_controller,False,0.05060201485354432,0.0,0.0,False,False,False,-0.9587329802531894,3.516207447057676e-05,0.00019344296944703477,8.225390899970723e-06,0.0008893069283506474,5.742023111337009e-07,4.7015943093611326e-05,0.0,0.0,0.0,0.0,2.1666711874356403e-34,20.0,0.0,-20.959862746094082,20.0,20.0,0.0,0.0,0.0,0.0,0.0,False,0.1,-0.0952465832233429,-0.0010805815691128373,25.31970618821252,50.209157637099075,199.82100209043438,219.0705385572601,-0.952465832233429,-0.01080581545829773,-0.046060857291857764,-0.0034376473076851537,-0.04606085729185765,-0.0034376473076852022,0.0277099609375,0.0,-0.387939453125,-0.0047155822376882105,-0.001781606775285576,0.00012957923756131123,6446.421115072677,False,True,True,Omega_safe_one_step_QP,False,0.3602294921875,0.0,4.618895964917278,False,False,False,-1.064316549635514,5.756419055597987e-05,0.0003166874572284315,1.5438346656215408e-05,0.0016691521181929822,7.728760974596841e-07,6.328344193674945e-05,0.0,0.0,0.0,0.0,2.0341623868663127e-11,20.0,0.2843400576764579,-21.350705730349674,20.28434005767646,20.28434005767646,0.0,0.0,0.0,0.0,0.0,False,21.116713876464928,-0.3286492367977708,-0.15823111950990468,0.2743785947578317
78,7.90575990236357,-1369.8103987276072,12.064485109090358,4.705872015069327,36.65566590655719,23.65634141303036,0.1,0.0,0.0,25.33909780314219,50.22225506543498,203.69465680280038,219.2336255304992,0.0,0.0,0.0,0.0,4.163336342344337e-17,6.938893903907228e-18,0.055419921875,0.0,nan,nan,-0.002419800815031053,-2.468517633833281e-05,6660.32644607113,False,True,True,Omega_safe_one_step_QP,False,0.33251953125,0.0,0.0,False,False,False,-2.1338432046277784,5.259024778815014e-05,0.00028932347847132714,0.002116631084636454,0.2288444052350441,0.00013374991214123077,0.01095150286941878,0.0,0.0,0.0,0.0,2.2340787354891934e-34,20.0,2.1403423967375175,-24.514270832948228,22.140342396737516,22.140342396737516,0.0,0.0,0.0,0.0,0.0,False,0.1,-0.09508634358644485,-0.033781785517930984,25.296970750431342,50.21240710980273,203.90713911109572,218.7449771189035,-0.9508634209632874,-0.33781784772872925,-0.050268846670962486,-0.01811047707423774,-0.05026884667096257,-0.018110477074237852,0.0277099609375,0.0,-0.387939453125,-0.1476697791386601,-0.002415304971011465,-2.4576140850020127e-05,6668.232205973493,False,True,True,Omega_safe_one_step_QP,False,0.3602294921875,0.0,5.343169775971226,False,False,False,-2.1733720041395963,8.550200621523934e-05,0.00047038640993138825,0.0016696515751619134,0.18051819442749478,1.0599025014481907e-05,0.000867852927907515,0.0,0.0,0.0,0.0,2.3299910797289325e-06,20.0,39.42906165376397,-61.784292421659984,59.42906165376397,59.42906165376397,0.0,0.0,0.0,0.0,0.0,False,7.90575990236357,-0.11869928548362838,-0.17540525599576043,0.26923292590992226
79,-3.1802971663801145,-1372.9906958939873,9.734217638360237,6.170253826740302,44.63520958431156,26.173991001645447,0.1,0.0,0.0,25.30981874737053,50.22301380836146,209.45581237959433,220.5014690090076,0.0,0.0,0.0,0.0,-2.7755575615628914e-17,8.326672684688674e-17,0.055419921875,0.0,nan,nan,0.0010162522051300592,4.841456347525093e-05,6547.922676294455,False,True,True,Omega_safe_one_step_QP,False,0.33251953125,0.0,0.0,False,False,False,-1.5718243557444067,3.8125251553051045e-05,0.00020974478845122577,0.003319091358002407,0.3588511447535953,0.0001607427085996235,0.013161685165131835,0.0,0.0,0.0,0.0,1.0640762942739478e-34,20.0,0.0,-21.944046930451584,20.0,20.0,0.0,0.0,0.0,0.0,0.0,False,0.1,-0.09320840984582901,-0.031101016327738762,25.268105822926216,50.21323968362927,209.21360316981884,220.01306108814907,-0.9320840835571289,-0.3110101521015167,-0.05462847293961823,-0.01809651245661304,-0.05462847293961831,-0.018096512456613076,0.0277099609375,0.0,-0.387939453125,-0.13869048119965688,0.0010142620962959176,4.8383603021256126e-05,6544.742379128075,False,True,True,Omega_safe_one_step_QP,False,0.3602294921875,0.0,5.754783939303858,False,False,False,-1.555922869912506,6.090862874114619e-05,0.00033508677135911494,0.0028158560806520274,0.30444271308383175,0.00016080369530575904,0.013166678784017614,0.0,0.0,0.0,0.0,1.9006536212898596e-07,20.0,1.0765228637310598,-22.950390402348138,21.07652286373106,21.07652286373106,0.0,0.0,0.0,0.0,0.0,False,-3.1802971663801145,0.048569558982328745,-0.1802674396519803,0.266429120434736
80,9.648167720366473,-1363.3425281736208,10.791867555154974,3.605796942980784,37.51892301686005,24.112497099042514,0.1,0.0,0.0,25.336843130676765,50.22612723640764,204.08972229572925,219.528091228461,0.0,0.0,0.0,0.0,1.1102230246251565e-16,6.245004513516506e-17,0.055419921875,0.0,nan,nan,-0.0017165668512343852,-2.483403179672286e-05,6534.3271396479695,False,True,True,Omega_safe_one_step_QP,False,0.33251953125,0.0,0.0,False,False,False,-1.503846672511977,4.8743726526596456e-05,0.0002681619711916944,0.0028794922788155236,0.3113228860274536,9.474643036618234e-05,0.007757880266319584,0.0,0.0,0.0,0.0,1.9692633681359486e-34,20.0,0.0,-21.82319560077694,20.0,20.0,0.0,0.0,0.0,0.0,0.0,False,0.1,-0.0941488966345787,-0.015512056648731232,25.295077196955447,50.21635136492489,204.3637248401409,219.7868666784875,-0.9414889812469482,-0.15512056648731232,-0.05019629036302095,-0.010766012419554508,-0.05019629036302102,-0.010766012419554424,0.0277099609375,0.0,-0.387939453125,-0.0684827702439733,-0.001715325755080382,-2.478355198712312e-05,6543.975307368336,False,True,True,Omega_safe_one_step_QP,False,0.3602294921875,0.0,5.133784753597201,False,False,False,-1.5520875111138093,7.793641874114566e-05,0.0004287645850352314,0.0023521319812679774,0.25430612268460007,5.116391096214134e-06,0.00041893240058424585,0.0,0.0,0.0,0.0,7.338047318560949e-07,20.0,21.560592073537034,-43.3678341381258,41.56059207353704,41.56059207353704,0.0,0.0,0.0,0.0,0.0,False,9.648167720366473,-0.14765357647652547,-0.18003931600929107,0.2612443459135864
81,1.8502533383389164,-1361.492274835282,11.941090688604605,3.776276869335847,44.67239645938966,26.194095832274375,0.1,0.0,0.0,25.31842791001786,50.22693483237679,207.7086011578088,220.34119139851242,0.0,0.0,0.0,0.0,8.326672684688674e-17,-9.020562075079397e-17,0.055419921875,0.0,nan,nan,-0.0026536325101630086,8.779268578251471e-05,6745.228212499483,False,True,True,Omega_safe_one_step_QP,False,0.33251953125,0.0,0.0,False,False,False,-2.5583520367695427,7.323962431352969e-05,0.0004029253285453848,0.0013096284218406212,0.14159346872036613,6.611318865376604e-05,0.005413377576529608,0.0,0.0,0.0,0.0,2.407412430484045e-34,20.0,30.90507814173397,-53.61083995012895,50.905078141733966,50.905078141733966,0.0,0.0,0.0,0.0,0.0,False,0.1,-0.09333924204111099,-0.023911256343126297,25.277075677618175,50.217219946084114,207.66896316898485,220.17659947844558,-0.9333924055099487,-0.23911255598068237,-0.05312286472015046,-0.014976803154585022,-0.05312286472015046,-0.014976803154584988,0.0277099609375,0.0,-0.387939453125,-0.10647932714239537,-0.0026506564843709795,8.781526802849587e-05,6747.078465837822,False,True,True,Omega_safe_one_step_QP,False,0.3602294921875,0.0,5.519368975532069,False,False,False,-2.5676033034612376,0.00011287052847179944,0.0006209534141369113,0.0010924600410459184,0.1181138131017975,1.5189165536315561e-05,0.0012436956951372693,0.0,0.0,0.0,0.0,2.6295596082026816e-07,20.0,109.62417696560448,-132.31175899423275,129.62417696560448,129.62417696560448,0.0,0.0,0.0,0.0,0.0,False,1.8502533383389164,-0.02743055208881205,-0.18505338887287023,0.2575607651696226
82,-12.285224491108238,-1373.7774993263902,10.594250219956594,6.520364617297658,33.75508741448474,24.995715360708033,0.1,0.0,0.0,25.288947397545257,50.230554931524715,213.4757585369506,221.7748443742265,0.0,0.0,0.0,0.0,-1.3877787807814457e-16,9.020562075079397e-17,0.055419921875,0.0,nan,nan,0.00011712084945417634,-1.5377157801260352e-05,6741.306045174479,False,True,True,Omega_safe_one_step_QP,False,0.33251953125,0.0,0.0,False,False,False,-2.5387412001445226,6.067791206025343e-05,0.0003338174913031215,0.003326010423578963,0.35959921533525796,0.00020553608547738022,0.01682938697931858,0.0,0.0,0.0,0.0,8.185202263645752e-34,20.0,5.028010532240006,-27.94351415219041,25.028010532240007,25.028010532240007,0.0,0.0,0.0,0.0,0.0,False,0.1,-0.09459420293569565,-0.012169321067631245,25.247779286761567,50.22086228670668,212.84045483677193,221.9604727701718,-0.9459419846534729,-0.1216932088136673,-0.05931475864468888,-0.011524925878668484,-0.0593147586446888,-0.011524925878668359,0.0277099609375,0.0,-0.387939453125,-0.053472316635913376,0.00011693298018399662,-1.5402536490810408e-05,6729.02082068337,False,True,True,Omega_safe_one_step_QP,False,0.3602294921875,0.0,6.04240391697419,False,False,False,-2.4773150776889814,9.437342777199963e-05,0.0005191922370901974,0.0026744326069991194,0.28915239114285335,0.00031822039209341516,0.026056028608367924,0.0,0.0,0.0,0.0,5.025500710072439e-07,20.0,53.086626399605464,-75.87966959183282,73.08662639960546,73.08662639960546,0.0,0.0,0.0,0.0,0.0,False,-12.285224491108238,0.18223804717933217,-0.17065310100828426,0.25661227887149685
83,0.41717249955217994,-1373.360326826838,7.4863832487783135,2.865569257023778,37.37794384068003,26.479282637373345,0.1,0.0,0.0,25.30578730632601,50.23299796243121,210.1252533156739,221.19342768365493,0.0,0.0,0.0,0.0,5.551115123125783e-17,7.632783294297951e-17,0.055419921875,0.0,nan,nan,0.0016269149686915338,-2.4302608210300183e-06,6320.7943479459545,False,True,True,Omega_safe_one_step_QP,False,0.33251953125,0.0,0.0,False,False,False,-0.4361827140019022,4.037515635254844e-05,0.00022212256399322644,0.0011225885237802465,0.121371222842218,3.380453680751829e-05,0.0027679306544589896,0.0,0.0,0.0,0.0,3.7940819904428546e-34,20.0,0.0,-20.560543990062573,20.0,20.0,0.0,0.0,0.0,0.0,0.0,False,0.1,-0.09302946925163269,-0.011779474094510078,25.26427281356648,50.223221480702975,210.01600754785747,221.47938799127766,-0.9302946925163269,-0.11779473721981049,-0.05533587996551678,-0.010734866739564149,-0.05533587996551667,-0.010734866739564072,0.0277099609375,0.0,-0.387939453125,-0.05262989829710958,0.001620177637967674,-2.424740360131711e-06,6321.211520445507,False,True,True,Omega_safe_one_step_QP,False,0.3602294921875,0.0,5.636751702420695,False,False,False,-0.43826857649966316,6.043084767352102e-05,0.0003324582748935743,0.000797750248785622,0.08625059063649261,2.314425644836265e-05,0.0018950621114215505,0.0,0.0,0.0,0.0,1.6455668986852733e-07,20.0,0.016017070193322516,-20.54276392227248,20.01601707019332,20.01601707019332,0.0,0.0,0.0,0.0,0.0,False,0.41717249955217994,-0.00660000114839596,-0.16307096012677558,0.2535408444813584
84,16.295849301473936,-1357.064477525364,8.46570194496423,7.003999930502822,43.30246335887492,27.29827775155959,0.1,0.0,0.0,25.34249582184947,50.23517370718857,202.86102880333127,219.76073447037948,0.0,0.0,0.0,0.0,8.326672684688674e-17,1.249000902703301e-16,0.055419921875,0.0,nan,nan,0.0025911937294064496,5.712527145807639e-05,6254.260534074534,False,True,True,Omega_safe_one_step_QP,False,0.33251953125,0.0,0.0,False,False,False,-0.10351364464479956,3.161301753005982e-05,0.0001739179521194964,0.005276895776571941,0.5705236421416033,0.00020526098433655527,0.016806861574367706,0.0,0.0,0.0,0.0,3.1296361596292584e-35,0.0,0.0,-0.6910180663128901,0.0,0.0,0.0,0.0,0.0,0.0,0.0,False,0.1,-0.09394191950559616,-0.013301200233399868,25.300964150866175,50.225395292457684,203.43532697313444,220.12296376080783,-0.9394192099571228,-0.13301199674606323,-0.0491119157224055,-0.010089787801008158,-0.04911191572240546,-0.010089787801008096,0.0277099609375,0.0,-0.387939453125,-0.05885164059279521,0.002586022728920706,5.7008406415710866e-05,6270.556383376008,False,True,True,Omega_safe_one_step_QP,False,0.3602294921875,0.0,5.013765135897397,False,False,False,-0.18499289115216924,3.472405424013415e-05,0.00019103321588924638,0.004330535682653707,0.4682057585940809,0.0001839886693005662,0.015065074866427138,0.0,0.0,0.0,0.0,3.9153857736495404e-07,0.0,0.0,-0.668455149367144,0.0,0.0,0.0,0.0,0.0,0.0,0.0,False,16.295849301473936,-0.2605559716083253,-0.17181123310760307,0.24767272981982158
85,57.525166712909595,-1299.5393108124545,8.782975122532225,4.756292452598798,36.52999447539562,29.080299591871118,0.1,0.0,0.0,25.387654098836265,50.237407399455876,193.9303424619393,217.97544482094077,0.0,0.0,0.0,0.0,-2.949029909160572e-17,-1.249000902703301e-16,0.26014284641297625,-0.05033574002966734,nan,nan,0.0010675206067552341,9.507155494771404e-05,6078.4742505925915,True,True,True,Z_mode_existing_controller,False,0.05060201485354432,0.0,0.0,False,False,False,0.775417772764913,3.319616951768215e-05,0.00018262760950412841,0.00797571585283252,0.8623127402377069,0.00031872591323929913,0.02609742090680812,0.0,0.0,0.0,0.0,7.511427709664031e-34,0.0,0.0,-0.11317501598910619,0.0,0.0,0.0,0.0,0.0,0.0,0.0,False,0.1,-0.09456629306077957,-0.0008228993974626064,25.346682339162097,50.22773151600004,196.25231255194345,219.14562155537732,-0.9456629157066345,-0.008228993974626064,-0.03108534570439902,-0.0019403468958456294,-0.03108534570439897,-0.0019403468958456259,0.23243288547547625,-0.05033574002966734,-0.32560894130464346,-0.05519172272871581,0.0010623358445685958,9.481680240969095e-05,6135.999417305501,True,True,True,Z_mode_existing_controller,False,0.07831197579104432,0.0,3.1145845046140828,False,False,False,0.48779193920036507,3.0504375924537357e-05,0.00016781879763405074,0.005159569617503772,0.5578386564181328,9.551977865157873e-05,0.007821202371216638,0.0,0.0,0.0,0.0,3.913706136808258e-06,0.0,0.0,-0.07803965209275521,0.0,0.0,0.0,0.0,0.0,0.0,0.0,False,57.525166712909595,-0.9463750991015789,-0.2083518345714684,0.23457178390081485
86,43.55631006698695,-1255.9830007454675,12.021820194084075,5.017306260352669,38.59858663568572,26.736765379594985,0.1,0.0,0.0,25.402564411838238,50.239007981760636,190.97010225806255,217.42895297468405,0.0,0.0,0.0,0.0,3.469446951953614e-17,-1.9081958235744878e-17,0.26014284641297625,-0.05033574002966734,nan,nan,-0.0021366288067546603,7.311901784368482e-05,6336.661525889931,True,True,True,Z_mode_existing_controller,False,0.05060201485354432,0.0,0.0,False,False,False,-0.5155186037217845,3.52530892364973e-05,0.0001939436841189728,0.0008763022064648183,0.09474341499574156,2.9865333802507204e-05,0.0024453869434242575,0.0,0.0,0.0,0.0,1.5317161588954735e-34,0.0,0.0,-0.6129013493450692,0.0,0.0,0.0,0.0,0.0,0.0,0.0,False,0.1,-0.09136901050806046,0.0006548754754476249,25.3635654082255,50.229687445417184,192.60284553309404,218.55479971333793,-0.9136900901794434,0.006548754405230284,-0.030074076049932452,-0.0010656096046997507,-0.030074076049932463,-0.001065609604699761,0.23243288547547625,-0.05033574002966734,-0.32560894130464346,-0.046336047961205544,-0.0021291077316611074,7.366920882953803e-05,6380.217835956918,True,True,True,Z_mode_existing_controller,False,0.07831197579104432,0.0,3.009294890978187,False,False,False,-0.7333001540567193,4.414002434681544e-05,0.0002428348585706278,0.0013318609521669575,0.14399718952761034,3.490704490308172e-05,0.0028582045124288615,0.0,0.0,0.0,0.0,1.787831642566015e-08,20.0,0.0,-20.880398400833645,20.0,20.0,0.0,0.0,0.0,0.0,0.0,False,43.55631006698695,-0.6873699958413012,-0.22914800944123798,0.22414594221707043
87,-4.22833027742854,-1260.211331022896,8.190339624052426,5.431837305872604,40.46027842649908,25.752949871609705,0.1,0.0,0.0,25.366959453592,50.23970602657369,197.97892688429147,218.95981208370483,0.0,0.0,0.0,0.0,1.3877787807814457e-16,-8.673617379884035e-17,0.26014284641297625,-0.05033574002966734,nan,nan,0.0020783167556870054,-1.6659755066655499e-06,6111.6057468891495,True,True,True,Z_mode_existing_controller,False,0.05060201485354432,0.0,0.0,False,False,False,0.6097602912821231,3.3537836214931915e-05,0.00018450727734148714,0.0049123622641232875,0.5311112686533429,0.00023435296116719004,0.01918892570164235,0.0,0.0,0.0,0.0,1.5410448820635992e-34,0.0,0.0,0.05927558964979626,0.0,0.0,0.0,0.0,0.0,0.0,0.0,False,0.1,-0.09287809580564499,-0.0004960697842761874,25.32955782032267,50.23064719815509,197.66714011830703,219.70175819994836,-0.9287809133529663,-0.0049606976099312305,-0.04259290355848577,-0.0037341873449603102,-0.04259290355848583,-0.003734187344960435,0.0277099609375,0.0,-0.387939453125,-0.002220018760935623,0.002074852687384456,-1.5909894621017606e-06,6107.377416611721,False,True,True,Omega_safe_one_step_QP,False,0.3602294921875,0.0,4.275628127737179,False,False,False,0.6309019426692657,3.131325993457467e-05,0.000172268845795196,0.002564707964581762,0.27728926075802257,0.00013155137700076878,0.01077148582481793,0.0,0.0,0.0,0.0,1.6384234934472726e-06,0.0,0.0,0.34266728881713654,0.0,0.0,0.0,0.0,0.0,0.0,0.0,False,-4.22833027742854,0.06918525920263738,-0.21954578219748752,0.22247403258698556
88,26.322689282810643,-1233.8886417400854,8.107642308012451,4.116028419514622,39.19799896110087,27.27608679359829,0.1,0.0,0.0,25.400373410526406,50.23999492164563,191.38632857913356,217.5620910841362,0.0,0.0,0.0,0.0,2.7755575615628914e-17,-5.204170427930421e-17,0.26014284641297625,-0.05033574002966734,nan,nan,0.0015576984537066967,4.09839523749728e-05,5949.376989142937,True,True,True,Z_mode_existing_controller,False,0.05060201485354432,0.0,0.0,False,False,False,1.4209040800131834,3.7268511155721635e-05,0.0002050314599858272,0.004346235241317091,0.4699031522451771,0.00019536239926351405,0.015996360983413078,0.0,0.0,0.0,0.0,1.3529657859320332e-34,20.0,0.0,-19.065200464675392,20.0,20.0,0.0,0.0,0.0,0.0,0.0,False,0.1,-0.09226775169372559,0.00020866624254267663,25.362823425688074,50.230888136311215,192.39438942333635,218.5616704954596,-0.9226775169372559,0.0020866624545305967,-0.03040086443751575,-0.0013286894593923931,-0.03040086443751586,-0.001328689459392296,0.23243288547547625,-0.05033574002966734,-0.32560894130464346,-0.04907371197502929,0.001552369938142211,4.076699776321604e-05,5975.699678425748,True,True,True,Z_mode_existing_controller,False,0.07831197579104432,0.0,3.042988620136,False,False,False,1.28929063359913,2.8339610396141202e-05,0.00015590941292695833,0.002780189989131381,0.3005865921186127,0.00012997999739264583,0.010642820556842778,0.0,0.0,0.0,0.0,1.5443223800473496e-06,0.0,0.0,0.9779037671883678,0.0,0.0,0.0,0.0,0.0,0.0,0.0,False,26.322689282810643,-0.4424444665524998,-0.2435933059507807,0.21556307374631298
89,18.86999278845633,-1215.018648951629,8.957029051580463,5.534591126753814,43.776940004790426,26.91001999098975,0.1,0.0,0.0,25.420524750748452,50.24011273393626,187.41029052707884,216.71339374102888,0.0,0.0,0.0,0.0,0.0,-6.158268339717665e-17,0.055419921875,0.0,nan,nan,0.0014432077458186214,5.699662023279928e-05,5940.022696021753,False,True,True,Omega_safe_one_step_QP,False,0.33251953125,0.0,0.0,False,False,False,1.467675545619104,4.229418926378277e-05,0.00023268005897624837,0.001580887859138708,0.17092130248575538,7.202871801974207e-05,0.005897743777512306,0.0,0.0,0.0,0.0,8.614022602825724e-36,20.0,0.0,-18.70937618070314,20.0,20.0,0.0,0.0,0.0,0.0,0.0,False,0.1,-0.08541750907897949,-0.0009501585154794157,25.383867914808924,50.23115552423238,188.08936625988267,217.565686390671,-0.8541750907897949,-0.009501584805548191,-0.028178728948100626,-0.0018680709402488296,-0.028178728948100737,-0.001868070940248769,0.23243288547547625,-0.05033574002966734,-0.32560894130464346,-0.056543228393892,0.0014409503508800462,5.692975719356029e-05,5958.89268881021,True,True,True,Z_mode_existing_controller,False,0.07831197579104432,0.0,2.8240581689624173,False,False,False,1.3733255816768224,2.8549080240312205e-05,0.00015706180422571272,0.0018533224437872753,0.20037618999160803,9.919843369915295e-05,0.008122412298491736,0.0,0.0,0.0,0.0,5.2288185152091106e-08,20.0,0.0,-18.83533013470569,20.0,20.0,0.0,0.0,0.0,0.0,0.0,False,18.86999278845633,-0.31767543247089347,-0.2502695928515167,0.21008630496348368
90,11.591589583220411,-1203.4270593684087,8.46437653642818,4.39283494002233,36.24220264804246,23.822797098522575,0.1,0.0,0.0,25.43566996646988,50.23993338551423,184.42463133300538,216.0591432277757,0.0,0.0,0.0,0.0,1.3877787807814457e-16,-1.0408340855860843e-17,0.055419921875,0.0,nan,nan,0.001244817535626695,-6.667065554750041e-05,5822.453528019134,False,True,True,Omega_safe_one_step_QP,False,0.33251953125,0.0,0.0,False,False,False,2.0555213856322005,4.4884263922902466e-05,0.0002469292675537709,0.0008914160823155401,0.09637748621153343,4.280437340920421e-05,0.0035048413169765777,0.0,0.0,0.0,0.0,2.1878112778408284e-34,20.0,0.34197965590576485,-18.386587527069626,20.341979655905764,20.341979655905764,0.0,0.0,0.0,0.0,0.0,False,0.1,-0.08452554047107697,-0.0048597934655845165,25.399682416062006,50.231080002289865,184.80182742542007,216.75395226015434,-0.8452553749084473,-0.04859793186187744,-0.026530338761189695,-0.0026471624997043827,-0.026530338761189723,-0.002647162499704343,0.0277099609375,0.0,-0.387939453125,-0.023897750847581577,0.0012421874358856401,-6.679925285706448e-05,5834.045117602354,False,True,True,Omega_safe_one_step_QP,False,0.3602294921875,0.0,2.666207688990722,False,False,False,1.9975634377160987,2.8276675114592433e-05,0.00015556317659337778,0.0010807911588099673,0.11685220524087797,6.589122986456527e-05,0.005395203491194447,0.0,0.0,0.0,0.0,3.324173866319446e-08,20.0,0.0,-18.124839567434307,20.0,20.0,0.0,0.0,0.0,0.0,0.0,False,11.591589583220411,-0.19908427825896283,-0.25652875674601744,0.20600804558581998
91,21.30388301727453,-1182.1231763511341,12.753889227658801,4.331760200025909,40.95337560904283,26.511428251838417,0.1,0.0,0.0,25.445370556496776,50.236817795092556,182.54684722501574,215.47269594447565,0.0,0.0,0.0,0.0,0.0,-1.3877787807814457e-17,0.055419921875,0.0,nan,nan,-0.003334892357041666,8.394514837586475e-05,6198.252617732517,False,True,True,Omega_safe_one_step_QP,False,0.33251953125,0.0,0.0,False,False,False,0.17652593706528477,3.1160946869009415e-05,0.00017143090059053582,0.000352607315621845,0.03812294547250592,3.4392041609002145e-05,0.002816035811436243,0.0,0.0,0.0,0.0,1.927133650602478e-34,0.0,0.0,0.13541552488075206,0.0,0.0,0.0,0.0,0.0,0.0,0.0,False,0.1,-0.07767033576965332,-0.008496216498315334,25.409799627321682,50.228022989095365,183.28567886891966,216.06828966976764,-0.7767033576965332,-0.08496216684579849,-0.022920712147179653,-0.0036533689084626295,-0.02292071214717957,-0.0036533689084625163,0.0277099609375,0.0,-0.387939453125,-0.045467132004503204,-0.0033267443186615147,8.428840243884014e-05,6219.556500749792,False,True,True,Omega_safe_one_step_QP,False,0.3602294921875,0.0,2.3210044155821636,False,False,False,0.07000652197891213,3.346628410186056e-05,0.0001841136357992535,0.0002298706445378281,0.0248529898819334,4.701331878557973e-05,0.003849471654512284,0.0,0.0,0.0,0.0,1.4041855629596423e-07,0.0,0.0,0.04111980638811089,0.0,0.0,0.0,0.0,0.0,0.0,0.0,False,21.30388301727453,-0.3437078856116072,-0.263102710649721,0.20023655193923842
92,-0.4592970137473458,-1182.5824733648815,10.890487493442851,6.46936822614716,41.41646454895984,25.088827805130705,0.1,0.0,0.0,25.384831722463332,50.23643111038031,194.4837747442976,217.9937682372583,0.0,0.0,0.0,0.0,-6.591949208711867e-17,-1.3530843112619095e-16,0.26014284641297625,-0.05033574002966734,nan,nan,2.687760072362115e-06,2.073746345030835e-05,6306.814274798561,True,True,True,Z_mode_existing_controller,False,0.05060201485354432,0.0,0.0,False,False,False,-0.36628234826493555,3.13037095914182e-05,0.00017221630490370305,0.01424902386005884,1.5405657670359612,0.000635580550543643,0.05204162089972512,0.0,0.0,0.0,0.0,1.9090780573738477e-34,0.0,0.0,-1.9590619525055255,0.0,0.0,0.0,0.0,0.0,0.0,0.0,False,0.1,-0.093291275203228,-0.0009460049914196134,25.350130326609406,50.22776465511402,194.34419230164073,218.74166911973123,-0.9329127669334412,-0.00946004968136549,-0.030794031158917545,-0.0019890751333742837,-0.030794031158917642,-0.0019890751333741727,0.23243288547547625,-0.05033574002966734,-0.32560894130464346,-0.05599447234311144,4.301106791222524e-06,2.0755612183103594e-05,6306.354977784814,True,True,True,Z_mode_existing_controller,False,0.07831197579104432,0.0,3.085820433697641,False,False,False,-0.3639858631961988,3.375339117529837e-05,0.00018569314570221818,0.012229071934167236,1.3221740499156198,0.0007146957683487631,0.05851961046201038,0.0,0.0,0.0,0.0,6.475902603039399e-07,0.0,0.0,-1.7448658643097916,0.0,0.0,0.0,0.0,0.0,0.0,0.0,False,-0.4592970137473458,0.007282551756481138,-0.25763055192335826,0.19819702464940317
93,-10.446026754339982,-1193.0285001192215,9.997847545845326,4.031228920863612,35.427932416730634,25.524742814169777,0.1,0.0,0.0,25.384230411852965,50.23663469401526,194.59780555930146,218.023590089769,0.0,0.0,0.0,0.0,-1.4051260155412137e-16,-2.7755575615628914e-17,0.26014284641297625,-0.05033574002966734,nan,nan,-0.0006519038837129684,-1.3778708385595723e-06,6220.045582172999,True,True,True,Z_mode_existing_controller,False,0.05060201485354432,0.0,0.0,False,False,False,0.0675611148628741,3.218380567392084e-05,0.00017705812388513076,1.3003026770447284e-06,0.00014058519451675994,8.893428871686935e-08,7.2819794980057495e-06,0.0,0.0,0.0,0.0,1.7131748708432084e-34,0.0,0.0,0.0672361895649742,0.0,0.0,0.0,0.0,0.0,0.0,0.0,False,0.1,-0.09440091252326965,-0.00055545853683725,25.349585838377898,50.22794515091769,194.03857891683845,218.72473961787375,-0.9440091252326965,-0.005554585251957178,-0.031198379415807134,-0.0017885134541626435,-0.031198379415807276,-0.0017885134541627337,0.23243288547547625,-0.05033574002966734,-0.32560894130464346,-0.05361927922766889,-0.0006516528591429941,-1.3535807062668714e-06,6209.599555418659,True,True,True,Z_mode_existing_controller,False,0.07831197579104432,0.0,3.124960253424653,False,False,False,0.11979124863457401,3.791498813137989e-05,0.0002085880313125593,9.33995409703097e-06,0.0010098104746603862,2.8660803314227552e-08,2.3467594461234163e-06,0.0,0.0,0.0,0.0,2.0372250001779713e-09,0.0,0.0,0.11857050133192995,0.0,0.0,0.0,0.0,0.0,0.0,0.0,False,-10.446026754339982,0.16794132159222247,-0.22419703531075938,0.19788487518133574
94,-17.825553955821306,-1210.8540540750428,9.113072835821704,6.561613488270703,40.83740835709728,26.936478737983553,0.1,0.0,0.0,25.37390397005557,50.236413337295836,196.6340133906956,218.4395297761702,0.0,0.0,0.0,0.0,1.4224732503009818e-16,1.3877787807814457e-17,0.26014284641297625,-0.05033574002966734,nan,nan,0.0017276832559634055,4.882868914475157e-05,6175.327283117565,True,True,True,Z_mode_existing_controller,False,0.05060201485354432,0.0,0.0,False,False,False,0.29115261014004773,3.218142519037051e-05,0.00017704502773498523,0.0004146142332630814,0.044826965030313894,1.7300582272353055e-05,0.0014165794456614336,0.0,0.0,0.0,0.0,8.168651303186174e-34,0.0,0.0,0.24473202063633745,0.0,0.0,0.0,0.0,0.0,0.0,0.0,False,0.1,-0.09477274864912033,-0.00021936783741693944,25.338955838460368,50.22763519779427,195.75272267951274,219.10392760474033,-0.9477274417877197,-0.002193678403273225,-0.03135934442886315,-0.001606784630483117,-0.031359344428863144,-0.0016067846304831934,0.23243288547547625,-0.05033574002966734,-0.32560894130464346,-0.05162742387838823,0.0017265836931737025,4.8964636635165024e-05,6157.501729161743,True,True,True,Z_mode_existing_controller,False,0.07831197579104432,0.0,3.140048152269045,False,False,False,0.38028037991915425,2.9515741015352464e-05,0.0001623798559501135,0.00029382888391151965,0.031767981046710206,1.4378352938393196e-05,0.0011773059955064284,0.0,0.0,0.0,0.0,5.893510078402517e-10,0.0,0.0,0.3471727124316365,0.0,0.0,0.0,0.0,0.0,0.0,0.0,False,-17.825553955821306,0.2886576393214615,-0.1887371431347945,0.19880522202577028
95,-23.320095682970532,-1234.1741497580133,10.825762560272192,3.592556022498277,40.10981562596741,22.874974807966222,0.1,0.0,0.0,25.4009561086678,50.23751298671269,191.28594326615308,217.35425592595092,0.0,0.0,0.0,0.0,-9.71445146547012e-17,-4.336808689942018e-17,0.26014284641297625,-0.05033574002966734,nan,nan,-0.001701399539892475,-5.2550695963343545e-05,6223.540063860581,True,True,True,Z_mode_existing_controller,False,0.05060201485354432,0.0,0.0,False,False,False,0.050088706424967315,3.208188244651103e-05,0.00017649739667939445,0.0028601854057024208,0.3092354793335869,0.00011778193299697509,0.009644037566320254,0.0,0.0,0.0,0.0,6.05855430786691e-34,0.0,0.0,-0.26896730787161927,0.0,0.0,0.0,0.0,0.0,0.0,0.0,False,0.1,-0.09350483119487762,4.81132410641294e-05,25.36542466886797,50.22859832541079,190.19759021587566,217.99070471939663,-0.9350482821464539,0.00048113238881342113,-0.030976869321772068,-0.0014376603771280375,-0.03097686932177193,-0.0014376603771279577,0.23243288547547625,-0.05033574002966734,-0.32560894130464346,-0.050048597637208696,-0.0017001721622930985,-5.2679411728443794e-05,6200.21996817761,True,True,True,Z_mode_existing_controller,False,0.07831197579104432,0.0,3.101021283929056,False,False,False,0.16668918483981998,3.884660386317931e-05,0.00021371328391088518,0.003085949668855457,0.3336444984109281,0.00012392651924529585,0.010147159047692292,0.0,0.0,0.0,0.0,1.74890220617402e-09,0.0,0.0,-0.17731618765161347,0.0,0.0,0.0,0.0,0.0,0.0,0.0,False,-23.320095682970532,0.37470789042377645,-0.14938454582348676,0.20058444642591475
96,-28.52083222377405,-1262.6949819817874,10.66207231716275,4.304433449166889,38.607153136355436,21.80406779843617,0.1,0.0,0.0,25.372145567882704,50.23575211804734,196.98415280783365,218.4638318943384,0.0,0.0,0.0,0.0,-9.020562075079397e-17,6.938893903907228e-17,0.26014284641297625,-0.05033574002966734,nan,nan,-0.0011341493820274861,-9.278181582795565e-05,6346.116997992555,True,True,True,Z_mode_existing_controller,False,0.05060201485354432,0.0,0.0,False,False,False,-0.5627959642349061,3.471329595282284e-05,0.00019097402953363458,0.0032469591980899483,0.3510524114961553,0.00012311588296230023,0.010080783784806832,0.0,0.0,0.0,0.0,1.2762295147103544e-34,0.0,0.0,-0.9241201335454018,0.0,0.0,0.0,0.0,0.0,0.0,0.0,False,0.1,-0.09378749877214432,-0.000561840133741498,25.335900464615133,50.22666372577479,195.67643701835394,219.0266572692017,-0.937874972820282,-0.00561840133741498,-0.031106389590127695,-0.0017824671238360346,-0.031106389590127632,-0.0017824671238359582,0.23243288547547625,-0.05033574002966734,-0.32560894130464346,-0.05367872602136343,-0.0011335009722447747,-9.291457740672263e-05,6317.596165768781,True,True,True,Z_mode_existing_controller,False,0.07831197579104432,0.0,3.1157417453639424,False,False,False,-0.42019180311603577,4.7031083807036076e-05,0.00025873992490284893,0.00300177622850264,0.32454389460994193,0.00010731976854476348,0.00878739084271163,0.0,0.0,0.0,0.0,1.3566719249028867e-09,20.0,0.0,-20.753781829850265,20.0,20.0,0.0,0.0,0.0,0.0,0.0,False,-28.52083222377405,0.4494217839475059,-0.10809899799666564,0.20312476415945221
97,-62.67044855506447,-1325.3654305368518,11.488068395943614,5.523563453621791,45.16009644343741,23.795290422540106,0.1,0.0,0.0,25.356561840518804,50.23407596602487,200.07385225438549,219.02114319651957,0.0,0.0,0.0,0.0,5.551115123125783e-17,8.326672684688674e-17,0.26014284641297625,-0.05033574002966734,nan,nan,-0.0010495717724639773,7.69209564097529e-06,6506.194577595289,True,True,True,Z_mode_existing_controller,False,0.05060201485354432,0.0,0.0,False,False,False,-1.3631838622485748,3.926871238957942e-05,0.0002160354997643348,0.0009546242670022705,0.10321138350030261,3.1059588753887855e-05,0.002543173075149356,0.0,0.0,0.0,0.0,2.1425970631308e-34,20.0,0.0,-21.469154454323792,20.0,20.0,0.0,0.0,0.0,0.0,0.0,False,0.1,-0.09470097720623016,-0.0072698891162872314,25.319419728882913,50.22478126464642,197.38938481567965,219.10066080090155,-0.9470097422599792,-0.07269889116287231,-0.04322575188439527,-0.006291940578140032,-0.04322575188439535,-0.00629194057814016,0.0277099609375,0.0,-0.387939453125,-0.03190806727267162,-0.0010502099514864242,7.192627574216168e-06,6443.524129040225,False,True,True,Omega_safe_one_step_QP,False,0.3602294921875,0.0,4.368127908166335,False,False,False,-1.0498316194732524,5.6721118181594544e-05,0.0003120493229313118,0.0002934190156363005,0.03172366720177612,5.476522704049878e-07,4.484201383587348e-05,0.0,0.0,0.0,0.0,1.672142932547923e-06,20.0,0.0,-21.081913850154727,20.0,20.0,0.0,0.0,0.0,0.0,0.0,False,-62.67044855506447,0.9632427651468682,-0.04154191565102966,0.21099795299943305
98,-54.03410707511921,-1379.399537611971,10.613652811314534,5.733194591342347,40.17486343475592,26.112106515555777,0.1,0.0,0.0,25.344807174676067,50.23489343385012,202.37934947208097,219.55433884040139,0.0,0.0,0.0,0.0,8.326672684688674e-17,1.0408340855860843e-16,0.055419921875,0.0,nan,nan,-0.0001957174871154762,4.349602661896969e-05,6471.478880126006,False,True,True,Omega_safe_one_step_QP,False,0.33251953125,0.0,0.0,False,False,False,-1.1896053749021576,3.9166684164887386e-05,0.00021547419491958362,0.0005315317420801642,0.05746776859831207,2.842975946545391e-05,0.002327841472030586,0.0,0.0,0.0,0.0,1.2037062152420224e-35,20.0,0.0,-21.24961645916742,20.0,20.0,0.0,0.0,0.0,0.0,0.0,False,0.1,-0.09296413511037827,-0.027274159714579582,25.305637563325007,50.225179668543774,200.0319057339333,218.8348267620931,-0.9296413660049438,-0.2727415859699249,-0.04506010545813935,-0.015120319579595608,-0.04506010545813929,-0.015120319579595504,0.0277099609375,0.0,-0.387939453125,-0.12194475311314407,-0.00019587339437279663,4.327712730281541e-05,6417.444773050886,False,True,True,Omega_safe_one_step_QP,False,0.3602294921875,0.0,4.752932955647204,False,False,False,-0.9194348395265615,5.659836414843204e-05,0.0003113739957487127,0.0006982916803408199,0.07549740029241857,7.066773618921989e-06,0.0005786305974050783,0.0,0.0,0.0,0.0,8.130512882684484e-07,20.0,0.0,-20.995823057463422,20.0,20.0,0.0,0.0,0.0,0.0,0.0,False,-54.03410707511921,0.8349576360522267,0.0076206972426758465,0.21736079599008776
99,-43.62437730467991,-1423.023914916651,9.155820371003962,3.9310367198823606,36.73752965097503,22.860334468186807,0.1,0.0,0.0,25.347764736103667,50.2367830153722,201.7718886334583,219.52701659876976,0.0,0.0,0.0,0.0,0.0,-7.632783294297951e-17,0.055419921875,0.0,nan,nan,0.0002496729058467399,-8.843355294069037e-05,6303.954457430309,False,True,True,Omega_safe_one_step_QP,False,0.33251953125,0.0,0.0,False,False,False,-0.35198326142367475,3.563726604066874e-05,0.00019605721987903677,3.6900867046015926e-05,0.003989621542033322,7.465048877767931e-08,6.112415544535148e-06,0.0,0.0,0.0,0.0,3.948156385993833e-34,0.0,0.0,-0.35617505260113164,0.0,0.0,0.0,0.0,0.0,0.0,0.0,False,0.1,-0.0948597714304924,-0.026841280981898308,25.30685597241143,50.22673344351019,199.8068639067247,218.88901633604416,-0.9485976696014404,-0.2684127986431122,-0.04583937553670904,-0.015063571027677154,-0.04583937553670898,-0.01506357102767705,0.0277099609375,0.0,-0.387939453125,-0.1176111068429869,0.0002490711194174204,-8.821654355910258e-05,6260.330080125629,False,True,True,Omega_safe_one_step_QP,False,0.3602294921875,0.0,4.825100539575628,False,False,False,-0.13386137490027522,5.0606009712586946e-05,0.0002784072594709947,5.064382399339792e-06,0.0005475472728677227,2.936509924999331e-07,2.4044275136232603e-05,0.0,0.0,0.0,0.0,6.10482253498843e-09,20.0,0.0,-20.134711379812572,20.0,20.0,0.0,0.0,0.0,0.0,0.0,False,-43.62437730467991,0.6920160607007714,0.03983973141927303,0.22202942873741646
100,-32.86112971630337,-1455.8850446329543,12.518386363758133,6.028058768687229,40.792428083404864,27.01670432790379,0.1,0.0,0.0,25.356895174968102,50.235935059431746,199.97972048300701,219.0892615065187,0.0,0.0,0.0,0.0,-9.71445146547012e-17,1.1796119636642288e-16,0.26014284641297625,-0.05033574002966734,nan,nan,-0.001857589200659753,0.00010142303158923015,6612.588116640254,True,True,True,Z_mode_existing_controller,False,0.05060201485354432,0.0,0.0,False,False,False,-1.8951515574734004,4.673907702511833e-05,0.0002571334594185639,0.0003211866679491993,0.03472583036778209,1.916295207917273e-05,0.0015690711217813257,0.0,0.0,0.0,0.0,4.718528363748728e-34,20.0,0.0,-21.931703592422384,20.0,20.0,0.0,0.0,0.0,0.0,0.0,False,0.1,-0.09533196687698364,-0.005812718998640776,25.314557238836763,50.22561801891553,198.52114844266134,219.42493650432488,-0.9533196687698364,-0.05812718719244003,-0.04473674190354074,-0.005988244475811519,-0.04473674190354082,-0.005988244475811512,0.0277099609375,0.0,-0.387939453125,-0.02534357912716387,-0.001855140811371855,0.00010102164088947232,6579.726986923951,False,True,True,Omega_safe_one_step_QP,False,0.3602294921875,0.0,4.513574135921669,False,False,False,-1.7308459088918835,7.132871957219468e-05,0.0003924125504155398,0.00016530642545316198,0.017872481836322212,2.8721042677002572e-05,0.002351691872199225,0.0,0.0,0.0,0.0,8.357735295198924e-07,20.0,0.0,-21.75146333092435,20.0,20.0,0.0,0.0,0.0,0.0,0.0,False,-32.86112971630337,0.49694808048924055,0.0736425313983868,0.22483690564334669
101,-33.47664688142322,-1489.3616915143775,9.41168068913997,5.362366255618176,42.61366020583631,23.621771250457794,0.1,0.0,0.0,25.33293699198945,50.238608336528536,204.66912370439118,220.2383345415642,0.0,0.0,0.0,0.0,-5.551115123125783e-17,1.3877787807814457e-16,0.055419921875,0.0,nan,nan,0.0008550895452188907,-4.131797291493083e-05,6398.46550132565,False,True,True,Omega_safe_one_step_QP,False,0.33251953125,0.0,0.0,False,False,False,-0.8245384809003781,3.8482820672459774e-05,0.00021171194292895335,0.0021990502572728217,0.2377553423741788,0.00013203688398686532,0.010811239354866943,0.0,0.0,0.0,0.0,2.1666711874356404e-35,0.0,0.0,-1.0733167745723526,0.0,0.0,0.0,0.0,0.0,0.0,0.0,False,0.1,-0.09336727112531662,-0.030304601415991783,25.28963151364707,50.22806527684242,203.1391669288733,219.50013746737775,-0.9336727261543274,-0.30304601788520813,-0.048475564220983036,-0.017212889338277408,-0.048475564220983106,-0.01721288933827736,0.0277099609375,0.0,-0.387939453125,-0.13490904971452197,0.0008537495204884874,-4.121336173895911e-05,6364.9888544442265,False,True,True,Omega_safe_one_step_QP,False,0.3602294921875,0.0,5.144087757721905,False,False,False,-0.657155246493262,5.578144761602675e-05,0.0003068797569360656,0.002132609473899533,0.23057194529342484,5.655184844080462e-07,4.630490746165425e-05,0.0,0.0,0.0,0.0,1.3997144460988545e-06,20.0,0.0,-20.88808177616553,20.0,20.0,0.0,0.0,0.0,0.0,0.0,False,-33.47664688142322,0.5231980523218801,0.1020361704451311,0.22775626973919666
102,-19.230467134962964,-1508.5921586493405,11.652733636349627,4.854635784065705,36.53606153405965,29.13070028438178,0.1,0.0,0.0,25.35353954879813,50.23914820891735,200.59902080103595,219.39384813035613,0.0,0.0,0.0,0.0,4.85722573273506e-17,1.3183898417423734e-16,0.26014284641297625,-0.05033574002966734,nan,nan,-0.0019004218128220352,0.00013400820515177374,6538.362064777218,True,True,True,Z_mode_existing_controller,False,0.05060201485354432,0.0,0.0,False,False,False,-1.5240212981582182,5.085095801662285e-05,0.0002797548343227962,0.0016565737643900711,0.17910425703916966,7.131572987150798e-05,0.0058393639877521285,0.0,0.0,0.0,0.0,1.0881504185787884e-34,20.0,0.0,-21.709244674019462,20.0,20.0,0.0,0.0,0.0,0.0,0.0,False,0.1,-0.09467870742082596,-0.01078039314597845,25.309155857495757,50.228409007442266,199.6776665083599,219.5899935350165,-0.9467870593070984,-0.10780392587184906,-0.04560761412782042,-0.008414572450242117,-0.045607614127820495,-0.008414572450242123,0.0277099609375,0.0,-0.387939453125,-0.047327051842531845,-0.0018978780339108043,0.0001338735336492737,6519.131597642255,False,True,True,Omega_safe_one_step_QP,False,0.3602294921875,0.0,4.637735973460057,False,False,False,-1.4278689624834033,7.789300666690877e-05,0.00042852575496969404,0.0011981985161214463,0.12954596989792422,8.074112891499432e-07,6.611119894112366e-05,0.0,0.0,0.0,0.0,8.563551779915747e-07,20.0,0.58107893434999,-22.138989360040405,20.58107893434999,20.58107893434999,0.0,0.0,0.0,0.0,0.0,False,-19.230467134962964,0.2941175013626017,0.10775277589803933,0.22841322046215357
103,-25.961731007494564,-1534.553889656835,10.898382086469804,4.668113734466848,37.022156163435085,25.884737943326506,0.1,0.0,0.0,25.329441624011732,50.242561510340785,205.30724582625916,220.58949553138538,0.0,0.0,0.0,0.0,4.163336342344337e-17,-1.1796119636642288e-16,0.055419921875,0.0,nan,nan,-0.0012057673584844378,2.837700264125484e-05,6574.173902705681,False,True,True,Omega_safe_one_step_QP,False,0.33251953125,0.0,0.0,False,False,False,-1.7030804878005348,5.7748911309882364e-05,0.00031770369223991515,0.002216738288813814,0.23966772431317518,0.00014295727075879958,0.011705405527789113,0.0,0.0,0.0,0.0,6.2448278446756126e-34,20.0,0.0,-21.954771321333737,20.0,20.0,0.0,0.0,0.0,0.0,0.0,False,0.1,-0.09476440399885178,-0.037455495446920395,25.284535151435335,50.23169243203224,204.12516414389628,219.59436283882758,-0.947644054889679,-0.37455496191978455,-0.05030907028444981,-0.020671262039405787,-0.05030907028444971,-0.020671262039405662,0.0277099609375,0.0,-0.387939453125,-0.16428483775534256,-0.0012050556079052314,2.8198275533782534e-05,6548.2121716981865,False,True,True,Omega_safe_one_step_QP,False,0.3602294921875,0.0,5.439028982444825,False,False,False,-1.573271832763062,8.92959537118933e-05,0.0004912586844126058,0.0019780235218101808,0.21385853192613652,1.9090815793470912e-09,1.5631645703136994e-07,0.0,0.0,0.0,0.0,1.7233012967781663e-06,20.0,8.688839113698085,-30.476462616689453,28.688839113698087,28.688839113698087,0.0,0.0,0.0,0.0,0.0,False,-25.961731007494564,0.39490484115136804,0.12857614764257577,0.23005411789655847
104,-24.088178327378955,-1558.642067984214,10.162446804754147,5.934477903955411,39.044707900613936,24.298255993451928,0.1,0.0,0.0,25.319647446742614,50.244584638886366,207.21201136442593,221.1064383843167,0.0,0.0,0.0,0.0,-6.938893903907228e-17,-1.1796119636642288e-16,0.055419921875,0.0,nan,nan,0.00033408513966839406,-2.236334737378172e-05,6540.388525764708,False,True,True,Omega_safe_one_step_QP,False,0.33251953125,0.0,0.0,False,False,False,-1.5341536030956695,5.021208340680422e-05,0.0002762400871559006,0.0003628131755387748,0.039226375333077546,2.6722991319677468e-05,0.00218809052979321,0.0,0.0,0.0,0.0,1.232595164407831e-34,20.0,0.0,-21.575844309045696,20.0,20.0,0.0,0.0,0.0,0.0,0.0,False,0.1,-0.09465551376342773,-0.029456427320837975,25.27398171595318,50.23357744682541,206.08542795412353,220.434847182823,-0.9465551376342773,-0.29456427693367004,-0.05229471170087521,-0.01787110496729026,-0.05229471170087528,-0.01787110496729035,0.0277099609375,0.0,-0.387939453125,-0.1293484792326117,0.00033342956331862926,-2.2401760335221017e-05,6516.300347437329,False,True,True,Omega_safe_one_step_QP,False,0.3602294921875,0.0,5.526403228709942,False,False,False,-1.4137127114587746,7.623644614908182e-05,0.00041941224302644074,0.0003842634205686642,0.04154551757833759,7.064139325014244e-05,0.005784149002369254,0.0,0.0,0.0,0.0,1.1783651463141941e-07,20.0,0.07395033188161568,-21.53541224000064,20.073950331881615,20.073950331881615,0.0,0.0,0.0,0.0,0.0,False,-24.088178327378955,0.36829888977524533,0.16042236066486185,0.23139645803746517
105,-10.930213774982803,-1569.5722817591968,10.170917357967737,5.330460544786413,38.90426260461882,26.501757656224985,0.1,0.0,0.0,25.334520462692502,50.24588370688247,204.26245544238733,220.54494301117688,0.0,0.0,0.0,0.0,6.938893903907228e-17,-5.551115123125783e-17,0.055419921875,0.0,nan,nan,-1.8630889266737886e-05,4.3921301634212984e-05,6469.999664408884,False,True,True,Omega_safe_one_step_QP,False,0.33251953125,0.0,0.0,False,False,False,-1.1822092963165505,4.8237480973097544e-05,0.000265376878314989,0.0008699880137232967,0.09406074162249234,3.152770540574259e-05,0.0025815026768211432,0.0,0.0,0.0,0.0,2.3159307581256514e-34,20.0,0.0,-21.27911691749418,20.0,20.0,0.0,0.0,0.0,0.0,0.0,False,0.1,-0.0939972922205925,-0.01912156492471695,25.28812294309434,50.23474123632768,203.6728927795282,220.39781209583353,-0.9399728775024414,-0.1912156492471695,-0.04939034065019682,-0.013048134005229577,-0.049390340650196915,-0.013048134005229667,0.0277099609375,0.0,-0.387939453125,-0.08455421501147742,-1.9031182473716775e-05,4.39012027476501e-05,6459.069450633901,False,True,True,Omega_safe_one_step_QP,False,0.3602294921875,0.0,5.108482700921003,False,False,False,-1.1275582274416365,7.140605394577828e-05,0.0003928380028694004,0.0005820325968659668,0.06292778388449186,1.3715976683180868e-07,1.1230703302752398e-05,0.0,0.0,0.0,0.0,3.1696420100899125e-07,20.0,0.0,-21.1908903969965,20.0,20.0,0.0,0.0,0.0,0.0,0.0,False,-10.930213774982803,0.16893685227078625,0.21423397025574561,0.23080221766576664
106,-5.689161878511186,-1575.261443637708,9.91212727703872,6.997048217702059,39.83605419331941,28.28418373192985,0.1,0.0,0.0,25.34165944288978,50.24804740735701,202.8273866369496,220.3566354214774,0.0,0.0,0.0,0.0,8.326672684688674e-17,-9.020562075079397e-17,0.055419921875,0.0,nan,nan,0.0011833072231238122,9.746071001469434e-05,6406.731070555438,False,True,True,Omega_safe_one_step_QP,False,0.33251953125,0.0,0.0,False,False,False,-0.8658663270493208,4.2362505387563205e-05,0.00023305589783229356,0.00020594224763404936,0.02226591658540103,3.5459748338431854e-06,0.0002903460117918779,0.0,0.0,0.0,0.0,1.396299209680746e-35,0.0,0.0,-0.888655645544346,0.0,0.0,0.0,0.0,0.0,0.0,0.0,False,0.1,-0.09497293084859848,-0.02833370678126812,25.294971781339655,50.23684115558171,202.46465854404735,219.86375864919023,-0.9497292637825012,-0.2833370566368103,-0.04868886802185117,-0.016777031347731876,-0.04868886802185106,-0.01677703134773191,0.0277099609375,0.0,-0.387939453125,-0.12400258175276234,0.0011824035601137213,9.740376096376013e-05,6401.041908676927,False,True,True,Omega_safe_one_step_QP,False,0.3602294921875,0.0,5.149829754556948,False,False,False,-0.8374205176567648,5.547386899433786e-05,0.00030518762349929376,0.00014598299677880155,0.015783285200128366,2.852130838715864e-05,0.0023353375388517955,0.0,0.0,0.0,0.0,1.439673923923874e-07,20.0,0.0,-20.855844471986636,20.0,20.0,0.0,0.0,0.0,0.0,0.0,False,-5.689161878511186,0.08879976099914488,0.25316273505200654,0.2294769039553088
107,9.820693548108466,-1565.4407500895995,9.825767269383547,4.391231765349193,42.9049071094359,23.957686511335755,0.1,0.0,0.0,25.365634217147885,50.25105376163953,198.06342639488258,219.50577957317364,0.0,0.0,0.0,0.0,1.3877787807814457e-16,1.3183898417423734e-16,0.26014284641297625,-0.05033574002966734,nan,nan,-7.871027914308762e-05,-2.3143219586692354e-05,6283.387476845739,True,True,True,Z_mode_existing_controller,False,0.05060201485354432,0.0,0.0,False,False,False,-0.24914835850082453,4.203430123739738e-05,0.00023125029374468367,0.0022695317187995203,0.24537560660456278,7.239556745926973e-05,0.005927781574362517,0.0,0.0,0.0,0.0,5.238529448733282e-34,0.0,0.0,-0.5006829969734945,0.0,0.0,0.0,0.0,0.0,0.0,0.0,False,0.1,-0.09362300485372543,-0.0019240608671680093,25.31883372566146,50.23982920201952,198.32400263893587,220.2171717896029,-0.9362300038337708,-0.01924060843884945,-0.04364829416814414,-0.00495264820350072,-0.043648294168144086,-0.004952648203500776,0.0277099609375,0.0,-0.387939453125,-0.008542075457933198,-7.966978733877153e-05,-2.3145926842635216e-05,6293.2081703938475,False,True,True,Omega_safe_one_step_QP,False,0.3602294921875,0.0,4.392837702461232,False,False,False,-0.29825182624136687,5.4482807485377904e-05,0.0002997353319583525,0.001714503132453463,0.1853674230090608,1.2490084781634537e-05,0.0010226937508633174,0.0,0.0,0.0,0.0,1.6522342151625174e-06,20.0,0.0,-20.484943330567464,20.0,20.0,0.0,0.0,0.0,0.0,0.0,False,9.820693548108466,-0.15629616324470977,0.24169375263941575,0.22597781553129817
108,9.66043264975815,-1555.7803174398414,10.136913550911164,4.812564518602141,41.31296701683765,23.2562778022152,0.1,0.0,0.0,25.36672973564907,50.25090093160331,197.8469894164215,219.44456508242584,0.0,0.0,0.0,0.0,3.8163916471489756e-17,0.0,0.26014284641297625,-0.05033574002966734,nan,nan,-0.00021292894298433778,-4.571139386228603e-05,6310.781574281872,True,True,True,Z_mode_existing_controller,False,0.05060201485354432,0.0,0.0,False,False,False,-0.3861188456814898,4.186628249415381e-05,0.00023032594428279418,4.68449656453601e-06,0.0005064750479751069,3.747213877512635e-07,3.068235550582834e-05,0.0,0.0,0.0,0.0,2.7504687018280214e-34,0.0,0.0,-0.3868863290292536,0.0,0.0,0.0,0.0,0.0,0.0,0.0,False,0.1,-0.09457916766405106,-0.0012557237641885877,25.32032081834974,50.23972435237955,198.09895768539278,220.18881288419516,-0.9457916617393494,-0.012557237409055233,-0.04390555599486619,-0.004663056641008939,-0.04390555599486617,-0.004663056641008925,0.0277099609375,0.0,-0.387939453125,-0.005518560373287466,-0.0002129183953304796,-4.570863974737074e-05,6320.44200693163,False,True,True,Omega_safe_one_step_QP,False,0.3602294921875,0.0,4.415248514472982,False,False,False,-0.43442100893028057,5.457917770041994e-05,0.00030026550945341405,5.0645231115211676e-06,0.0005475624862866741,8.042275159252833e-08,6.585051015974619e-06,0.0,0.0,0.0,0.0,1.5004692055485353e-09,20.0,0.0,-20.435275423477506,20.0,20.0,0.0,0.0,0.0,0.0,0.0,False,9.66043264975815,-0.15307822867974077,0.25416029757729847,0.22255583691790493
109,10.378498726014186,-1545.4018187138272,10.358703015805828,6.416542198080865,40.934438655993695,24.71856162411189,0.1,0.0,0.0,25.3656334585231,50.25026370560729,198.06832859462628,219.44900423335355,0.0,0.0,0.0,0.0,-1.0408340855860843e-16,-4.85722573273506e-17,0.26014284641297625,-0.05033574002966734,nan,nan,0.0004675600208082036,2.1976152720423053e-07,6338.614969876203,True,True,True,Z_mode_existing_controller,False,0.05060201485354432,0.0,0.0,False,False,False,-0.5252858236531438,4.0436060374591676e-05,0.00022245762542099203,4.89910318083639e-06,0.0005296777325729291,1.970606095898038e-09,1.613541120754781e-07,0.0,0.0,0.0,0.0,2.259356566009276e-34,0.0,0.0,-0.5260381203652498,0.0,0.0,0.0,0.0,0.0,0.0,0.0,False,0.1,-0.0937703549861908,-0.0013343502068892121,25.31962221190015,50.23913272526915,198.3498396221867,220.19598608003233,-0.937703549861908,-0.013343501836061478,-0.04375083333072702,-0.004667463675910782,-0.0437508333307271,-0.004667463675910873,0.0277099609375,0.0,-0.387939453125,-0.005914682542572797,0.0004681889009387017,2.6430180457680946e-07,6348.993468602217,False,True,True,Omega_safe_one_step_QP,False,0.3602294921875,0.0,4.399909810779104,False,False,False,-0.5771783172832147,4.912612260631452e-05,0.0002702657103561019,6.294174620946687e-06,0.0006805090684111587,5.145473851837262e-09,4.213137096749089e-07,0.0,0.0,0.0,0.0,2.395852475491725e-10,0.0,0.0,-0.5781295136152769,0.0,0.0,0.0,0.0,0.0,0.0,0.0,False,10.378498726014186,-0.1637344873499531,0.26004661622176983,0.2190846442338534
110,40.929854460299794,-1504.4719642535274,10.193301747890589,4.401897833640728,40.09833153707208,23.867987169079715,0.1,0.0,0.0,25.374929507395432,50.250581271334994,196.22970736524462,219.06836714172542,0.0,0.0,0.0,0.0,-9.020562075079397e-17,9.71445146547012e-17,0.26014284641297625,-0.05033574002966734,nan,nan,-0.0005357334282903312,-3.106404282980039e-05,6277.89626904879,True,True,True,Z_mode_existing_controller,False,0.05060201485354432,0.0,0.0,False,False,False,-0.22169231951607798,4.127361319522238e-05,0.00022706539407887135,0.00033805280251329213,0.036549351037467884,1.4488459552312219e-05,0.0011863215744998775,0.0,0.0,0.0,0.0,2.1425970631308e-34,0.0,0.0,-0.25965505752212464,0.0,0.0,0.0,0.0,0.0,0.0,0.0,False,0.1,-0.09387851506471634,-0.0011661521857604384,25.329347631578457,50.239501181294465,197.78838019833012,220.07178646489987,-0.9387851357460022,-0.011661522090435028,-0.031038437367571704,-0.0021211240583937085,-0.03103843736757162,-0.002121124058393757,0.23243288547547625,-0.05033574002966734,-0.32560894130464346,-0.05726769560647609,-0.0005353035071521996,-3.101384312782264e-05,6318.8261235090895,True,True,True,Z_mode_existing_controller,False,0.07831197579104432,0.0,3.111083029254874,False,False,False,-0.42634159181757697,5.221370565142461e-05,0.00028725194457729966,3.1523668463735804e-05,0.0034082534329072244,1.542554439904976e-06,0.00012630505025689934,0.0,0.0,0.0,0.0,1.6808885657178896e-06,20.0,0.0,-20.430165083133883,20.0,20.0,0.0,0.0,0.0,0.0,0.0,False,40.929854460299794,-0.6519676768488782,0.23610788454120718,0.2114007598307417
111,-3.500904652501049,-1507.9728689060285,13.930194673618798,4.354705659927922,36.01667294223433,24.079538534011288,0.1,0.0,0.0,25.367654588787833,50.24998707891749,197.66856638580646,219.3353294745273,0.0,0.0,0.0,0.0,-1.3877787807814457e-17,1.3530843112619095e-16,0.26014284641297625,-0.05033574002966734,nan,nan,-0.004697901531971464,7.350590871158143e-06,6703.220708547006,True,True,True,Z_mode_existing_controller,False,0.05060201485354432,0.0,0.0,False,False,False,-2.3483145170071613,7.599639547603316e-05,0.00041809161232670344,0.00020703152810521653,0.022383686632041544,7.1268887135022545e-06,0.0005835528483452956,0.0,0.0,0.0,0.0,7.282422602214235e-35,20.0,11.857484197056166,-34.22918404515604,31.857484197056166,31.857484197056166,0.0,0.0,0.0,0.0,0.0,False,0.1,-0.09410833567380905,-0.0008143926970660686,25.323531719783414,50.23915429322044,197.38553408672811,220.01512330966509,-0.9410833716392517,-0.008143926970660686,-0.04292314186064812,-0.004257367312071429,-0.042923141860648176,-0.0042573673120714015,0.0277099609375,0.0,-0.387939453125,-0.0035969379856591994,-0.004689239287001135,7.306689810500713e-06,6699.719803894505,False,True,True,Omega_safe_one_step_QP,False,0.3602294921875,0.0,4.3133760369567025,False,False,False,-2.330809993744656,0.00011366165823682389,0.0006253057879165734,1.6228498963285312e-05,0.00175458124000311,3.210713161161588e-07,2.628946354761935e-05,0.0,0.0,0.0,0.0,1.4580973612663731e-06,20.0,48.61377134435026,-70.94698897268374,68.61377134435025,68.61377134435025,0.0,0.0,0.0,0.0,0.0,False,-3.500904652501049,0.05222720248547369,0.2545539996857014,0.2099154898607055
112,-35.03870397276023,-1543.0115728787887,9.409797566306306,4.716596173843947,40.746868121078705,23.83181274914349,0.1,0.0,0.0,25.299138983261425,50.25038626271975,211.16857182702987,222.2354886597701,0.0,0.0,0.0,0.0,0.0,2.7755575615628914e-17,0.055419921875,0.0,nan,nan,0.00046874704455866344,-4.206004406609627e-05,6553.6087325991075,False,True,True,Omega_safe_one_step_QP,False,0.33251953125,0.0,0.0,False,False,False,-1.600254637267667,6.247760451437187e-05,0.00034371843877729316,0.018225014691306166,1.9704390990498213,0.000841092329974826,0.0688690176890659,0.0,0.0,0.0,0.0,1.1760209722914558e-34,20.0,0.0,-23.639906472445332,20.0,20.0,0.0,0.0,0.0,0.0,0.0,False,0.1,-0.09594365209341049,-0.037369050085544586,25.25510144710157,50.23951349094084,209.57911892573645,221.1210752962036,-0.9594364762306213,-0.37369048595428467,-0.05678960593514171,-0.02232199243767645,-0.056789605935141624,-0.0223219924376764,0.0277099609375,0.0,-0.387939453125,-0.16189110413481544,0.0004669775198189235,-4.197789339809889e-05,6518.570028626347,False,True,True,Omega_safe_one_step_QP,False,0.3602294921875,0.0,6.101910101481616,False,False,False,-1.4250611174038659,9.321867145603333e-05,0.0005128393840770693,0.0148683511226094,1.6075257489019434,0.00012231297965284855,0.010015041701267808,0.0,0.0,0.0,0.0,5.186095068578569e-06,20.0,11.089872048254001,-34.132991981740226,31.089872048254,31.089872048254,0.0,0.0,0.0,0.0,0.0,False,-35.03870397276023,0.5346474805319079,0.28102564953126746,0.21285119541426084
113,-11.584368021422051,-1554.5959409002107,8.718481011696882,5.891956508919494,36.797630310217315,24.198465143705494,0.1,0.0,0.0,25.31928737048358,50.25189232560706,207.1765392285266,221.4632579977582,0.0,0.0,0.0,0.0,6.938893903907228e-17,-6.245004513516506e-17,0.055419921875,0.0,nan,nan,0.0016709922976124768,-5.4680964216615065e-05,6383.846397781016,False,True,True,Omega_safe_one_step_QP,False,0.33251953125,0.0,0.0,False,False,False,-0.75144296317721,4.6362843874232165e-05,0.0002550636253997339,0.0015936324267512788,0.17229921052860994,5.963401953513483e-05,0.004882860299484866,0.0,0.0,0.0,0.0,1.295187887600416e-34,0.0,0.0,-0.9288800976307046,0.0,0.0,0.0,0.0,0.0,0.0,0.0,False,0.1,-0.09086357802152634,-0.009300429373979568,25.274120520449642,50.24082475111992,206.5410621967847,221.67122261961615,-0.9086357951164246,-0.09300429373979568,-0.05044576984072907,-0.009643675386941344,-0.050445769840729154,-0.009643675386941303,0.0277099609375,0.0,-0.387939453125,-0.04254419762017792,0.0016675977464351392,-5.4596882699339475e-05,6372.262029759594,False,True,True,Omega_safe_one_step_QP,False,0.3602294921875,0.0,5.1359285137086,False,False,False,-0.6935211230700997,6.32923990839109e-05,0.0003482010036826385,0.0009229788688328974,0.09978996898217453,3.0266207745798803e-05,0.0024782106819220997,0.0,0.0,0.0,0.0,2.0098397963173076e-06,20.0,0.0,-20.796139513577675,20.0,20.0,0.0,0.0,0.0,0.0,0.0,False,-11.584368021422051,0.1814637649403454,0.28155362488164415,0.21257720374819195
114,1.4469865318960728,-1553.1489543683147,11.363013836735453,3.4423039930146766,38.9463434617476,21.83543386656615,0.1,0.0,0.0,25.354163330297897,50.252522532920366,200.2914458285625,220.02275688108446,0.0,0.0,0.0,0.0,1.1102230246251565e-16,3.469446951953614e-17,0.26014284641297625,-0.05033574002966734,nan,nan,-0.0024168891441551403,-8.021444372862448e-05,6499.997550099415,True,True,True,Z_mode_existing_controller,False,0.05060201485354432,0.0,0.0,False,False,False,-1.332198724769205,6.0587112800266904e-05,0.00033331796222982736,0.004740451112622909,0.5125247017716925,0.0002075043467138303,0.016990549093249447,0.0,0.0,0.0,0.0,1.1170393677445967e-34,20.0,0.0,-21.862047293596376,20.0,20.0,0.0,0.0,0.0,0.0,0.0,False,0.1,-0.09555025398731232,-0.005320904776453972,25.308619832541854,50.241375317263596,200.20558300365477,220.53006475367357,-0.9555025100708008,-0.05320904776453972,-0.04662951462029333,-0.006938778225436662,-0.04662951462029343,-0.006938778225436773,0.0277099609375,0.0,-0.387939453125,-0.02314625927534555,-0.0024140073792673633,-8.021462945273419e-05,6501.444536631311,False,True,True,Omega_safe_one_step_QP,False,0.3602294921875,0.0,4.71429557514796,False,False,False,-1.3394336574286854,9.041373088634663e-05,0.0004974080979230999,0.0040138296606582425,0.4339643634997831,0.00013022412750026105,0.010662810039686223,0.0,0.0,0.0,0.0,2.1880272561818168e-07,20.0,9.163758535501646,-30.94831699337045,29.163758535501646,29.163758535501646,0.0,0.0,0.0,0.0,0.0,False,1.4469865318960728,-0.02226133965041174,0.2658738544042119,0.21050830754830757
115,-11.340495724359243,-1564.489450092674,6.848323090547818,5.165150825635794,38.2885510937926,24.017520097827035,0.1,0.0,0.0,25.32202480539004,50.251571706845816,206.63602199168804,221.3170108640612,0.0,0.0,0.0,0.0,-1.3877787807814457e-16,6.938893903907228e-18,0.055419921875,0.0,nan,nan,0.00326328401696873,-8.279545618928175e-05,6169.767176515833,False,True,True,Omega_safe_one_step_QP,False,0.33251953125,0.0,0.0,False,False,False,0.31895314314870576,4.0456423576358e-05,0.00022256965289025934,0.004025364668970078,0.43521149727555714,0.0001675093372451122,0.013715739757325594,0.0,0.0,0.0,0.0,6.317050217590134e-34,0.0,0.0,-0.13019666353706721,0.0,0.0,0.0,0.0,0.0,0.0,0.0,False,0.1,-0.09522893279790878,-0.02848014049232006,25.276645424670715,50.240422545083284,206.01470557791595,220.74912017321233,-0.952289342880249,-0.2848013937473297,-0.052570417855732327,-0.01779105960527272,-0.05257041785573231,-0.017791059605272705,0.0277099609375,0.0,-0.387939453125,-0.12430837309887892,0.003256153108897717,-8.262725655434726e-05,6158.426680791474,False,True,True,Omega_safe_one_step_QP,False,0.3602294921875,0.0,5.549928499903986,False,False,False,0.375655621770502,4.6937062503757014e-05,0.0002582226698668071,0.003374590508279085,0.36485156217555625,4.7985276829303015e-06,0.0003929056015611156,0.0,0.0,0.0,0.0,1.5306634239998184e-06,0.0,0.0,0.010151400660093807,0.0,0.0,0.0,0.0,0.0,0.0,0.0,False,-11.340495724359243,0.1838075149338683,0.256676037140597,0.21028687958416362
116,46.05607881611377,-1518.4333712765601,10.990349691075545,4.329173845316833,35.84193368103209,30.42154977087567,0.1,0.0,0.0,25.380339127617123,50.25155688470307,195.13792063944888,218.85415890375975,0.0,0.0,0.0,0.0,9.410874857174178e-17,1.3877787807814457e-16,0.26014284641297625,-0.05033574002966734,nan,nan,-0.0015526692174571192,0.0001605501357054952,6334.240242512801,True,True,True,Z_mode_existing_controller,False,0.05060201485354432,0.0,0.0,False,False,False,-0.5034121868361353,4.687404036678375e-05,0.0002578759557010315,0.013220633470636402,1.4293789906888519,0.0006065639778360624,0.049665730895908006,0.0,0.0,0.0,0.0,7.161769862045836e-34,0.0,0.0,-1.9827147843765964,0.0,0.0,0.0,0.0,0.0,0.0,0.0,False,0.1,-0.09267333149909973,0.00031341807334683836,25.33453946812498,50.24035428301048,196.8831687397228,219.96919992727175,-0.9267333149909973,0.0031341807916760445,-0.03063129857566246,-0.0012765859073899932,-0.03063129857566255,-0.001276585907389903,0.23243288547547625,-0.05033574002966734,-0.32560894130464346,-0.048448461441888566,-0.001548685761220631,0.0001609920741002524,6380.296321328915,True,True,True,Z_mode_existing_controller,False,0.07831197579104432,0.0,3.06578884467005,False,False,False,-0.7336925809167042,6.173541021487194e-05,0.0003396352818144675,0.008338496502727841,0.9015355989865366,6.0827559002802664e-05,0.004980587847082256,0.0,0.0,0.0,0.0,7.540527963031916e-06,20.0,0.0,-21.640555943560102,20.0,20.0,0.0,0.0,0.0,0.0,0.0,False,46.05607881611377,-0.7270971269293579,0.1987433669928817,0.20237336014970084
117,-5.835413435644114,-1524.2687847122043,7.018940244773355,5.527556374950801,38.39004622084551,26.723996707437408,0.1,0.0,0.0,25.356904535265485,50.25462406701455,199.719335028108,220.00285626735925,0.0,0.0,0.0,0.0,1.1102230246251565e-16,-7.632783294297951e-17,0.26014284641297625,-0.05033574002966734,nan,nan,0.0032564709183324756,4.673341829344521e-06,6029.015086946779,True,True,True,Z_mode_existing_controller,False,0.05060201485354432,0.0,0.0,False,False,False,1.0227135909939762,4.410096649834107e-05,0.00024261998313159714,0.0020989357800612752,0.22693123695534115,0.0001319505633140432,0.0108041713794121,0.0,0.0,0.0,0.0,4.655653521911945e-34,20.0,0.0,-19.21526443732391,20.0,20.0,0.0,0.0,0.0,0.0,0.0,False,0.1,-0.09467922151088715,-0.0009074104018509388,25.31276940729715,50.24370338644697,199.31467699964261,220.6324258721692,-0.9467921853065491,-0.009074104018509388,-0.045228270134823806,-0.004971912803289701,-0.04522827013482374,-0.004971912803289638,0.0277099609375,0.0,-0.387939453125,-0.00398360480604702,0.0032499110946858363,4.814034053642405e-06,6023.179673511135,False,True,True,Omega_safe_one_step_QP,False,0.3602294921875,0.0,4.550072896462335,False,False,False,1.0518906581721967,3.8358084448849864e-05,0.00021102571079231131,0.0005912232418058259,0.06392145145852249,4.398686539851128e-05,0.003601664292084679,0.0,0.0,0.0,0.0,2.267270195665207e-06,0.0,0.0,0.9841542494406017,0.0,0.0,0.0,0.0,0.0,0.0,0.0,False,-5.835413435644114,0.09678883451922643,0.15515019494942764,0.20153171603530823
118,35.107244401279786,-1489.1615403109245,9.683939855613387,5.731205031033267,34.19050579739401,24.972802919515402,0.1,0.0,0.0,25.40938712344415,50.25527735818758,189.3630128584374,217.82229048434783,0.0,0.0,0.0,0.0,1.0408340855860843e-16,1.3877787807814457e-16,0.055419921875,0.0,nan,nan,0.0005783297162258043,-2.6294779084044297e-05,6060.645710258564,False,True,True,Omega_safe_one_step_QP,False,0.33251953125,0.0,0.0,False,False,False,0.8645604744350521,4.378830537950809e-05,0.0002408998885078202,0.010725340888201058,1.1595947325535176,0.00047548671340401946,0.03893306562112786,0.0,0.0,0.0,0.0,4.631861516251303e-34,20.0,0.0,-20.334208223628103,20.0,20.0,0.0,0.0,0.0,0.0,0.0,False,0.1,-0.0885571762919426,-0.0013186750002205372,25.365010824352925,50.24430249211495,190.69423340114085,218.76161978936403,-0.8855717778205872,-0.013186750002205372,-0.029296746488575498,-0.002122893259894204,-0.029296746488575498,-0.002122893259894173,0.23243288547547625,-0.05033574002966734,-0.32560894130464346,-0.058645352382554625,0.0005779209647637023,-2.6340250274020822e-05,6095.752954659843,True,True,True,Z_mode_existing_controller,False,0.07831197579104432,0.0,2.9373560060175894,False,False,False,0.6890242524286532,3.6548799709993976e-05,0.00020107199168645034,0.007431204783495005,0.8034416820212281,0.00034999153994607875,0.02865746446206606,0.0,0.0,0.0,0.0,2.619303580496163e-06,0.0,0.0,-0.1432785853499079,0.0,0.0,0.0,0.0,0.0,0.0,0.0,False,35.107244401279786,-0.579265742953023,0.08589269355198317,0.19532484162832706
119,23.326013953489564,-1465.835526357435,8.819837656145072,6.4097853421934445,44.90747692608882,25.03629572959561,0.1,0.0,0.0,25.413130323814784,50.25370194218072,188.6412724961288,217.57138422287957,0.0,0.0,0.0,0.0,1.457167719820518e-16,-1.5612511283791264e-17,0.055419921875,0.0,nan,nan,0.00203392377410006,2.007307390462093e-06,5954.296717668991,False,True,True,Omega_safe_one_step_QP,False,0.33251953125,0.0,0.0,False,False,False,1.3963054373829165,5.0983865797662e-05,0.0002804860220076509,5.20909150585341e-05,0.005631928285115827,6.295395204397841e-06,0.0005154697864196574,0.0,0.0,0.0,0.0,2.556972927727866e-34,20.0,0.0,-18.610122446710626,20.0,20.0,0.0,0.0,0.0,0.0,0.0,False,0.1,-0.08516459912061691,-0.0035838931798934937,25.3700118223431,50.242937480150985,189.49715564248103,218.29105673954712,-0.8516459465026855,-0.035838931798934937,-0.028205599362851226,-0.0033338438680261887,-0.02820559936285119,-0.0033338438680260707,0.23243288547547625,-0.05033574002966734,-0.32560894130464346,-0.07381923337952825,0.002030617313210111,1.8573162957344694e-06,5977.62273162248,True,True,True,Z_mode_existing_controller,False,0.07831197579104432,0.0,2.840194272147678,False,False,False,1.2796753676154686,3.434873515598541e-05,0.00018896841057781269,0.0001432995160278009,0.015493154548225979,2.2142958385299844e-05,0.0018130753763633866,0.0,0.0,0.0,0.0,2.657003425311429e-08,20.0,0.0,-18.737819857289733,20.0,20.0,0.0,0.0,0.0,0.0,0.0,False,23.326013953489564,-0.3917509499362221,0.033593535951256435,0.19077536237185785
120,16.32102661668796,-1449.514499740747,10.103899197204617,5.037820181092054,43.31134860757871,27.709007394881404,0.1,0.0,0.0,25.438115220888555,50.25258471049686,183.7265974535375,216.45127725216136,0.0,0.0,0.0,0.0,5.551115123125783e-17,1.3509159069169385e-16,0.055419921875,0.0,nan,nan,-3.413389290817751e-06,9.570490502047464e-05,5965.058770002274,False,True,True,Omega_safe_one_step_QP,False,0.33251953125,0.0,0.0,False,False,False,1.3424951757164991,4.727303013764182e-05,0.00026007098449884496,0.0024154030774269923,0.2611468217909188,0.0001254639625851528,0.01027304559878201,0.0,0.0,0.0,0.0,3.084878036727349e-34,20.0,0.0,-18.9291847626577,20.0,20.0,0.0,0.0,0.0,0.0,0.0,False,0.1,-0.08613362908363342,-0.0035055570770055056,25.395821169154523,50.24195833559973,184.2693628250734,217.1792817917773,-0.8613362908363342,-0.03505557030439377,-0.02658078983168749,-0.0024451597262777607,-0.02658078983168749,-0.0024451597262776566,0.0277099609375,0.0,-0.387939453125,-0.016916537251730108,-2.2109847534645575e-06,9.576833958229586e-05,5981.379796618962,False,True,True,Omega_safe_one_step_QP,False,0.3602294921875,0.0,2.6693017704323805,False,False,False,1.2608900426330591,3.429482958152493e-05,0.00018867185087391612,0.0027329817741738975,0.29548256810962537,0.00012360435344885791,0.010120779967604425,0.0,0.0,0.0,0.0,3.429765516355522e-08,20.0,0.0,-19.0449020115927,20.0,20.0,0.0,0.0,0.0,0.0,0.0,False,16.32102661668796,-0.2736104914634686,-0.005024386290231323,0.1871979239047551
121,12.769898219972674,-1436.7446015207743,9.66237647184078,5.459414556773573,38.31754846668645,23.8819317615585,0.1,0.0,0.0,25.428478649520372,50.2525814358635,185.62400265266663,216.8501790358345,0.0,0.0,0.0,0.0,4.163336342344337e-17,-8.760353553682876e-17,0.055419921875,0.0,nan,nan,0.0005577533196479698,-4.420289970571891e-05,5968.176954604509,False,True,True,Omega_safe_one_step_QP,False,0.33251953125,0.0,0.0,False,False,False,1.326904252705326,4.5810066075979835e-05,0.0002520225369443925,0.0003600146489682287,0.0389238062395687,1.5912263301760064e-05,0.0013029032648945776,0.0,0.0,0.0,0.0,4.978571224037634e-34,20.0,0.0,-18.71357447933608,20.0,20.0,0.0,0.0,0.0,0.0,0.0,False,0.1,-0.0848013386130333,-0.0073403120040893555,25.386819876876253,50.24204679765147,186.02793952614093,217.38459779224556,-0.8480133414268494,-0.07340312004089355,-0.027761028105014546,-0.0043603079182497236,-0.027761028105014546,-0.004360307918249751,0.0277099609375,0.0,-0.387939453125,-0.035978163003511386,0.0005577776307176161,-4.4240152397017826e-05,5980.9468528244815,False,True,True,Omega_safe_one_step_QP,False,0.3602294921875,0.0,2.8101369478894656,False,False,False,1.2630547616054628,3.286436946578567e-05,0.00018080222268415444,0.00030925920135375907,0.033436265068091144,4.2154660048281785e-06,0.0003451642495216393,0.0,0.0,0.0,0.0,5.0607549790400123e-08,20.0,0.0,-18.770907520542384,20.0,20.0,0.0,0.0,0.0,0.0,0.0,False,12.769898219972674,-0.21396648117346065,-0.04163989390056041,0.18412955194516895
122,10.74257978161586,-1426.0020217391584,7.747447425451128,5.868010482540448,37.45423570298139,24.22207333444653,0.1,0.0,0.0,25.428828910232735,50.250074772994104,185.5820757443142,216.69093423275604,0.0,0.0,0.0,0.0,-2.7755575615628914e-17,1.205632815803881e-16,0.055419921875,0.0,nan,nan,0.0026849337436070176,-5.942160576381632e-05,5777.236096302666,False,True,True,Omega_safe_one_step_QP,False,0.33251953125,0.0,0.0,False,False,False,2.2816085442145413,5.981321254787972e-05,0.000329060376034142,1.7578656439924558e-07,1.9005566000731078e-05,2.5358907307494643e-06,0.0002076398718304211,0.0,0.0,0.0,0.0,4.81482486096809e-34,20.0,23.40535429971063,-41.124301461309955,43.40535429971063,43.40535429971063,0.0,0.0,0.0,0.0,0.0,False,0.1,-0.08717546612024307,-0.006866909563541412,25.387672861088923,50.23961291417862,185.91511006073796,217.2571602459611,-0.8717546463012695,-0.06866909563541412,-0.028504706297916273,-0.004063199574972497,-0.02850470629791612,-0.0040631995749723995,0.0277099609375,0.0,-0.387939453125,-0.03274117206978012,0.002680049527955853,-5.9580935986873994e-05,5787.978676084282,False,True,True,Omega_safe_one_step_QP,False,0.3602294921875,0.0,2.87928441095441,False,False,False,2.2278956453064622,3.5354773446533166e-05,0.00019450309637866967,1.2730488263119406e-06,0.0001376385821823858,1.6240328203002504e-06,0.00013297653663329578,0.0,0.0,0.0,0.0,6.413306222423639e-09,20.0,1.795897027048809,-19.568466506370847,21.79589702704881,21.79589702704881,0.0,0.0,0.0,0.0,0.0,False,10.74257978161586,-0.185946698430603,-0.06575591113127961,0.18140966031801437
123,28.114832354958708,-1397.8871893841997,9.225924933703041,5.2319595812769615,36.91365658579201,26.745822751178505,0.1,0.0,0.0,25.46105967708621,50.247263795790914,179.25887660909427,215.17261010803705,0.0,0.0,0.0,0.0,-5.551115123125783e-17,3.9898639947466563e-17,0.055419921875,0.0,nan,nan,0.0008603870845004099,3.274368787590989e-05,5773.6297890870455,False,True,True,Omega_safe_one_step_QP,False,0.33251953125,0.0,0.0,False,False,False,2.299640080292643,5.8409404814339774e-05,0.00032133737502816,0.0039982847303646155,0.43228368784813725,0.00023053081477036777,0.018875966638252924,0.0,0.0,0.0,0.0,7.277156387522552e-35,20.0,22.557900963485565,-40.70974187505434,42.557900963485565,42.557900963485565,0.0,0.0,0.0,0.0,0.0,False,0.1,-0.0816672071814537,-0.0024309610016644,25.420273366627086,50.236859811458864,180.31396046445724,216.0608325916399,-0.8166720271110535,-0.024309609085321426,-0.021562345558141266,-0.0009083554565804536,-0.021562345558141127,-0.0009083554565805238,0.0277099609375,0.0,-0.387939453125,-0.012372499939976642,0.0008594821616380787,3.264970014386914e-05,5801.744621442004,False,True,True,Omega_safe_one_step_QP,False,0.3602294921875,0.0,2.158147019098065,False,False,False,2.1590659185178493,3.454667781251141e-05,0.00019005738544164406,0.0031372876799915677,0.3391950247684351,0.00014311998564936858,0.011718728696099549,0.0,0.0,0.0,0.0,5.8149414052521e-07,20.0,1.8807958810983543,-20.072834354924623,21.880795881098354,21.880795881098354,0.0,0.0,0.0,0.0,0.0,False,28.114832354958708,-0.4869524611380454,-0.10950810055630955,0.17653636405196885
124,28.961278385454534,-1368.9259109987452,10.367329438717482,5.814805015059397,42.12326119192891,20.840597583573,0.1,0.0,0.0,25.460700913762192,50.245321767691046,179.35006942255947,215.07426732313326,0.0,0.0,0.0,0.0,0.0,-7.979727989493313e-17,0.055419921875,0.0,nan,nan,0.00013530885830340643,-0.00011278801720837443,5885.35490209149,False,True,True,Omega_safe_one_step_QP,False,0.33251953125,0.0,0.0,False,False,False,1.7410145152704217,4.9103340956271125e-05,0.0002701403778750225,8.316129227698524e-07,8.991173099479005e-05,9.671303342633565e-07,7.918906608030634e-05,0.0,0.0,0.0,0.0,1.740860113793775e-34,20.0,3.4048788050343073,-21.664303530938835,23.404878805034308,23.404878805034308,0.0,0.0,0.0,0.0,0.0,False,0.1,-0.07709027826786041,-0.005648747086524963,25.420927311647777,50.235082828630134,180.42464145620784,215.82188529080616,-0.7709027528762817,-0.056487470865249634,-0.02034542435916925,-0.002164151365731365,-0.020345424359169306,-0.0021641513657313293,0.0277099609375,0.0,-0.387939453125,-0.030456478682607296,0.0001377985074994285,-0.00011281596588857187,5914.316180476944,False,True,True,Omega_safe_one_step_QP,False,0.3602294921875,0.0,2.0460201452783355,False,False,False,1.596208123343149,2.971664266191879e-05,0.00016348510959807757,1.2250281934896035e-06,0.00013244672175994208,5.709581257572461e-06,0.00046750307738115495,0.0,0.0,0.0,0.0,3.057920569946912e-08,20.0,0.0,-18.404555342144796,20.0,20.0,0.0,0.0,0.0,0.0,0.0,False,28.961278385454534,-0.49209060230441687,-0.15281757939700277,0.1716034602958265
125,17.176926008607552,-1351.7489849901376,9.71914821424573,6.570320504742121,38.753982631972704,26.882010403296245,0.1,0.0,0.0,25.449547201093083,50.24048839331497,181.60336575663825,215.2714761007336,0.0,0.0,0.0,0.0,-5.551115123125783e-17,7.45931094670027e-17,0.055419921875,0.0,nan,nan,0.0011092437163783718,4.866605370002115e-05,5877.116159120944,False,True,True,Omega_safe_one_step_QP,False,0.33251953125,0.0,0.0,False,False,False,1.7822082301231512,5.133942490129862e-05,0.00028244211845124804,0.0005077344369172883,0.0548948685848312,3.889130196261947e-06,0.00031844372696807364,0.0,0.0,0.0,0.0,2.6917880238349727e-34,20.0,10.508317115018336,-28.781604639325437,30.508317115018336,30.508317115018336,0.0,0.0,0.0,0.0,0.0,False,0.1,-0.08344295620918274,-0.023748917505145073,25.410849029873106,50.23042243111328,182.21536428898509,215.23570720929814,-0.8344295620918274,-0.23748916387557983,-0.02380490450886774,-0.009822222571688454,-0.023804904508867797,-0.009822222571688341,0.0277099609375,0.0,-0.387939453125,-0.11829906434386238,0.0011096977867361122,4.8635532879495735e-05,5894.293085129551,False,True,True,Omega_safe_one_step_QP,False,0.3602294921875,0.0,2.575168994307172,False,False,False,1.6963236000801134,3.0400659633793585e-05,0.00016724820595072172,0.00032066882638297743,0.03466984274382239,3.436047432404273e-05,0.0028134510679677935,0.0,0.0,0.0,0.0,7.061405750166577e-07,20.0,0.0013982773044402222,-18.34272592538264,20.00139827730444,20.00139827730444,0.0,0.0,0.0,0.0,0.0,False,17.176926008607552,-0.2922679345370766,-0.17630001906688886,0.16821095839507896
126,22.282622894183987,-1329.4663620959536,10.325842189053589,5.104931217090523,41.46966188307738,25.98775899676444,0.1,0.0,0.0,25.45488051645474,50.23924643296048,180.5641873248834,214.97195974710056,0.0,0.0,0.0,0.0,0.0,3.2959746043559335e-17,0.055419921875,0.0,nan,nan,-0.0002462519639523891,3.9416595678910295e-05,5911.267386173748,False,True,True,Omega_safe_one_step_QP,False,0.33251953125,0.0,0.0,False,False,False,1.6114520948591327,4.241381624337233e-05,0.00023333818277884561,0.00010798918130244959,0.011675497041669404,8.97100460936311e-06,0.0007345498860385654,0.0,0.0,0.0,0.0,4.81482486096809e-35,20.0,0.0,-18.401191290251354,20.0,20.0,0.0,0.0,0.0,0.0,0.0,False,0.1,-0.07843157649040222,-0.0069879526272416115,25.41684841029397,50.22930136918066,181.36634147171546,215.65278539614974,-0.7843157649040222,-0.06987952440977097,-0.021530991657795706,-0.0026207807909089404,-0.02153099165779565,-0.002620780790908969,0.0277099609375,0.0,-0.387939453125,-0.037032768496817296,-0.00024415847377297437,3.946735044406142e-05,5933.550009067932,False,True,True,Omega_safe_one_step_QP,False,0.3602294921875,0.0,2.16899076466928,False,False,False,1.5000389803882126,2.7067132203961883e-05,0.00014890891697334958,7.208397442444556e-05,0.007793523573322026,1.7395421394741596e-05,0.0014243449155921693,0.0,0.0,0.0,0.0,5.703144337622583e-07,20.0,0.0,-18.50932836733211,20.0,20.0,0.0,0.0,0.0,0.0,0.0,False,22.282622894183987,-0.37695169983855376,-0.1997405792540438,0.1642300518571541
127,10.418029221013967,-1319.0483328749397,8.64623384072374,4.1784839259537065,37.521319096782825,27.38023243371369,0.1,0.0,0.0,25.439025651521156,50.2376614921706,183.7060257759711,215.54572741940527,0.0,0.0,0.0,0.0,-6.938893903907228e-17,-4.683753385137379e-17,0.055419921875,0.0,nan,nan,0.0009721655642137054,4.69757818638639e-05,5823.129859630657,False,True,True,Omega_safe_one_step_QP,False,0.33251953125,0.0,0.0,False,False,False,2.052139727574586,4.418740588752439e-05,0.00024309552652238318,0.0009871148852733293,0.10672418092066005,3.292093417819669e-05,0.0026955808743692393,0.0,0.0,0.0,0.0,1.118243073959839e-34,20.0,0.18232314025981147,-18.239846270006776,20.18232314025981,20.18232314025981,0.0,0.0,0.0,0.0,0.0,False,0.1,-0.08370243012905121,-0.01223211269825697,25.401835569202593,50.22784853197282,184.03275256454188,215.9526762710001,-0.8370242714881897,-0.12232112884521484,-0.02554584746274491,-0.005252762656944608,-0.025545847462744783,-0.005252762656944584,0.0277099609375,0.0,-0.387939453125,-0.06074220865437383,0.0009699736054862523,4.6910522446918027e-05,5833.547888851671,False,True,True,Omega_safe_one_step_QP,False,0.3602294921875,0.0,2.6080295974547902,False,False,False,2.000049581469516,2.7316173640300154e-05,0.00015027901005477292,0.0007109748115947794,0.07686866600300832,8.993453681850719e-06,0.000736388026175093,0.0,0.0,0.0,0.0,2.304639567767407e-07,20.0,0.0,-18.077705982033677,20.0,20.0,0.0,0.0,0.0,0.0,0.0,False,10.418029221013967,-0.17890772612230135,-0.20097768793343385,0.161779367194164
128,15.628444568212217,-1303.4198883067274,10.885408125398381,2.50919097216309,40.981613874319656,23.5011965152849,0.1,0.0,0.0,25.444050302912334,50.23671973727763,182.7241533496019,215.27571651029854,0.0,0.0,0.0,0.0,-5.551115123125783e-17,-9.020562075079397e-17,0.055419921875,0.0,nan,nan,-0.0024072229528810337,-3.0093321059777856e-05,6020.102090385556,False,True,True,Omega_safe_one_step_QP,False,0.33251953125,0.0,0.0,False,False,False,1.0672785738000903,3.000480989640313e-05,0.00016507045194136383,9.64073461664183e-05,0.010423300476819915,7.290589103664304e-06,0.0005969567098049698,0.0,0.0,0.0,0.0,2.0733839557543838e-35,0.0,0.0,1.056093246161524,0.0,0.0,0.0,0.0,0.0,0.0,0.0,False,0.1,-0.08024938404560089,-0.009140077978372574,25.407249668905145,50.22696808208001,183.24817878020167,215.83737047941574,-0.8024938106536865,-0.09140077978372574,-0.023715482004981664,-0.003747261566323882,-0.02371548200498158,-0.003747261566323921,0.0277099609375,0.0,-0.387939453125,-0.04734077527669668,-0.0024040590565913367,-3.0040413539384435e-05,6035.730534953768,False,True,True,Omega_safe_one_step_QP,False,0.3602294921875,0.0,2.400970753622483,False,False,False,0.9891363509590292,2.8348437280246382e-05,0.00015595797373282603,6.155560230739191e-05,0.006655224569443329,1.3295425572893012e-06,0.00010886354165072857,0.0,0.0,0.0,0.0,5.6167712428327056e-08,0.0,0.0,0.9822162487064898,0.0,0.0,0.0,0.0,0.0,0.0,0.0,False,15.628444568212217,-0.25960431124867017,-0.20633490749300928,0.15869085637827018
129,-0.9745235189511732,-1304.3944118256786,9.227101390510818,5.271333913982809,41.2549981978723,24.708543528702627,0.1,0.0,0.0,25.397574887056958,50.23408674071798,191.91477415223267,217.08115740375123,0.0,0.0,0.0,0.0,-1.3877787807814457e-17,1.196959198423997e-16,0.26014284641297625,-0.05033574002966734,nan,nan,0.0009732356529486943,-1.4862407416763555e-05,6075.191828860911,True,True,True,Z_mode_existing_controller,False,0.05060201485354432,0.0,0.0,False,False,False,0.791829881423314,3.09392224710794e-05,0.00017021109127665906,0.008446751073774956,0.9132397892467428,0.0003259616819751274,0.026689888900276404,0.0,0.0,0.0,0.0,4.579199369334464e-34,20.0,0.0,-20.148270007814983,20.0,20.0,0.0,0.0,0.0,0.0,0.0,False,0.1,-0.09162159264087677,-0.0013750650687143207,25.361402296282915,50.22442563702623,191.74639275024316,217.79269566612624,-0.9162158966064453,-0.01375065091997385,-0.030290248606159895,-0.002202357375292195,-0.030290248606159975,-0.0022023573752920876,0.23243288547547625,-0.05033574002966734,-0.32560894130464346,-0.058710881748656865,0.0009720147414045842,-1.4858303291306538e-05,6074.21730534196,True,True,True,Z_mode_existing_controller,False,0.07831197579104432,0.0,3.0370208076855256,False,False,False,0.7967024990180698,2.5506486011439382e-05,0.0001403230744631079,0.007221964068060835,0.7808191440541491,0.00038232965857844367,0.03130532413781665,0.0,0.0,0.0,0.0,4.5614284819438624e-07,0.0,0.0,-0.015562748391207228,0.0,0.0,0.0,0.0,0.0,0.0,0.0,False,-0.9745235189511732,0.016041032882642237,-0.19747777828108587,0.15764349067733846
130,-9.363060032075737,-1313.7574718577544,8.572013207663323,6.947511227031028,37.83766266230605,25.31646562286613,0.1,0.0,0.0,25.409415460882826,50.23319213308596,189.58866178865227,216.5267528611333,0.0,0.0,0.0,0.0,1.3877787807814457e-17,-7.28583859910259e-17,0.055419921875,0.0,nan,nan,0.0023695035983184454,-1.6389369083592148e-05,5953.770200856756,False,True,True,Omega_safe_one_step_QP,False,0.33251953125,0.0,0.0,False,False,False,1.3989380214440916,3.980887728955512e-05,0.0002190071987842489,0.000541079872800156,0.05850008656415083,3.073643968753971e-05,0.0025167134844796832,0.0,0.0,0.0,0.0,3.784753267274729e-34,20.0,0.0,-18.66229778580332,20.0,20.0,0.0,0.0,0.0,0.0,0.0,False,0.1,-0.0918205976486206,-6.046518319635652e-05,25.373242019197903,50.22350553899382,189.05762082113498,217.24946832973126,-0.918205976486206,-0.0006046518101356924,-0.030391575826845676,-0.0014718725486831466,-0.030391575826845565,-0.0014718725486830685,0.23243288547547625,-0.05033574002966734,-0.32560894130464346,-0.050703218592773776,0.0023678021650397267,-1.6308393138496184e-05,5944.40714082468,True,True,True,Z_mode_existing_controller,False,0.07831197579104432,0.0,3.0427196552401545,False,False,False,1.4457533216044702,2.4437118660970213e-05,0.00013443998597020447,0.000722949448676015,0.0781633312475337,2.9509593900678207e-05,0.002416258800509792,0.0,0.0,0.0,0.0,5.438752875578748e-09,20.0,0.0,-18.634960713868296,20.0,20.0,0.0,0.0,0.0,0.0,0.0,False,-9.363060032075737,0.15726270440750936,-0.15668466365754966,0.15764077031534984
131,-2.155992904179584,-1315.913464761934,9.729131116779907,6.857843969352896,38.04145444907933,27.344166515555354,0.1,0.0,0.0,25.440278898261827,50.231908307792565,183.51700204509262,215.14997971009305,0.0,0.0,0.0,0.0,-9.71445146547012e-17,3.469446951953614e-18,0.055419921875,0.0,nan,nan,0.0012367684730448213,5.999726701943434e-05,5924.482193091885,False,True,True,Omega_safe_one_step_QP,False,0.33251953125,0.0,0.0,False,False,False,1.5453780602684446,4.374421089026126e-05,0.0002406573041590698,0.0036865052041562835,0.3985749321006215,0.00018955043094253104,0.015520474407300741,0.0,0.0,0.0,0.0,1.8151889725849698e-34,20.0,3.146799310058637,-22.015757313602272,23.146799310058636,23.146799310058636,0.0,0.0,0.0,0.0,0.0,False,0.1,-0.08215845376253128,-0.005220543593168259,25.40380380428956,50.22213959426954,183.30038911070918,215.7769819566198,-0.8215845227241516,-0.05220543593168259,-0.02437689013523843,-0.001916881486326798,-0.024376890135238333,-0.0019168814863268855,0.0277099609375,0.0,-0.387939453125,-0.026411352529345247,0.0012372550086680453,6.0030897364930606e-05,5922.326200187706,False,True,True,Omega_safe_one_step_QP,False,0.3602294921875,0.0,2.445214115978594,False,False,False,1.5561580247893425,2.5518491066173783e-05,0.00014038911986774237,0.003314571696753237,0.3583624912523132,0.00021682161189989153,0.017753450950803867,0.0,0.0,0.0,0.0,3.6374476923407643e-07,20.0,0.0,-18.820098670278412,20.0,20.0,0.0,0.0,0.0,0.0,0.0,False,-2.155992904179584,0.036391246254289245,-0.15880561369488824,0.15678490121549873
132,6.468936856182154,-1309.4445279057518,12.10526703878012,3.750317159168439,38.22801671745441,20.92875899998297,0.1,0.0,0.0,25.449133489188007,50.23121301788187,181.77718394963335,214.73226372110128,0.0,0.0,0.0,0.0,-8.326672684688674e-17,1.9081958235744878e-17,0.055419921875,0.0,nan,nan,-0.003107858720003909,-0.00010513781590104979,6116.8213963892085,False,True,True,Omega_safe_one_step_QP,False,0.33251953125,0.0,0.0,False,False,False,0.5836820437818279,2.5991394269838134e-05,0.00014299078092884948,0.0003026967005287522,0.03272674529912719,1.744866474593752e-05,0.0014287045050981717,0.0,0.0,0.0,0.0,4.363435030252331e-36,0.0,0.0,0.5493836031966737,0.0,0.0,0.0,0.0,0.0,0.0,0.0,False,0.1,-0.07798117399215698,-0.007998849265277386,25.41264546593527,50.2214143222414,181.91699920705227,215.29159349457416,-0.7798117399215698,-0.079988494515419,-0.02186261734814278,-0.0027727803135264243,-0.02186261734814289,-0.0027727803135263636,0.0277099609375,0.0,-0.387939453125,-0.042634867367105686,-0.0031021779744956133,-0.00010512293096232288,6123.290333245391,False,True,True,Omega_safe_one_step_QP,False,0.3602294921875,0.0,2.2037748251089404,False,False,False,0.551337359500917,2.6609035623527788e-05,0.0001463887140516802,0.0001913767625539861,0.02069113589059729,2.3560195908703978e-05,0.0019291194212209214,0.0,0.0,0.0,0.0,7.054130450330126e-08,0.0,0.0,0.5285706449337427,0.0,0.0,0.0,0.0,0.0,0.0,0.0,False,6.468936856182154,-0.1057565103993522,-0.19382651137395174,0.15488536795427013
133,-10.273361644286524,-1319.7178895500383,7.204237998516351,4.217120864615581,36.0297180983592,25.540358418411195,0.1,0.0,0.0,25.39138183016234,50.226946864208685,193.20997145600037,216.92270564221138,0.0,0.0,0.0,0.0,-1.3530843112619095e-16,9.107298248878237e-17,0.26014284641297625,-0.05033574002966734,nan,nan,0.0025225493653764364,-3.266152291045779e-05,5900.561648644363,True,True,True,Z_mode_existing_controller,False,0.05060201485354432,0.0,0.0,False,False,False,1.6649807825060543,3.1728472839593683e-05,0.0001745531256196648,0.013070863016574183,1.4131862158919448,0.0004798035809756537,0.03928653267647615,0.0,0.0,0.0,0.0,7.891046557295983e-35,20.0,0.0,-19.787666519187987,20.0,20.0,0.0,0.0,0.0,0.0,0.0,False,0.1,-0.0885879322886467,-0.0023908684961497784,25.355247558544942,50.21717665000259,192.63241955947072,217.4924761542891,-0.8858792781829834,-0.02390868403017521,-0.029336381563073805,-0.0027217037895859095,-0.0293363815630739,-0.0027217037895859667,0.23243288547547625,-0.05033574002966734,-0.32560894130464346,-0.06539653430168185,0.0025186219109630775,-3.24918129221358e-05,5890.288287000077,True,True,True,Z_mode_existing_controller,False,0.07831197579104432,0.0,2.9462365056670254,False,False,False,1.716347590727487,2.0735925446405056e-05,0.00011407799605058764,0.011482023332902349,1.2414051837305624,0.0004843884481833949,0.03966194366237992,0.0,0.0,0.0,0.0,5.585976035168119e-07,20.0,0.0,-19.564834173259108,20.0,20.0,0.0,0.0,0.0,0.0,0.0,False,-10.273361644286524,0.1741081994566873,-0.1956993183522653,0.15501860144970836
134,-8.875832766847452,-1328.5937223168858,9.841105638812596,4.462422475225876,42.167438135030906,23.706499309557152,0.1,0.0,0.0,25.427554669830148,50.22591627476154,186.088634718003,215.33630486635775,0.0,0.0,0.0,0.0,9.71445146547012e-17,-1.0061396160665481e-16,0.055419921875,0.0,nan,nan,-7.286080729225529e-05,-3.291128370513756e-05,5997.983512856671,False,True,True,Omega_safe_one_step_QP,False,0.33251953125,0.0,0.0,False,False,False,1.1778714614445152,2.8107193781941696e-05,0.00015463078074508295,0.005071343693595119,0.5482999090994636,0.0002516667421629009,0.020606585864699493,0.0,0.0,0.0,0.0,9.077825653886165e-34,20.0,0.0,-19.39118966430039,20.0,20.0,0.0,0.0,0.0,0.0,0.0,False,0.1,-0.08090857416391373,-0.006907691713422537,25.39104781654432,50.21606271641926,185.5910163213838,215.85745575704883,-0.8090857267379761,-0.06907691806554794,-0.02598986055562119,-0.0027549066622288305,-0.02598986055562119,-0.0027549066622289268,0.0277099609375,0.0,-0.387939453125,-0.035486696470410015,-7.24721111253753e-05,-3.2926152997572906e-05,5989.107680089824,False,True,True,Omega_safe_one_step_QP,False,0.3602294921875,0.0,2.6135461779318554,False,False,False,1.2222506252787526,2.0009629290711785e-05,0.00011008230219091966,0.0049581359561341075,0.5360601959367327,0.000267329169939177,0.02188903248457339,0.0,0.0,0.0,0.0,1.1200305284074046e-07,20.0,0.0,-19.335808797447797,20.0,20.0,0.0,0.0,0.0,0.0,0.0,False,-8.875832766847452,0.1479802795026381,-0.18788426693705534,0.15496936031633773
135,-13.80193019968192,-1342.3956525165677,11.537095019803836,4.236144001347948,46.32180947249956,25.180289663213976,0.1,0.0,0.0,25.418909633231934,50.223777880630855,187.81561621617206,215.57607795333797,0.0,0.0,0.0,0.0,-1.1102230246251565e-16,3.469446951953614e-17,0.055419921875,0.0,nan,nan,-0.0019081785974230697,5.3002111566538904e-05,6208.60301177475,False,True,True,Omega_safe_one_step_QP,False,0.33251953125,0.0,0.0,False,False,False,0.12477396685412259,2.4471519705709142e-05,0.00013462924216019255,0.00029824650950182756,0.032245602729630334,5.749113324002496e-06,0.0004707399807331769,0.0,0.0,0.0,0.0,6.164179528254397e-34,0.0,0.0,0.0919229949015989,0.0,0.0,0.0,0.0,0.0,0.0,0.0,False,0.1,-0.08665627986192703,-0.0047303917817771435,25.38216120033528,50.21385163473993,187.12357313215892,216.191203231554,-0.8665627837181091,-0.04730391502380371,-0.029465401781996282,-0.0020716587877803476,-0.029465401781996324,-0.0020716587877802825,0.0277099609375,0.0,-0.387939453125,-0.02268946434712564,-0.001905613562551599,5.289243942450082e-05,6194.801081575068,False,True,True,Omega_safe_one_step_QP,False,0.3602294921875,0.0,2.9538139283093914,False,False,False,0.19378361785253218,2.7820092742430585e-05,0.00015305130403756294,0.0002348730378253249,0.02539383506035787,1.113873767385815e-05,0.0009120448428269007,0.0,0.0,0.0,0.0,1.254621447417175e-07,0.0,0.0,0.16732456118316513,0.0,0.0,0.0,0.0,0.0,0.0,0.0,False,-13.80193019968192,0.22230331321726096,-0.18576443488392388,0.15545347460237083
136,-10.990026975997353,-1353.385679492565,7.219383374055486,6.230780902484761,39.294550802655,25.7776274786921,0.1,0.0,0.0,25.384169544118034,50.223631504707555,194.66347160204688,217.02412944103952,0.0,0.0,0.0,0.0,-6.548581121812447e-17,-5.637851296924623e-17,0.26014284641297625,-0.05033574002966734,nan,nan,0.0033689386452747457,-1.7043203469215874e-05,5934.664799320733,True,True,True,Z_mode_existing_controller,False,0.05060201485354432,0.0,0.0,False,False,False,1.4944650291242032,3.2785168690360195e-05,0.0001803665022833677,0.004689312338585481,0.5069957163882739,0.00020968531110346667,0.01716912743688217,0.0,0.0,0.0,0.0,1.0367860174252576e-34,20.0,0.0,-19.029880181203236,20.0,20.0,0.0,0.0,0.0,0.0,0.0,False,0.1,-0.09188997000455856,-0.0011679729213938117,25.347055790878223,50.21359712330371,194.0495544236667,217.6658632732308,-0.918899655342102,-0.01167972944676876,-0.030442869737242376,-0.002090994727304049,-0.030442869737242348,-0.0020909947273041844,0.23243288547547625,-0.05033574002966734,-0.32560894130464346,-0.05742876381291574,0.0033647811574649034,-1.685596739659477e-05,5923.674772344736,True,True,True,Z_mode_existing_controller,False,0.07831197579104432,0.0,3.0514596126908247,False,False,False,1.54941516400419,1.9571865400551522e-05,0.00010767395888056838,0.004796921685031581,0.5186301467167027,0.00021746222385182187,0.017805904545108595,0.0,0.0,0.0,0.0,9.55817482090115e-09,20.0,0.0,-18.987128570774676,20.0,20.0,0.0,0.0,0.0,0.0,0.0,False,-10.990026975997353,0.18518361773785846,-0.13851266986606942,0.1556564010264254
137,-4.503443609981332,-1357.8891231025464,8.366770190038416,3.4962944652321473,40.81641631768158,28.732498853672414,0.1,0.0,0.0,25.434250324864436,50.22314793102227,184.79390701329157,214.88220768640898,0.0,0.0,0.0,0.0,-1.3877787807814457e-16,-9.8879238130678e-17,0.055419921875,0.0,nan,nan,0.001032549102508224,9.471991398649245e-05,5821.359349009072,False,True,True,Omega_safe_one_step_QP,False,0.33251953125,0.0,0.0,False,False,False,2.0609922806825125,3.5807281791586374e-05,0.000196992555811443,0.009740830517161276,1.0531521446393237,0.0004587828802959591,0.03756534826502185,0.0,0.0,0.0,0.0,7.178038703861217e-35,20.0,0.0,-19.029922204777645,20.0,20.0,0.0,0.0,0.0,0.0,0.0,False,0.1,-0.08069165796041489,-0.004448704421520233,25.396735266794874,50.21302328880044,184.4687177158591,215.54902903652697,-0.8069165349006653,-0.04448704421520233,-0.024928975730394237,-0.0013727376125246054,-0.024928975730394237,-0.0013727376125246262,0.0277099609375,0.0,-0.387939453125,-0.022915644973477388,0.0010303993111332624,9.481133819373971e-05,5816.85590539909,False,True,True,Omega_safe_one_step_QP,False,0.3602294921875,0.0,2.496674266938761,False,False,False,2.083509498732419,2.0253782980326077e-05,0.00011142550549822052,0.00917924320216737,0.9924348491124088,0.000448098718568146,0.03669052430479429,0.0,0.0,0.0,0.0,3.091892040168697e-07,20.0,0.0,-18.945727609379485,20.0,20.0,0.0,0.0,0.0,0.0,0.0,False,-4.503443609981332,0.07736068742686227,-0.1398742560693325,0.15513567442528942
138,-0.007446718740538927,-1357.896569821287,8.34463332696831,5.430871947481012,42.78997710725524,25.52917927762502,0.1,0.0,0.0,25.44112394790589,50.22336874258397,183.4338059431223,214.59828085470326,0.0,0.0,0.0,0.0,4.163336342344337e-17,-1.734723475976807e-17,0.055419921875,0.0,nan,nan,0.001998142397705988,4.300675214114272e-06,5786.412576240029,False,True,True,Omega_safe_one_step_QP,False,0.33251953125,0.0,0.0,False,False,False,2.2357261445277254,4.5943890561471386e-05,0.0002527587678479437,0.0001849874921075578,0.020000345319764367,8.061444576244445e-06,0.000660074702069177,0.0,0.0,0.0,0.0,3.9195683633818355e-34,20.0,24.99123028259479,-42.776417316856744,44.991230282594785,44.991230282594785,0.0,0.0,0.0,0.0,0.0,False,0.1,-0.08189176768064499,-0.00917124468833208,25.403473162747503,50.21319750619959,183.3065704176767,215.11398812348207,-0.8189176321029663,-0.09171244502067566,-0.024296218462362115,-0.0031149870428516246,-0.024296218462362115,-0.003114987042851701,0.0277099609375,0.0,-0.387939453125,-0.04654952004204949,0.001995702984878306,4.291364220991058e-06,5786.4051295212885,False,True,True,Omega_safe_one_step_QP,False,0.3602294921875,0.0,2.4495088810779215,False,False,False,2.235763378121428,2.371155646407735e-05,0.00013044832996017818,0.00013505863426726286,0.014602172790095671,1.89260596022941e-05,0.001549674259392806,0.0,0.0,0.0,0.0,3.435814837722491e-08,20.0,6.67999633736531,-24.46051528898148,26.67999633736531,26.67999633736531,0.0,0.0,0.0,0.0,0.0,False,-0.007446718740538927,0.00012869318670978268,-0.1106085763547996,0.15411767761027625
139,15.731892722710654,-1342.1646770985762,10.24689014959296,6.294291531537593,40.72154490861822,25.913695612489256,0.1,0.0,0.0,25.46135596278608,50.22156962440485,179.46402538447026,213.6408286637862,0.0,0.0,0.0,0.0,2.7755575615628914e-17,-1.1102230246251565e-16,0.055419921875,0.0,nan,nan,0.0004915625322707779,3.317183952646855e-05,5877.432245123335,False,True,True,Omega_safe_one_step_QP,False,0.33251953125,0.0,0.0,False,False,False,1.7806278001111968,4.162849846705987e-05,0.00022901778345950098,0.0015759157683851762,0.17038373353501773,9.167146978918644e-05,0.0075061011133975165,0.0,0.0,0.0,0.0,8.967611303553067e-35,20.0,12.475113497225587,-30.872604549546264,32.475113497225585,32.475113497225585,0.0,0.0,0.0,0.0,0.0,False,0.1,-0.07264497131109238,-0.007708648685365915,25.423726010051993,50.21138576477782,179.9934492383862,214.29571244640135,-0.726449728012085,-0.07708648592233658,-0.018742552879294078,-0.0019033069221725332,-0.018742552879294133,-0.0019033069221724014,0.0277099609375,0.0,-0.387939453125,-0.04410622306621739,0.0004934779229135986,3.31924156389456e-05,5893.164137846045,False,True,True,Omega_safe_one_step_QP,False,0.3602294921875,0.0,1.8838945450133913,False,False,False,1.7019683364976437,2.157104898639549e-05,0.00011867240010277322,0.0010976771948663306,0.11867787760586625,6.695750837019111e-05,0.005482510854070547,0.0,0.0,0.0,0.0,3.2311370123403236e-07,20.0,1.2738977269155716,-19.696208774391668,21.27389772691557,21.27389772691557,0.0,0.0,0.0,0.0,0.0,False,15.731892722710654,-0.2676660838713,-0.10427703613523794,0.15132271623755728
140,12.100448342879645,-1330.0642287556966,8.825876797251432,5.460447334038129,38.5867045454182,25.894013833303056,0.1,0.0,0.0,25.455711384130296,50.2197363701204,180.59589196571915,213.7710507121203,0.0,0.0,0.0,0.0,-1.1102230246251565e-16,0.0,0.055419921875,0.0,nan,nan,0.0014292461830143783,8.154480628873306e-06,5767.47263083392,False,True,True,Omega_safe_one_step_QP,False,0.33251953125,0.0,0.0,False,False,False,2.330425871558268,4.647832773202649e-05,0.0002556989559571965,0.0001281121957748041,0.013851142723095794,1.6957781872329863e-06,0.00013885107949655908,0.0,0.0,0.0,0.0,3.158525108795067e-34,20.0,35.75442745106576,-53.43824727226604,55.75442745106576,55.75442745106576,0.0,0.0,0.0,0.0,0.0,False,0.1,-0.07368374615907669,-0.017207397148013115,25.4186993169875,50.20964131091602,180.9968834395734,214.0216013874186,-0.7368374466896057,-0.17207397520542145,-0.019830058323787814,-0.005927389961158082,-0.019830058323787703,-0.005927389961158103,0.0277099609375,0.0,-0.387939453125,-0.09706678765587355,0.0014276336498648709,8.065741159513778e-06,5779.5730791768,False,True,True,Omega_safe_one_step_QP,False,0.3602294921875,0.0,2.0696984439199397,False,False,False,2.26992362984387,2.3637388638181987e-05,0.00013004029816186563,0.00010068801961121739,0.010886115265656275,7.513687265664698e-06,0.0006152240874966236,0.0,0.0,0.0,0.0,1.7375912396455555e-07,20.0,12.593760170323677,-30.335468093890245,32.59376017032368,32.59376017032368,0.0,0.0,0.0,0.0,0.0,False,12.100448342879645,-0.20980504143510842,-0.10088639826142365,0.148989635026035
141,19.274108906982292,-1310.7901198487143,10.512835353527809,6.398471247906496,42.700033543059234,24.023756506211136,0.1,0.0,0.0,25.46507366991371,50.21758334695847,178.7730995869679,213.25181898723758,0.0,0.0,0.0,0.0,-8.326672684688674e-17,7.632783294297951e-17,0.055419921875,0.0,nan,nan,0.0003441448375769308,-1.2683912639117369e-05,5886.168532848813,False,True,True,Omega_safe_one_step_QP,False,0.33251953125,0.0,0.0,False,False,False,1.7369463614838059,3.9879600527446566e-05,0.00021939628029757311,0.00033225720560336227,0.03592274683730196,2.6960158412469438e-05,0.002207509877856036,0.0,0.0,0.0,0.0,6.596310059526283e-35,20.0,14.361281655682273,-32.662684947193924,34.361281655682276,34.361281655682276,0.0,0.0,0.0,0.0,0.0,False,0.1,-0.06827238947153091,-0.011093981564044952,25.428520162970386,50.20756563168051,179.45332284652596,213.7864588839363,-0.682723879814148,-0.11093981564044952,-0.01713597565955266,-0.0031244019532920136,-0.017135975659552577,-0.0031244019532920067,0.0277099609375,0.0,-0.387939453125,-0.06754131461354962,0.0003467366934835356,-1.2657815031513753e-05,5905.442641755795,False,True,True,Omega_safe_one_step_QP,False,0.3602294921875,0.0,1.74184829813195,False,False,False,1.6405758169488944,2.016390216995216e-05,0.00011093102924456304,0.0002382579304408937,0.025759800458398586,5.5291996943927254e-06,0.00045273335398375055,0.0,0.0,0.0,0.0,1.5114823173973377e-07,20.0,1.98633332322057,-20.372081122261534,21.98633332322057,21.98633332322057,0.0,0.0,0.0,0.0,0.0,False,19.274108906982292,-0.3274474524373485,-0.10645351713452086,0.1458688232647831
142,10.320337307016416,-1300.469782541698,7.632374003373986,5.286084209449786,40.98320923457405,22.942938625719247,0.1,0.0,0.0,25.45665829292161,50.21473622683252,180.46311571421393,213.44296390980173,0.0,0.0,0.0,0.0,5.551115123125783e-17,7.28583859910259e-17,0.055419921875,0.0,nan,nan,0.0026361898734992956,-8.736193049859765e-05,5648.330710859732,False,True,True,Omega_safe_one_step_QP,False,0.33251953125,0.0,0.0,False,False,False,2.926135471429211,5.764243084719763e-05,0.0003171178935576711,0.00028561545103516535,0.030879966987401378,3.6536381422054535e-06,0.0002991615318291208,0.0,0.0,0.0,0.0,1.927133650602478e-34,20.0,119.57211893918097,-136.67747971416455,139.57211893918097,139.57211893918097,0.0,0.0,0.0,0.0,0.0,False,0.1,-0.07514872401952744,-0.01631745509803295,25.420850737395654,50.20483438401963,180.79816451302904,213.7550451252752,-0.7514871954917908,-0.16317453980445862,-0.020094885596639328,-0.005284508174578345,-0.020094885596639273,-0.005284508174578248,0.0277099609375,0.0,-0.387939453125,-0.09025223966179592,0.002631875776744916,-8.754273440918789e-05,5658.651048166748,False,True,True,Omega_safe_one_step_QP,False,0.3602294921875,0.0,2.077812440498924,False,False,False,2.874533784894129,2.9626789554835883e-05,0.0001629907857531433,0.00018085991079627603,0.019554082436687697,9.868242332179935e-08,8.080161137068389e-06,0.0,0.0,0.0,0.0,1.3421206903029916e-07,20.0,72.37368293610136,-89.51887443880288,92.37368293610136,92.37368293610136,0.0,0.0,0.0,0.0,0.0,False,10.320337307016416,-0.18271482027732683,-0.10621236432284681,0.1438163660940751
143,17.660648413210765,-1282.8091341284871,9.688170478960458,5.060651031794164,33.31380279607771,23.038688283053357,0.1,0.0,0.0,25.48402983576582,50.210665363688896,175.11257874232547,212.0599942094448,0.0,0.0,0.0,0.0,1.3877787807814457e-16,6.938893903907228e-17,0.055419921875,0.0,nan,nan,0.00019323997500189476,-8.688494354789841e-05,5721.508944854254,False,True,True,Omega_safe_one_step_QP,False,0.33251953125,0.0,0.0,False,False,False,2.5602443014566005,4.5004686938803087e-05,0.0002475917707233458,0.0028628245887545325,0.3095208206385742,0.00019126051921053587,0.01566049720263715,0.0,0.0,0.0,0.0,6.94538486194647e-35,20.0,54.32017553910167,-72.085360147257,74.32017553910167,74.32017553910167,0.0,0.0,0.0,0.0,0.0,False,0.1,-0.08213310688734055,-0.000397080322727561,25.448582206820703,50.200826148452066,175.72371172843125,213.1672144520688,-0.8213310241699219,-0.00397080322727561,-0.01758888945164666,0.0026025916345513746,-0.01758888945164655,0.002602591634551305,0.0277099609375,0.0,-0.387939453125,-0.002009496654057516,0.0001942735214932904,-8.702040693603624e-05,5739.169593267465,False,True,True,Omega_safe_one_step_QP,False,0.3602294921875,0.0,1.7780396940408405,False,False,False,2.471941059390547,2.1837815389769096e-05,0.00012014000649387161,0.002575007106311218,0.27840277599486113,3.455449003622699e-05,0.002829337161608398,0.0,0.0,0.0,0.0,6.848636007788982e-07,20.0,24.769350347096918,-42.57876222573294,44.76935034709692,44.76935034709692,0.0,0.0,0.0,0.0,0.0,False,17.660648413210765,-0.30867116670496864,-0.09741007498603367,0.14097134173821094
144,17.424493301920847,-1265.3846408265663,9.829447325076792,5.354452355258162,36.03901043159917,22.352230719721202,0.1,0.0,0.0,25.470343995470785,50.20578390327035,177.86552945039796,212.3612023081083,0.0,0.0,0.0,0.0,-5.551115123125783e-17,4.85722573273506e-17,0.055419921875,0.0,nan,nan,0.00027096251365366173,-9.628147280654233e-05,5800.827316395082,False,True,True,Omega_safe_one_step_QP,False,0.33251953125,0.0,0.0,False,False,False,2.1636524437524622,3.634842007204578e-05,0.0001999696098513326,0.0007578737601076823,0.08193925296380958,9.072631870047725e-06,0.0007428711717813441,0.0,0.0,0.0,0.0,3.8181561147476954e-34,20.0,22.15940035925746,-40.07863000925044,42.15940035925746,42.15940035925746,0.0,0.0,0.0,0.0,0.0,False,0.1,-0.07191387563943863,0.003739103442057967,25.43555868982018,50.196029436709225,178.46383502306912,213.57920704645028,-0.7191387414932251,0.03739103302359581,-0.017354072838002388,0.0037647308314412153,-0.017354072838002305,0.003764730831441347,0.0277099609375,0.0,-0.387939453125,0.02161135303849691,0.0002720167701292203,-9.642940904124346e-05,5818.2518096970025,False,True,True,Omega_safe_one_step_QP,False,0.3602294921875,0.0,1.7757731901903984,False,False,False,2.076529977242858,1.6802205067982905e-05,9.243676576387491e-05,0.0007508275669817087,0.0811774376967142,1.697378978251773e-05,0.0013898215298404721,0.0,0.0,0.0,0.0,1.4057063549915824e-08,20.0,5.512036060835519,-23.518165793642044,25.51203606083552,25.51203606083552,0.0,0.0,0.0,0.0,0.0,False,17.424493301920847,-0.30037945195633375,-0.08770729176745276,0.13817569086311182
145,5.41735466166665,-1259.9672861648996,9.80689557203342,5.1588640243999935,39.44363469559711,27.172034986011518,0.1,0.0,0.0,25.460115390225916,50.20115453959975,179.93395937930688,212.53070426486087,0.0,0.0,0.0,0.0,5.551115123125783e-17,8.326672684688674e-17,0.055419921875,0.0,nan,nan,0.0002737979586477238,6.104397422683873e-05,5847.775140681955,False,True,True,Omega_safe_one_step_QP,False,0.33251953125,0.0,0.0,False,False,False,1.9289133223180943,3.095849236593169e-05,0.0001703171039547301,0.0004278402370806187,0.046256924648326696,2.8730913342954614e-06,0.00023525000867600149,0.0,0.0,0.0,0.0,1.3529657859320332e-34,20.0,6.277401821045009,-24.395150990487874,26.27740182104501,26.27740182104501,0.0,0.0,0.0,0.0,0.0,False,0.1,-0.08352255076169968,-0.015056313946843147,25.425979812529093,50.19147905910108,180.04670373988276,212.98391780035507,-0.8352254629135132,-0.15056313574314117,-0.021853286832624857,-0.0038276677972979324,-0.021853286832624857,-0.0038276677972980643,0.0277099609375,0.0,-0.387939453125,-0.07492764544274615,0.00027455413587223446,6.104474718682772e-05,5853.192495343622,False,True,True,Omega_safe_one_step_QP,False,0.3602294921875,0.0,2.218596822668449,False,False,False,1.901826549009761,1.4105175610552926e-05,7.759914896262643e-05,0.00025054733746672454,0.027088497774587095,3.543692865165984e-05,0.002901591631718212,0.0,0.0,0.0,0.0,7.788744350709153e-07,20.0,0.006067866804740286,-18.134309785224684,20.00606786680474,20.00606786680474,0.0,0.0,0.0,0.0,0.0,False,5.41735466166665,-0.09263958567727844,-0.07776537273520819,0.1367111553796957
146,2.513747103024798,-1257.4535390618748,11.071348403977677,5.616479202332804,45.58037306894941,25.07924333342286,0.1,0.0,0.0,25.4516538213617,50.2000047950329,181.61309597916153,212.81712873388227,0.0,0.0,0.0,0.0,-2.7755575615628914e-17,-1.3877787807814457e-16,0.055419921875,0.0,nan,nan,-0.000592098408980364,3.876780184621344e-05,6010.3269669388865,False,True,True,Omega_safe_one_step_QP,False,0.33251953125,0.0,0.0,False,False,False,1.116154191033438,2.1259303944256005e-05,0.00011695734524409828,0.0002819499720971415,0.030483665358098922,8.203897645418975e-06,0.0006717388233448234,0.0,0.0,0.0,0.0,5.6237154376107286e-34,20.0,0.0,-18.91511817049325,20.0,20.0,0.0,0.0,0.0,0.0,0.0,False,0.1,-0.0838303491473198,-0.027762699872255325,25.41776780123656,50.19035528511297,181.6155294150569,212.72646582929698,-0.8383035063743591,-0.27762699127197266,-0.023376679421902677,-0.009346975423833122,-0.023376679421902816,-0.009346975423833122,0.0277099609375,0.0,-0.387939453125,-0.13765360698208318,-0.0005892848692391275,3.879200469582029e-05,6012.840714041911,False,True,True,Omega_safe_one_step_QP,False,0.3602294921875,0.0,2.517608171197719,False,False,False,1.1035854555183142,1.0532766367068225e-05,5.79456597261485e-05,0.00024612139990855936,0.02660997742427309,6.628151740169494e-06,0.0005427160410001697,0.0,0.0,0.0,0.0,3.278348165739505e-07,20.0,0.0,-18.9236255114415,20.0,20.0,0.0,0.0,0.0,0.0,0.0,False,2.513747103024798,-0.04182379955120931,-0.06096430736129252,0.13555439603729297
147,-0.009511621869023656,-1257.4630506837439,11.203648787444203,5.048981536992634,46.520711218298345,28.72433593360726,0.1,0.0,0.0,25.431596018526328,50.198673328570145,185.58042099493443,213.5818295001716,0.0,0.0,0.0,0.0,-4.163336342344337e-17,-3.8163916471489756e-17,0.055419921875,0.0,nan,nan,-0.0010442930461370332,0.0001550502113380147,6120.820298161321,False,True,True,Omega_safe_one_step_QP,False,0.33251953125,0.0,0.0,False,False,False,0.5636875349212641,1.561683281356824e-05,8.591548019564213e-05,0.0015739667780777444,0.17017301399539153,5.847672619634997e-05,0.004788100601197523,0.0,0.0,0.0,0.0,1.0315762264624132e-34,20.0,0.0,-19.611359495155522,20.0,20.0,0.0,0.0,0.0,0.0,0.0,False,0.1,-0.07871408015489578,-0.008892386220395565,25.397900131279386,50.18904804250087,185.46110719909674,214.2112759427991,-0.7871407866477966,-0.0889238566160202,-0.025113712125573034,-0.002247263447253258,-0.025113712125573034,-0.0022472634472532546,0.0277099609375,0.0,-0.387939453125,-0.04695621310509564,-0.0010417078018752583,0.0001550987791152491,6120.810786539452,False,True,True,Omega_safe_one_step_QP,False,0.3602294921875,0.0,2.521405817649173,False,False,False,0.5637350930306093,1.1850786071878044e-05,6.519670077895853e-05,0.001478846849310082,0.1598889055917893,0.00022046610731581392,0.01805186387209919,0.0,0.0,0.0,0.0,5.342319276401148e-07,0.0,0.0,0.38572859263401427,0.0,0.0,0.0,0.0,0.0,0.0,0.0,False,-0.009511621869023656,0.00015539782914196848,-0.05200554142218211,0.1346668506902605
148,-10.693642318959064,-1268.156693002703,8.412331249315018,6.458922902119356,41.69916063989671,24.072505605323236,0.1,0.0,0.0,25.408040531864323,50.20028702521365,190.20261547645842,214.65574056943643,0.0,0.0,0.0,0.0,-1.1796119636642288e-16,-2.0816681711721685e-17,0.055419921875,0.0,nan,nan,0.0023741660164295197,-4.369700844099756e-05,5953.140286295211,False,True,True,Omega_safe_one_step_QP,False,0.33251953125,0.0,0.0,False,False,False,1.402087594251816,2.4482175052384386e-05,0.00013468786219135914,0.0021364681825030837,0.2309891383894558,0.00011532849846895173,0.00944314924539779,0.0,0.0,0.0,0.0,6.126864635581894e-35,20.0,0.0,-18.83847938124523,20.0,20.0,0.0,0.0,0.0,0.0,0.0,False,0.1,-0.09214476495981216,-0.0010492262663319707,25.37443207196403,50.190646412887894,189.61981456046766,215.31901352192102,-0.9214476346969604,-0.010492262430489063,-0.03045754981303781,-0.0020287198261611378,-0.030457549813037874,-0.002028719826161103,0.23243288547547625,-0.05033574002966734,-0.32560894130464346,-0.056690003808243815,0.0023723100578791883,-4.363121958875834e-05,5942.446643976252,True,True,True,Z_mode_existing_controller,False,0.07831197579104432,0.0,3.052503963546554,False,False,False,1.4555558058466114,1.129480985128725e-05,6.213801631075347e-05,0.0017294846917520637,0.18698718851853818,0.00012270825441989167,0.010047406976699993,0.0,0.0,0.0,0.0,2.860436254428963e-07,20.0,0.0,-18.74154121370856,20.0,20.0,0.0,0.0,0.0,0.0,0.0,False,-10.693642318959064,0.1796302758659495,-0.029794766983850012,0.13495169722246086
149,-2.3431728766463493,-1270.4998658793493,9.933330588551438,5.996623134523733,42.54251194296093,30.76474503728012,0.1,0.0,0.0,25.439580051629857,50.198639456418626,184.0018805591463,213.23052744854007,0.0,0.0,0.0,0.0,-8.326672684688674e-17,-8.326672684688674e-17,0.055419921875,0.0,nan,nan,0.0006822724677090536,0.00018221972444663198,5957.0769505200515,False,True,True,Omega_safe_one_step_QP,False,0.33251953125,0.0,0.0,False,False,False,1.3824042731276132,2.5657557354937558e-05,0.00014115418837560174,0.00384491135147739,0.41570137460276385,0.000203123243997514,0.016631822435408408,0.0,0.0,0.0,0.0,5.103714352626175e-35,20.0,0.0,-19.050070078098933,20.0,20.0,0.0,0.0,0.0,0.0,0.0,False,0.1,-0.07965952157974243,-0.005789813585579395,25.405616826683474,50.188908920481545,183.77981510763342,213.98249431765745,-0.7965952157974243,-0.057898133993148804,-0.023986231202921884,-0.00062913280993393,-0.02398623120292183,-0.0006291328099338571,0.0277099609375,0.0,-0.387939453125,-0.030210231955361926,0.0006828818462443193,0.0001823110690788391,5954.733777643405,False,True,True,Omega_safe_one_step_QP,False,0.3602294921875,0.0,2.3994480519747676,False,False,False,1.394120137510845,1.2049075164245495e-05,6.628758154791357e-05,0.0034105593609104158,0.3687404168499256,0.00017862835833653182,0.01462617019752827,0.0,0.0,0.0,0.0,4.383680836962614e-07,20.0,0.0,-18.98931317548624,20.0,20.0,0.0,0.0,0.0,0.0,0.0,False,-2.3431728766463493,0.03933427243107529,-0.02866696960630201,0.1343493716955166
150,0.6611856829813405,-1269.838680196368,11.492910523191414,6.155521749243086,41.85817033255143,26.028823338658743,0.1,0.0,0.0,25.440617675019347,50.2005519115781,183.7723266778499,213.28536087923897,0.0,0.0,0.0,0.0,8.326672684688674e-17,-3.469446951953614e-18,0.055419921875,0.0,nan,nan,-0.0007771858548561109,5.754259813401828e-05,6105.437591507745,False,True,True,Omega_safe_one_step_QP,False,0.33251953125,0.0,0.0,False,False,False,0.6406010681891439,1.7922058195995985e-05,9.859760006301935e-05,5.269498441824026e-06,0.0005697238623958561,3.006705122210193e-07,2.4619036563262495e-05,0.0,0.0,0.0,0.0,3.4100997077806497e-34,20.0,0.0,-19.36009187230988,20.0,20.0,0.0,0.0,0.0,0.0,0.0,False,0.1,-0.07912501692771912,-0.0047517684288322926,25.406630281721508,50.190787207696985,183.6752139204766,214.0902201540472,-0.7912501692771912,-0.04751768335700035,-0.023721580637263803,-0.00026610995898251194,-0.023721580637263776,-0.0002661099589824287,0.0277099609375,0.0,-0.387939453125,-0.024961381872550616,-0.0007737158652311541,5.755063530524457e-05,6106.098777190727,False,True,True,Omega_safe_one_step_QP,False,0.3602294921875,0.0,2.3723073208175953,False,False,False,0.6372951397742372,1.0692945012094276e-05,5.8826877151524526e-05,1.094140835461543e-06,0.00011829553602987784,1.1604855825867494e-06,9.50210806433877e-05,0.0,0.0,0.0,0.0,2.018255122160306e-09,20.0,0.0,-19.362977005737843,20.0,20.0,0.0,0.0,0.0,0.0,0.0,False,0.6611856829813405,-0.010829456088471127,-0.03709758267579873,0.13341807896477334
151,-4.754778376606737,-1274.5934585729747,9.787528173775662,7.1046500677887146,42.650949630624964,26.11475397442362,0.1,0.0,0.0,25.41956793709022,50.19993048856199,187.92683222654662,214.13087520343814,0.0,0.0,0.0,0.0,-6.938893903907228e-17,2.0816681711721685e-17,0.055419921875,0.0,nan,nan,0.0014305616717822526,4.0515781293097575e-05,6036.823386999648,False,True,True,Omega_safe_one_step_QP,False,0.33251953125,0.0,0.0,False,False,False,0.9836720907296285,2.2947569784598337e-05,0.00012624528295224162,0.0017259916354151938,0.18660952875266512,7.148944724259825e-05,0.005853588044108548,0.0,0.0,0.0,0.0,2.3893568372554147e-34,20.0,0.0,-19.208917271350096,20.0,20.0,0.0,0.0,0.0,0.0,0.0,False,0.1,-0.0781034454703331,-0.0007818163721822202,25.38570066300323,50.19014842307783,187.59855584812271,215.04274387076617,-0.7810344099998474,-0.007818163372576237,-0.026713238834079195,0.000692880799218646,-0.026713238834079125,0.0006928807992185489,0.0277099609375,0.0,-0.387939453125,-0.004160655334026756,0.0014306575644748084,4.052948224834074e-05,6032.068608623042,False,True,True,Omega_safe_one_step_QP,False,0.3602294921875,0.0,2.6722223201082724,False,False,False,1.0074459826126623,1.1036153457984696e-05,6.0715026867147833e-05,0.0015392611881225864,0.16642073985122552,9.073014309121507e-05,0.0074290248606444795,0.0,0.0,0.0,0.0,9.869682040887357e-08,20.0,0.0,-19.166464595822895,20.0,20.0,0.0,0.0,0.0,0.0,0.0,False,-4.754778376606737,0.07876292002920267,-0.03486933674578283,0.13307360225858658
152,4.043943790291451,-1270.5495147826832,11.98784177327158,6.35401656755422,40.192935350277345,25.161045987214283,0.1,0.0,0.0,25.435072352658,50.19961529455854,184.87153352678567,213.45409404238643,0.0,0.0,0.0,0.0,2.7755575615628914e-17,4.5102810375396984e-17,0.055419921875,0.0,nan,nan,-0.001178758850892804,3.063705455667951e-05,6182.027462995627,False,True,True,Omega_safe_one_step_QP,False,0.33251953125,0.0,0.0,False,False,False,0.25765171074973753,1.514258194664525e-05,8.330640501046836e-05,0.0009334850144760975,0.10092586492005537,4.5803273995449676e-05,0.003750392643699615,0.0,0.0,0.0,0.0,1.0026872772966047e-34,20.0,0.0,-19.84710785321903,20.0,20.0,0.0,0.0,0.0,0.0,0.0,False,0.1,-0.07737746834754944,-0.002464389195665717,25.401087043523184,50.18977601742705,184.90932101597176,214.36463182851023,-0.7737746834754944,-0.02464389242231846,-0.024188735886829266,0.0004933242218584967,-0.024188735886829196,0.0004933242218583787,0.0277099609375,0.0,-0.387939453125,-0.013237987066203251,-0.0011741746675141772,3.066550230559602e-05,6186.071406785918,False,True,True,Omega_safe_one_step_QP,False,0.3602294921875,0.0,2.419376598610989,False,False,False,0.23743199179828026,1.1150591342124717e-05,6.134460303574975e-05,0.0007231983982453994,0.0781902469989619,4.59835941852531e-05,0.003765157341817406,0.0,0.0,0.0,0.0,6.412937958241286e-08,0.0,0.0,0.15541517872508562,0.0,0.0,0.0,0.0,0.0,0.0,0.0,False,4.043943790291451,-0.06541452322070203,-0.03280486992962607,0.1318007100865277
153,-6.298223765519651,-1276.8477385482029,7.924534433625912,4.591434604011292,39.13562283823992,22.478721317686666,0.1,0.0,0.0,25.408911001629665,50.19862916035084,190.03801535851844,214.49478605718298,0.0,0.0,0.0,0.0,1.3183898417423734e-16,-2.7755575615628914e-17,0.055419921875,0.0,nan,nan,0.001969041014435071,-0.00010603629031111662,5901.159091238157,False,True,True,Omega_safe_one_step_QP,False,0.33251953125,0.0,0.0,False,False,False,1.661993569537085,2.120091098676503e-05,0.00011663609835346614,0.002669253451762477,0.28859243494247805,0.00010830398696612986,0.00886797908903771,0.0,0.0,0.0,0.0,1.614170034639552e-34,20.0,0.0,-18.635583480592786,20.0,20.0,0.0,0.0,0.0,0.0,0.0,False,0.1,-0.0875689908862114,0.0003895929839927703,25.37517199961716,50.18879151398283,189.63941001674075,215.2467819633574,-0.8756899237632751,0.0038959297817200422,-0.028945912880360945,-0.0011541309234339991,-0.028945912880360882,-0.0011541309234340442,0.23243288547547625,-0.05033574002966734,-0.32560894130464346,-0.04785302122375409,0.0019662506857722217,-0.00010602902203934008,5894.860867472637,True,True,True,Z_mode_existing_controller,False,0.07831197579104432,0.0,2.896891248676528,False,False,False,1.6934846883646832,9.715614885894569e-06,5.345012835075858e-05,0.0022373741955195865,0.24189882251013828,7.781888604108725e-05,0.006371845335300403,0.0,0.0,0.0,0.0,2.534484140353765e-07,20.0,0.0,-18.55483968305752,20.0,20.0,0.0,0.0,0.0,0.0,0.0,False,-6.298223765519651,0.10672858786117193,-0.036157402403487894,0.1316481629320743
154,-3.311261312465831,-1280.1589998606687,9.128888035552738,3.9771878338582134,40.97326527816696,21.72619437767373,0.1,0.0,0.0,25.43424264329224,50.19571436737923,185.07598137534214,213.2612908501482,0.0,0.0,0.0,0.0,0.0,-1.4224732503009818e-16,0.055419921875,0.0,nan,nan,0.0004179006872573523,-0.00010603280677991831,5904.94101465473,False,True,True,Omega_safe_one_step_QP,False,0.33251953125,0.0,0.0,False,False,False,1.6430839524542216,1.9154178897650057e-05,0.0001053760706405893,0.0024621781250196437,0.266204012920671,0.00015215104257777356,0.012458195692989057,0.0,0.0,0.0,0.0,3.048987843208043e-34,20.0,0.0,-18.63568363223008,20.0,20.0,0.0,0.0,0.0,0.0,0.0,False,0.1,-0.07916130870580673,-0.004978034179657698,25.400285093683944,50.1858127208511,184.80950477981702,214.04428849480644,-0.7916130423545837,-0.04978033900260925,-0.02470850671545581,-0.00032790502340523595,-0.02470850671545584,-0.0003279050234051631,0.0277099609375,0.0,-0.387939453125,-0.026137983615801993,0.000417147292040203,-0.0001061100297009023,5901.629753342264,False,True,True,Omega_safe_one_step_QP,False,0.3602294921875,0.0,2.4710682423035126,False,False,False,1.6596402590165509,8.445111798861352e-06,4.646049837164607e-05,0.0023327984597663327,0.25221583483932697,0.00014459905419077063,0.01183983549247731,0.0,0.0,0.0,0.0,1.8638260244253805e-07,20.0,0.0,-18.604462058196226,20.0,20.0,0.0,0.0,0.0,0.0,0.0,False,-3.311261312465831,0.05607611158600955,-0.04088273719678324,0.13119084693154573
155,-2.5686930170113556,-1282.72769287768,8.318866925143526,6.075798302126653,41.704357958894775,23.747009410634675,0.1,0.0,0.0,25.4322119347641,50.19203687629215,185.51706646052014,213.13796960298995,0.0,0.0,0.0,0.0,-8.326672684688674e-17,-2.7755575615628914e-17,0.055419921875,0.0,nan,nan,0.002295386766854763,-5.362531342611434e-05,5834.248028137243,False,True,True,Omega_safe_one_step_QP,False,0.33251953125,0.0,0.0,False,False,False,1.9965488850416568,3.1384143625638214e-05,0.00017265881003624705,1.945560523664858e-05,0.002103487207187722,1.52081300006684e-06,0.00012452485139948833,0.0,0.0,0.0,0.0,2.004170848377967e-34,20.0,19.377725387280716,-37.38357717310769,39.37772538728072,39.37772538728072,0.0,0.0,0.0,0.0,0.0,False,0.1,-0.08017154037952423,-0.009341864846646786,25.398174336390326,50.182089876577926,185.28409501113657,213.76847111125323,-0.8017153739929199,-0.093418650329113,-0.025464961321078658,-0.0020352623028845676,-0.025464961321078713,-0.002035262302884571,0.0277099609375,0.0,-0.387939453125,-0.04843290563432287,0.002293174052418,-5.364795428084877e-05,5831.679335120231,False,True,True,Omega_safe_one_step_QP,False,0.3602294921875,0.0,2.554616502971786,False,False,False,2.0093923501267135,1.2749684052603484e-05,7.014195777074888e-05,2.2523588766394675e-05,0.002435189255424553,7.6075229070134905e-06,0.0006229073919491898,0.0,0.0,0.0,0.0,3.4872924501593846e-08,20.0,3.4866104878810256,-21.480346411232382,23.486610487881027,23.486610487881027,0.0,0.0,0.0,0.0,0.0,False,-2.5686930170113556,0.04402783365779338,-0.050524126760591447,0.13067280149195173
156,11.508748092315727,-1271.2189447853643,7.805329909243292,3.8949319826001023,37.588083312833895,25.24962896774629,0.1,0.0,0.0,25.45871927596208,50.189485566716094,180.31897569429105,211.87496003282152,0.0,0.0,0.0,0.0,-2.7755575615628914e-17,-1.3877787807814457e-17,0.055419921875,0.0,nan,nan,0.0017861139050117719,-2.5680553192353617e-05,5663.7618803189125,False,True,True,Omega_safe_one_step_QP,False,0.33251953125,0.0,0.0,False,False,False,2.848979624133308,4.035153105692478e-05,0.00022199259022437703,0.002702014761395609,0.2921344987778501,0.0001595193174337056,0.013061513347076179,0.0,0.0,0.0,0.0,3.274080905458301e-35,20.0,67.40020881739748,-84.85664719797933,87.40020881739748,87.40020881739748,0.0,0.0,0.0,0.0,0.0,False,0.1,-0.07639925926923752,-0.013263669796288013,25.42460728060488,50.17950406779471,180.7009249071265,212.44712675605845,-0.7639926075935364,-0.13263669610023499,-0.020376505910720003,-0.002801325719183796,-0.02037650591072003,-0.002801325719183706,0.0277099609375,0.0,-0.387939453125,-0.07216086427902632,0.0017823531473617176,-2.5858941729997934e-05,5675.270628411228,False,True,True,Omega_safe_one_step_QP,False,0.3602294921875,0.0,2.056816518104058,False,False,False,2.7914358836717295,1.762853583842584e-05,9.69827966902839e-05,0.0021005448202291634,0.2271052020090023,0.0001745950905005114,0.014295924415888644,0.0,0.0,0.0,0.0,2.647923162100046e-07,20.0,31.920520024404226,-49.370582514746395,51.920520024404226,51.920520024404226,0.0,0.0,0.0,0.0,0.0,False,11.508748092315727,-0.20319971664606243,-0.06973503488803563,0.12875749699683028
157,22.088833484321185,-1249.1301113010431,8.846458668101086,4.7377635695180995,40.39282203303093,20.751119190288033,0.1,0.0,0.0,25.47329596607608,50.18669280920836,177.47570305496274,211.10102375892393,0.0,0.0,0.0,0.0,-2.7755575615628914e-17,5.551115123125783e-17,0.055419921875,0.0,nan,nan,0.0010977221917230695,-0.00013951875643105705,5697.2991263526865,False,True,True,Omega_safe_one_step_QP,False,0.33251953125,0.0,0.0,False,False,False,2.681293393964438,4.0158126872363e-05,0.00022092858361133093,0.0008084199301553025,0.0874041676130451,5.9897735605448536e-05,0.004904453489749565,0.0,0.0,0.0,0.0,4.81482486096809e-35,20.0,75.91166053904699,-93.32289669476896,95.91166053904699,95.91166053904699,0.0,0.0,0.0,0.0,0.0,False,0.1,-0.06813749670982361,0.007959023118019104,25.43958466927198,50.17677354342535,178.28057042405098,212.58176349070771,-0.6813749670982361,0.07959023118019104,-0.01624212979187753,0.006251747266380364,-0.016242129791877585,0.006251747266380357,0.0277099609375,0.0,-0.387939453125,0.04855128901496,0.001096064865758159,-0.00013990641658736614,5719.387959837008,False,True,True,Omega_safe_one_step_QP,False,0.3602294921875,0.0,1.7403767524846048,False,False,False,2.570849226542832,1.7516070683904486e-05,9.636407342729395e-05,0.0005858115823743805,0.06333635753596184,1.8127050317015984e-06,0.00014842510203018095,0.0,0.0,0.0,0.0,9.905119637400455e-07,20.0,38.779844233605296,-56.27257714428585,58.779844233605296,58.779844233605296,0.0,0.0,0.0,0.0,0.0,False,22.088833484321185,-0.38770710461997593,-0.09240123095715103,0.125794284383326
158,14.523170195867351,-1234.6069411051758,11.540957208577002,5.230454434727959,39.19044204877349,24.87619710196974,0.1,0.0,0.0,25.47520353090689,50.18118915462425,177.1618846706341,210.71147472922038,0.0,0.0,0.0,0.0,-5.551115123125783e-17,1.3877787807814457e-17,0.055419921875,0.0,nan,nan,-0.0015081561568498995,1.0691816747364358e-05,5948.662635090275,False,True,True,Omega_safe_one_step_QP,False,0.33251953125,0.0,0.0,False,False,False,1.4244758502764945,1.734343831504101e-05,9.541434225931151e-05,9.848197834263882e-06,0.001064760407412356,1.5174844654297347e-05,0.0012425230948865157,0.0,0.0,0.0,0.0,2.5037089277034067e-35,20.0,0.0,-18.577926847568065,20.0,20.0,0.0,0.0,0.0,0.0,0.0,False,0.1,-0.08109904080629349,0.0024674287997186184,25.44226543835139,50.171369335802694,177.62244558597962,212.04172336776534,-0.8109903931617737,0.02467428706586361,-0.01902365629590433,0.004853703775706784,-0.019023656295904467,0.004853703775706847,0.0277099609375,0.0,-0.387939453125,0.012646084647210691,-0.0015033501405221207,1.0737752078826112e-05,5963.185805286143,False,True,True,Omega_safe_one_step_QP,False,0.3602294921875,0.0,1.9633082773905182,False,False,False,1.3518599992971576,5.874533978367257e-06,3.231855099572642e-05,4.331283024864523e-05,0.004682865592045334,2.9164333438761242e-05,0.0023879887188413425,0.0,0.0,0.0,0.0,9.691415294418584e-08,20.0,0.0,-18.655243270478877,20.0,20.0,0.0,0.0,0.0,0.0,0.0,False,14.523170195867351,-0.24414176911289828,-0.1046021952394286,0.12359133106648312
159,-5.152874440860614,-1239.7598155460364,10.049535998680254,4.387939191127536,38.78334390561235,24.060491223827412,0.1,0.0,0.0,25.437779740378158,50.17865519596303,184.56681205966316,212.14128355445658,0.0,0.0,0.0,0.0,1.3877787807814457e-17,-1.3183898417423734e-16,0.055419921875,0.0,nan,nan,-0.00042529509725885506,-3.2114361235427175e-05,5984.92328308866,False,True,True,Omega_safe_one_step_QP,False,0.33251953125,0.0,0.0,False,False,False,1.2431726102845686,1.1371755176945093e-05,6.256132843054258e-05,0.005483294963679286,0.5928389617820543,0.0002044353276723304,0.016739256435921966,0.0,0.0,0.0,0.0,2.6048202497837366e-34,20.0,0.0,-19.36646816926184,20.0,20.0,0.0,0.0,0.0,0.0,0.0,False,0.1,-0.08594992011785507,-0.02681986428797245,25.405430032151866,50.16889247979982,184.24884405434477,212.1491486006939,-0.8594992160797119,-0.2681986391544342,-0.026499472239874325,-0.00831472353156825,-0.026499472239874283,-0.008314723531568202,0.0277099609375,0.0,-0.387939453125,-0.1296994908342646,-0.000424452886555304,-3.2116698627354754e-05,5979.7704086478,False,True,True,Omega_safe_one_step_QP,False,0.3602294921875,0.0,2.7773308344492897,False,False,False,1.2689369824888717,4.332569043208329e-06,2.383548279422008e-05,0.0043909156661552035,0.47473387845058157,1.1540180669755964e-06,9.449151756076855e-05,0.0,0.0,0.0,0.0,2.2929530177510053e-06,20.0,0.0,-19.205917515915083,20.0,20.0,0.0,0.0,0.0,0.0,0.0,False,-5.152874440860614,0.08609758550156975,-0.08680384055070679,0.12336803426353532
160,-10.583397106566736,-1250.3432126526031,9.855640710418692,3.7734376187493126,36.646830464429826,24.51563105983433,0.1,0.0,0.0,25.422730796444043,50.176421394232385,187.55728180340606,212.64549145325137,0.0,0.0,0.0,0.0,1.1102230246251565e-16,2.7755575615628914e-17,0.055419921875,0.0,nan,nan,-0.0006045465795914587,-2.8779588961771758e-05,6038.500265096616,False,True,True,Omega_safe_one_step_QP,False,0.33251953125,0.0,0.0,False,False,False,0.9752877002447895,7.538225178810329e-06,4.147129214943488e-05,0.0008942909288241678,0.09668830680950359,2.5422560520705603e-05,0.0020816106719867785,0.0,0.0,0.0,0.0,3.490748024201865e-34,0.0,0.0,0.8764763114711497,0.0,0.0,0.0,0.0,0.0,0.0,0.0,False,0.1,-0.08859795331954956,-0.006540587637573481,25.390277327183643,50.16662800605052,186.98827415654844,213.47715728893513,-0.8859795331954956,-0.06540587544441223,-0.030058276948095583,-0.0002614598783930652,-0.03005827694809568,-0.00026145987839314155,0.0277099609375,0.0,-0.387939453125,-0.030684584883993907,-0.0006040965536323515,-2.8812351846005477e-05,6027.9168679900495,False,True,True,Omega_safe_one_step_QP,False,0.3602294921875,0.0,3.005941407207448,False,False,False,1.028204685777623,5.006754614036016e-06,2.7544492024843915e-05,0.0007504477284859611,0.0811363705899918,0.00017636070760441826,0.014440493937245138,0.0,0.0,0.0,0.0,7.75201464188093e-07,0.0,0.0,0.9325995015568972,0.0,0.0,0.0,0.0,0.0,0.0,0.0,False,-10.583397106566736,0.17526532486452415,-0.06742090816118729,0.12367801667052468
161,-6.540880561842641,-1256.8840932144458,10.169902801229284,4.4225755537930045,42.55137552378165,28.87900345203664,0.1,0.0,0.0,25.40747306850274,50.17472444142728,190.58259189795194,213.1880101676254,0.0,0.0,0.0,0.0,2.0816681711721685e-17,1.3877787807814457e-16,0.26014284641297625,-0.05033574002966734,nan,nan,-0.00043667165502956886,0.00012893083132204048,6141.576806142456,True,True,True,Z_mode_existing_controller,False,0.05060201485354432,0.0,0.0,False,False,False,0.45990499501559046,6.90383831977134e-06,3.7981234192434415e-05,0.0009152501168161243,0.09895435730127013,2.9432655544606143e-05,0.002409959053363776,0.0,0.0,0.0,0.0,2.046300565911438e-34,0.0,0.0,0.35850269742676416,0.0,0.0,0.0,0.0,0.0,0.0,0.0,False,0.1,-0.09014835208654404,-9.67066443990916e-05,25.374707154032805,50.16483630171103,190.18713596691896,213.92267355967408,-0.9014834761619568,-0.000967066443990916,-0.029773513455539233,-0.0014659054297703894,-0.029773513455539136,-0.0014659054297702576,0.23243288547547625,-0.05033574002966734,-0.32560894130464346,-0.050934379397477816,-0.0004361784507360281,0.00012897734729383405,6135.035925580613,True,True,True,Z_mode_existing_controller,False,0.07831197579104432,0.0,2.980957869907269,False,False,False,0.4926093978248036,7.28271804505269e-06,4.006562825123862e-05,0.001023271688184694,0.11063335626893438,1.9848474749314053e-05,0.0016252020258612993,0.0,0.0,0.0,0.0,1.5317793329251264e-08,0.0,0.0,0.38031075858396335,0.0,0.0,0.0,0.0,0.0,0.0,0.0,False,-6.540880561842641,0.10650164881599827,-0.045490637541364454,0.12357430105412641
162,-14.970943583737608,-1271.8550367981834,8.394365017145248,7.015564214633811,39.07984594744755,22.668184977312784,0.1,0.0,0.0,25.397240675552123,50.17665589116877,192.57452616275773,213.7184396547587,0.0,0.0,0.0,0.0,-1.3877787807814457e-17,1.249000902703301e-16,0.26014284641297625,-0.05033574002966734,nan,nan,0.002590176114412602,-9.507916388563431e-05,6008.4680214135515,True,True,True,Z_mode_existing_controller,False,0.05060201485354432,0.0,0.0,False,False,False,1.125448918660113,1.4728876378321877e-05,8.103041774810666e-05,0.0003967802115307391,0.04289879902825988,2.81355440820485e-05,0.002303750984313561,0.0,0.0,0.0,0.0,1.396299209680746e-35,20.0,0.0,-18.91983466177021,20.0,20.0,0.0,0.0,0.0,0.0,0.0,False,0.1,-0.09166356921195984,-0.0002525711606722325,25.364304863649256,50.16670524140901,191.8067878458091,214.38533088111976,-0.9166356921195984,-0.002525711664929986,-0.030309426137860328,-0.0015766162779257686,-0.03030942613786036,-0.0015766162779258033,0.23243288547547625,-0.05033574002966734,-0.32560894130464346,-0.05187337677134375,0.002588520758513058,-9.500434070294946e-05,5993.497077829814,True,True,True,Z_mode_existing_controller,False,0.07831197579104432,0.0,3.0350404143836944,False,False,False,1.2003036365788011,4.3701342169784504e-06,2.4042146333595917e-05,0.0002623272208792402,0.02836210678129708,2.1405179708728715e-05,0.001752665727010249,0.0,0.0,0.0,0.0,2.9945929497204876e-09,20.0,0.0,-18.829835181070433,20.0,20.0,0.0,0.0,0.0,0.0,0.0,False,-14.970943583737608,0.24916407194617216,-0.02407446843529602,0.12431185357236899
163,-8.495257317356845,-1280.3502941155402,8.230678721100388,4.655847777689069,41.04958084899182,22.963083436501087,0.1,0.0,0.0,25.434052776376525,50.17441165096331,185.34134975541946,212.03843821383694,0.0,0.0,0.0,0.0,2.7755575615628914e-17,3.469446951953614e-17,0.055419921875,0.0,nan,nan,0.0017202313719271905,-8.02234905577996e-05,5822.789251512659,False,True,True,Omega_safe_one_step_QP,False,0.33251953125,0.0,0.0,False,False,False,2.0538427681645772,2.2366640948207367e-05,0.00012304932250790221,0.005231884093967506,0.5656571012460226,0.0002822404841499179,0.023109977588397453,0.0,0.0,0.0,0.0,9.870390964984583e-35,20.0,7.025598719291761,-25.560646079284112,27.02559871929176,27.02559871929176,0.0,0.0,0.0,0.0,0.0,False,0.1,-0.0798816978931427,-0.010553136467933655,25.40061414195368,50.16434169830616,184.85236857039348,212.6547776072878,-0.798816978931427,-0.10553136467933655,-0.024990094828330423,-0.0016228228730433142,-0.024990094828330353,-0.001622822873043217,0.0277099609375,0.0,-0.387939453125,-0.05491126384526645,0.0017183294252232427,-8.020445333225146e-05,5814.293994195302,False,True,True,Omega_safe_one_step_QP,False,0.3602294921875,0.0,2.504273135275411,False,False,False,2.0963190547513615,6.791756903196339e-06,3.736462205084302e-05,0.004836394745827247,0.5228978668622483,0.00029948146335705096,0.024521676708312623,0.0,0.0,0.0,0.0,2.829742062997855e-07,20.0,0.2320630637642564,-18.683201200179713,20.232063063764258,20.232063063764258,0.0,0.0,0.0,0.0,0.0,False,-8.495257317356845,0.14589669916612433,-0.0020669367227872716,0.12443400267582239
164,0.3620231121949473,-1279.9882710033453,11.403157527553406,3.19171283949,42.84268665984219,24.125412947556185,0.1,0.0,0.0,25.45184008520685,50.17134744293474,181.86832062263977,211.11440397278298,0.0,0.0,0.0,0.0,1.1102230246251565e-16,3.469446951953614e-17,0.055419921875,0.0,nan,nan,-0.0025367160212542896,3.3869705554998714e-06,6052.273684640485,False,True,True,Omega_safe_one_step_QP,False,0.33251953125,0.0,0.0,False,False,False,0.9064206025254452,5.674514908342797e-06,3.12181528129075e-05,0.0012061931357136419,0.13041032645912945,8.538392786401675e-05,0.006991274357007744,0.0,0.0,0.0,0.0,6.933347799794049e-35,0.0,0.0,0.7689877835564951,0.0,0.0,0.0,0.0,0.0,0.0,0.0,False,0.1,-0.08083470910787582,-0.01877136155962944,25.41812275177729,50.161203281267916,181.76869933047794,211.49045595096888,-0.8083471059799194,-0.1877136081457138,-0.02260256323516771,-0.004279313636057526,-0.0226025632351676,-0.004279313636057477,0.0277099609375,0.0,-0.387939453125,-0.09652172339734597,-0.0025333437276044055,3.365893078002575e-06,6052.63570775268,False,True,True,Omega_safe_one_step_QP,False,0.3602294921875,0.0,2.3004095070128194,False,False,False,0.9046104869644706,4.83946562422804e-06,2.6624157276923145e-05,0.0009509015981201264,0.10280889864953913,0.00013556449193732295,0.011100081477999164,0.0,0.0,0.0,0.0,1.2757250282330363e-07,0.0,0.0,0.7906747551071526,0.0,0.0,0.0,0.0,0.0,0.0,0.0,False,0.3620231121949473,-0.00598160511335918,0.01225013115977773,0.12367137715389248
165,-13.769373618563804,-1293.757644621909,11.47366407249093,5.334921600476607,40.44256233332038,28.208130517405287,0.1,0.0,0.0,25.402909888242682,50.16942423042417,191.53439380661655,213.06228904720004,0.0,0.0,0.0,0.0,-1.0408340855860843e-16,-2.0816681711721685e-17,0.26014284641297625,-0.05033574002966734,nan,nan,-0.001307709549113373,0.00011837394091375464,6297.619933094395,True,True,True,Z_mode_existing_controller,False,0.05060201485354432,0.0,0.0,False,False,False,-0.32031063974410245,5.769056100043566e-06,3.173826799760634e-05,0.009343297079799497,1.0101719088795695,0.00037942562631367493,0.031067540671858802,0.0,0.0,0.0,0.0,4.935195482492292e-34,0.0,0.0,-1.3615818275635283,0.0,0.0,0.0,0.0,0.0,0.0,0.0,False,0.1,-0.08813227713108063,-0.001479287981055677,25.3693094421262,50.15927420358935,190.8491248726171,213.65781498532172,-0.8813227415084839,-0.014792879112064838,-0.02915849241973885,-0.0022058670827337853,-0.02915849241973885,-0.002205867082733789,0.23243288547547625,-0.05033574002966734,-0.32560894130464346,-0.05970239426979776,-0.0013055570064236688,0.00011829964928208783,6283.850559475831,True,True,True,Z_mode_existing_controller,False,0.07831197579104432,0.0,2.9241811328620835,False,False,False,-0.2514637716512834,1.1682752826572199e-05,6.427227153446147e-05,0.008245412802633313,0.8914716420977675,0.00046974451837908826,0.03846289211382946,0.0,0.0,0.0,0.0,4.7279388082602926e-07,0.0,0.0,-1.1814630509282957,0.0,0.0,0.0,0.0,0.0,0.0,0.0,False,-13.769373618563804,0.2186440872083256,0.028238198828772276,0.12424576327468789
166,-23.572537723528512,-1317.3301823454376,9.259961489464876,4.903435366661022,37.11528040618874,25.11520481711455,0.1,0.0,0.0,25.38041502667564,50.17130653246705,195.94429139431347,214.10634217887522,0.0,0.0,0.0,0.0,9.367506770274758e-17,-7.28583859910259e-17,0.26014284641297625,-0.05033574002966734,nan,nan,0.0006490035490274367,-1.7017064949414584e-05,6178.426498704935,True,True,True,Z_mode_existing_controller,False,0.05060201485354432,0.0,0.0,False,False,False,0.27565653220319747,5.330807330878179e-06,2.932725714172523e-05,0.0019447196733975093,0.21025781027116525,0.00010900469417607601,0.008925353310055848,0.0,0.0,0.0,0.0,4.181675391750786e-34,0.0,0.0,0.056444041364834656,0.0,0.0,0.0,0.0,0.0,0.0,0.0,False,0.1,-0.09355038404464722,-0.0002651217801030725,25.346438551084766,50.16104983105238,194.81813076228397,214.71396872933053,-0.9355038404464722,-0.0026512176264077425,-0.03098531137678752,-0.0016131720872671895,-0.030985311376787426,-0.001613172087267245,0.23243288547547625,-0.05033574002966734,-0.32560894130464346,-0.05191723051737401,0.0006484426445055574,-1.6932383931191628e-05,6154.853960981406,True,True,True,Z_mode_existing_controller,False,0.07831197579104432,0.0,3.102727582788431,False,False,False,0.39351922082084,8.279987510736849e-06,4.555207265719169e-05,0.0015753007752210338,0.17031724214410257,0.00011154607309838275,0.00913344255747557,0.0,0.0,0.0,0.0,3.688554859483136e-08,0.0,0.0,0.21402294716105605,0.0,0.0,0.0,0.0,0.0,0.0,0.0,False,-23.572537723528512,0.38152979125784814,0.04996800094111577,0.12576333813928994
167,-28.98425095607672,-1346.3144333015143,12.07425255039104,5.009101229782582,36.040462160578464,26.64199314087658,0.1,0.0,0.0,25.390912602377774,50.171161047674374,193.87399550850387,213.64973490541053,0.0,0.0,0.0,0.0,1.3877787807814457e-16,3.122502256758253e-17,0.26014284641297625,-0.05033574002966734,nan,nan,-0.0022684753684812787,6.002702080375958e-05,6418.4115456749905,True,True,True,Z_mode_existing_controller,False,0.05060201485354432,0.0,0.0,False,False,False,-0.9242687026470822,1.073507674526661e-05,5.905866346378055e-05,0.0004286125054800155,0.046340420210602314,2.0849020218086546e-05,0.0017071271381610036,0.0,0.0,0.0,0.0,1.286761944093722e-34,20.0,0.0,-20.97237530865931,20.0,20.0,0.0,0.0,0.0,0.0,0.0,False,0.1,-0.09271784871816635,-8.935069490689784e-05,25.356163985257858,50.160730380382596,192.57248947034964,214.2309314896176,-0.9271784424781799,-0.000893506919965148,-0.03074551770013289,-0.0015020449728548949,-0.030745517700132945,-0.0015020449728548914,0.23243288547547625,-0.05033574002966734,-0.32560894130464346,-0.050873515934730475,-0.0022664381435675146,5.9720631241202624e-05,6389.427294718914,True,True,True,Z_mode_existing_controller,False,0.07831197579104432,0.0,3.078218637052396,False,False,False,-0.7793474478666985,2.493007619276185e-05,0.00013715197524264775,0.0005042904812040503,0.0545225174450542,2.333249749494848e-05,0.0019104753728497168,0.0,0.0,0.0,0.0,6.985024292109012e-10,20.0,0.0,-20.835917593358346,20.0,20.0,0.0,0.0,0.0,0.0,0.0,False,-28.98425095607672,0.45157981456654317,0.07396419075690105,0.12774763650750076
168,-62.264154788511405,-1408.5785880900257,9.41196414443183,4.252043822113815,43.44530863868552,25.96103614677223,0.1,0.0,0.0,25.355936196096533,50.17223557099025,200.75397511516417,215.17491992859323,0.0,0.0,0.0,0.0,-6.245004513516506e-17,1.4224732503009818e-16,0.055419921875,0.0,nan,nan,0.00029814237047621757,3.2642451205035835e-05,6308.041400694366,False,True,True,Omega_safe_one_step_QP,False,0.33251953125,0.0,0.0,False,False,False,-0.37241797774395763,8.705832697384524e-06,4.789484562124946e-05,0.004733411938806161,0.5117636454132499,0.0002326189354940815,0.01904694290082644,0.0,0.0,0.0,0.0,5.281862872481995e-34,0.0,0.0,-0.9032764609036552,0.0,0.0,0.0,0.0,0.0,0.0,0.0,False,0.1,-0.09392406791448593,-0.03033379651606083,25.320315595719098,50.16159631902284,198.01048617028547,214.6500493919015,-0.9392406940460205,-0.303337961435318,-0.043478211508215556,-0.012229054545783668,-0.04347821150821563,-0.01222905454578356,0.0277099609375,0.0,-0.387939453125,-0.13423848677072917,0.00029819093254748047,3.2839083709392284e-05,6245.777245905854,False,True,True,Omega_safe_one_step_QP,False,0.3602294921875,0.0,4.516530361944766,False,False,False,-0.06109720380140061,2.0954184323988706e-05,0.00011527873992089848,0.002957180810851306,0.31972235915073804,1.756598160148456e-05,0.001438310461914038,0.0,0.0,0.0,0.0,2.7719022598809053e-06,0.0,0.0,-0.3823759240562335,0.0,0.0,0.0,0.0,0.0,0.0,0.0,False,-62.264154788511405,0.9870600212239824,0.11654965040470892,0.13286045357685536
169,-18.59386216445,-1427.1724502544757,6.842274189017272,6.105867084813517,42.2576293326767,21.8924139173352,0.1,0.0,0.0,25.365146116153156,50.17382798495652,198.91707299770567,214.8680903701243,0.0,0.0,0.0,0.0,-4.85722573273506e-17,-9.020562075079397e-17,0.26014284641297625,-0.05033574002966734,nan,nan,0.003725202841235166,-0.0001335469822924579,5995.134841514474,True,True,True,Z_mode_existing_controller,False,0.05060201485354432,0.0,0.0,False,False,False,1.1921148181555008,1.0687330186963677e-05,5.8795987380015235e-05,0.0003374209389123495,0.03648103566073693,9.414437795024085e-06,0.0007708583944137619,0.0,0.0,0.0,0.0,5.4226964996653115e-34,20.0,0.0,-18.84519587188703,20.0,20.0,0.0,0.0,0.0,0.0,0.0,False,0.1,-0.09296911209821701,-0.0015215319581329823,25.327459580338658,50.16279211867233,197.9596353132165,215.42147819120098,-0.9296910762786865,-0.015215319581329823,-0.030852821410269852,-0.002305197407512713,-0.030852821410269744,-0.0023051974075126644,0.23243288547547625,-0.05033574002966734,-0.32560894130464346,-0.05946864938265605,0.0037209256653837936,-0.00013326706895489416,5976.540979350024,True,True,True,Z_mode_existing_controller,False,0.07831197579104432,0.0,3.0938819047623607,False,False,False,1.2850841289777508,3.2497292822009443e-06,1.787827628810605e-05,2.5858096646498174e-07,2.795707192684705e-05,5.951023923886459e-05,0.004872725113240036,0.0,0.0,0.0,0.0,2.578834156261203e-06,20.0,0.0,-18.71983701031786,20.0,20.0,0.0,0.0,0.0,0.0,0.0,False,-18.59386216445,0.3101491902349418,0.12999659883793033,0.13385734036197844
170,-15.32123183875774,-1442.4936820932335,11.100669240148964,5.398165700253728,36.28289790795735,27.830995808804406,0.1,0.0,0.0,25.424238022281806,50.17180754207599,187.2890620194984,212.26230238058363,0.0,0.0,0.0,0.0,-6.938893903907228e-17,6.245004513516506e-17,0.055419921875,0.0,nan,nan,-0.001012115418283162,8.380076588024657e-05,6156.151416608013,False,True,True,Omega_safe_one_step_QP,False,0.33251953125,0.0,0.0,False,False,False,0.38703194268780405,6.3135182204891906e-06,3.473360803132828e-05,0.013521063930930884,1.461860716247744,0.0006790131046434347,0.05559789793374514,0.0,0.0,0.0,0.0,2.373708656457268e-34,0.0,0.0,-1.1304614051017163,0.0,0.0,0.0,0.0,0.0,0.0,0.0,False,0.1,-0.08140146732330322,-0.001442131819203496,25.385875329749876,50.160632099980475,186.51385609398935,213.21488093202262,-0.8140146732330322,-0.014421317726373672,-0.026979993581077708,0.002060646177519252,-0.026979993581077624,0.002060646177519221,0.0277099609375,0.0,-0.387939453125,-0.007363764626896606,-0.0010096805113611897,8.374524638267628e-05,6140.8301847692555,False,True,True,Omega_safe_one_step_QP,False,0.3602294921875,0.0,2.7058571956108635,False,False,False,0.46363810188159277,6.279762272359356e-06,3.454790081862672e-05,0.013100586193529202,1.4163998050720998,0.00048690714642134154,0.039868175805178985,0.0,0.0,0.0,0.0,3.4059385603529016e-07,0.0,0.0,-0.9926647674903607,0.0,0.0,0.0,0.0,0.0,0.0,0.0,False,-15.32123183875774,0.24887678684160122,0.1431975009188972,0.1345176473751225
171,-18.92517616902751,-1461.418858262261,9.26238794412462,5.266864258285953,39.744477433897565,25.792435193601797,0.1,0.0,0.0,25.40265904749012,50.1723340866842,191.53434601903112,213.1932560313778,0.0,0.0,0.0,0.0,9.020562075079397e-17,-1.0408340855860843e-16,0.26014284641297625,-0.05033574002966734,nan,nan,0.0008991216834869669,1.3048870462586005e-05,6072.790027265959,True,True,True,Z_mode_existing_controller,False,0.05060201485354432,0.0,0.0,False,False,False,0.8038388893980755,7.951059534840527e-06,4.3742486466683195e-05,0.0018022436236688499,0.1948536866631092,8.66674699927012e-05,0.007096371362906819,0.0,0.0,0.0,0.0,5.320381471369739e-34,20.0,0.0,-19.398154911114407,20.0,20.0,0.0,0.0,0.0,0.0,0.0,False,0.1,-0.0923137366771698,-0.0005490565090440214,25.36387121137103,50.16103042951145,190.59275017205692,213.79689889496106,-0.923137366771698,-0.005490564741194248,-0.030658377088132797,-0.001752250682844389,-0.030658377088132908,-0.0017522506828444029,0.23243288547547625,-0.05033574002966734,-0.32560894130464346,-0.053654818081766344,0.0008984751719081866,1.3117796221877916e-05,6053.8648510969315,True,True,True,Z_mode_existing_controller,False,0.07831197579104432,0.0,3.0708410381094002,False,False,False,0.898464770243213,4.335591892787641e-06,2.3852112899457562e-05,0.0016637376900094749,0.17987880122375632,3.387449091830078e-05,0.002773658528464269,0.0,0.0,0.0,0.0,2.8068687692747106e-07,0.0,0.0,0.715788177691216,0.0,0.0,0.0,0.0,0.0,0.0,0.0,False,-18.92517616902751,0.3116389021200498,0.15490401075821392,0.13551505291745455
172,-22.74933810955372,-1484.1681963718147,10.92908288663105,3.287236955175472,37.01666052458705,27.192084361406675,0.1,0.0,0.0,25.413258245293612,50.172103525156146,189.4450084474174,212.72770142430048,0.0,0.0,0.0,0.0,-9.020562075079397e-17,-1.0408340855860843e-16,0.055419921875,0.0,nan,nan,-0.002090658587353829,6.609326986553848e-05,6192.594989383368,False,True,True,Omega_safe_one_step_QP,False,0.33251953125,0.0,0.0,False,False,False,0.20481407881103222,6.385551552762074e-06,3.512989698480545e-05,0.000436533148815674,0.04719677865983061,2.1674109217093353e-05,0.0017746857959237657,0.0,0.0,0.0,0.0,3.2548216060144285e-34,0.0,0.0,0.15580748445829304,0.0,0.0,0.0,0.0,0.0,0.0,0.0,False,0.1,-0.08994162827730179,-0.0007962805102579296,25.373866141729906,50.16065780059766,188.3669967870845,213.28207916778243,-0.8994162678718567,-0.007962805218994617,-0.029903409751631124,-0.0018530591179354156,-0.02990340975163118,-0.0018530591179355162,0.23243288547547625,-0.05033574002966734,-0.32560894130464346,-0.0552762535503224,-0.00208881806719738,6.599292784965904e-05,6169.845651273814,True,True,True,Z_mode_existing_controller,False,0.07831197579104432,0.0,2.9960770064678197,False,False,False,0.31856076935880084,1.5622523336450575e-05,8.594678641578526e-05,0.000495397813071619,0.053561066314297336,2.650393514922821e-05,0.002170154112184907,0.0,0.0,0.0,0.0,5.801380197700327e-09,0.0,0.0,0.2627435963445226,0.0,0.0,0.0,0.0,0.0,0.0,0.0,False,-22.74933810955372,0.3673635713066228,0.17710381726037416,0.13683879421976256
173,-30.16701184050453,-1514.3352082123192,10.500462650098601,4.230058887824468,39.67898252873304,24.657944421016307,0.1,0.0,0.0,25.377283444584943,50.17261023825929,196.52848100601526,214.26371344889498,0.0,0.0,0.0,0.0,0.0,-1.1102230246251565e-16,0.26014284641297625,-0.05033574002966734,nan,nan,-0.0009750547236067899,-4.41295287212937e-06,6320.785889009205,True,True,True,Z_mode_existing_controller,False,0.05060201485354432,0.0,0.0,False,False,False,-0.43614041931815334,8.741060661137229e-06,4.808865107836486e-05,0.005017558348840893,0.5424847836768126,0.000235933293969889,0.019318324061210014,0.0,0.0,0.0,0.0,8.185202263645752e-35,0.0,0.0,-0.9979916157072544,0.0,0.0,0.0,0.0,0.0,0.0,0.0,False,0.1,-0.09398278594017029,-0.0005224996129982173,25.33721641645495,50.16099903847714,195.1327695827799,214.7926172275765,-0.9398278594017029,-0.005224996246397495,-0.03127950564202425,-0.0017635721324909953,-0.03127950564202434,-0.00176357213249103,0.23243288547547625,-0.05033574002966734,-0.32560894130464346,-0.05343818730884301,-0.0009745079827382956,-4.509319167294353e-06,6290.6188771687,True,True,True,Z_mode_existing_controller,False,0.07831197579104432,0.0,3.1329182240778706,False,False,False,-0.28530536011563074,2.325656041975699e-05,0.00012794518453360115,0.004577568152297192,0.49491423840411697,0.00022817252300864403,0.018682868649760993,0.0,0.0,0.0,0.0,1.901647820120893e-08,0.0,0.0,-0.7990304313705205,0.0,0.0,0.0,0.0,0.0,0.0,0.0,False,-30.16701184050453,0.47726678881750995,0.19620998848928164,0.13881121183086037
174,-32.85746649513203,-1547.1926747074513,9.549903487307494,3.685591914711182,40.221543780127085,25.858965664311295,0.1,0.0,0.0,25.363899748831937,50.1728054490194,199.1620607482864,214.8313875757127,0.0,0.0,0.0,0.0,4.163336342344337e-17,1.0408340855860843e-17,0.26014284641297625,-0.05033574002966734,nan,nan,-0.00022640176867712823,2.026296708063915e-05,6285.254515257226,True,True,True,Z_mode_existing_controller,False,0.05060201485354432,0.0,0.0,False,False,False,-0.2584835505582578,9.000852676776671e-06,4.951788811004162e-05,0.0006935742258900914,0.0749873619272843,3.222539142582781e-05,0.0026386295214567384,0.0,0.0,0.0,0.0,1.6478738086663286e-34,0.0,0.0,-0.3361590598951088,0.0,0.0,0.0,0.0,0.0,0.0,0.0,False,0.1,-0.0937834307551384,-0.0007734954706393182,25.322883940916835,50.16097927076255,197.63029858070226,215.31862805384455,-0.9378343224525452,-0.007734954822808504,-0.031247002109209103,-0.0019005159397980226,-0.031247002109209124,-0.0019005159397980243,0.23243288547547625,-0.05033574002966734,-0.32560894130464346,-0.054938288923071565,-0.0002269997466875012,2.034784331767653e-05,6252.397048762094,True,True,True,Z_mode_existing_controller,False,0.07831197579104432,0.0,3.1304745672986103,False,False,False,-0.09419621808259762,2.4044623058126226e-05,0.0001322806846191827,0.0006237651095463062,0.06743978983234768,2.7668738935119558e-05,0.0022655287692540577,0.0,0.0,0.0,0.0,1.9810086005205186e-10,0.0,0.0,-0.1640338175669194,0.0,0.0,0.0,0.0,0.0,0.0,0.0,False,-32.85746649513203,0.5227706597301944,0.2199297499218351,0.14101067049454197
175,-34.625438900380686,-1581.818113607832,8.899752234395793,6.260934306270996,34.17945213307884,27.67279042414307,0.1,0.0,0.0,25.363923459014867,50.17390273089444,199.14192148166867,214.88413605001563,0.0,0.0,0.0,0.0,-2.0816681711721685e-17,-9.367506770274758e-17,0.26014284641297625,-0.05033574002966734,nan,nan,0.001626257348608423,4.494484598142109e-05,6216.689825623729,True,True,True,Z_mode_existing_controller,False,0.05060201485354432,0.0,0.0,False,False,False,0.08433989760922486,6.3856764710807735e-06,3.5130584218732105e-05,4.055900598995498e-08,4.385129591106819e-06,2.7824015412854197e-07,2.2782428769812356e-05,0.0,0.0,0.0,0.0,1.4733364074562355e-34,0.0,0.0,0.0842775994666452,0.0,0.0,0.0,0.0,0.0,0.0,0.0,False,0.1,-0.09324121475219727,-0.0013166257413104177,25.321835437970776,50.161845205843846,197.51717512736488,215.31947011738504,-0.9324121475219727,-0.013166257180273533,-0.031099283712479893,-0.0021951129471401015,-0.03109928371247977,-0.0021951129471401397,0.23243288547547625,-0.05033574002966734,-0.32560894130464346,-0.058215648456635585,0.001625275038928471,4.517949979683457e-05,6182.064386723348,True,True,True,Z_mode_existing_controller,False,0.07831197579104432,0.0,3.1176657426350407,False,False,False,0.2574670921111283,1.1307771439067815e-05,6.220932404975274e-05,1.2796915694974377e-06,0.00013835677753747073,7.090710062206674e-11,5.805905241304066e-09,0.0,0.0,0.0,0.0,1.0860812146722071e-09,0.0,0.0,0.25726651911755455,0.0,0.0,0.0,0.0,0.0,0.0,0.0,False,-34.625438900380686,0.5569754945415291,0.24555832353094179,0.14335419592294354
176,-39.00623347423152,-1620.8243470820635,10.574984017609834,6.130047262552656,38.1537472288741,25.344985152342595,0.1,0.0,0.0,25.391717188418205,50.17548790341246,193.64152526521772,213.79443906471337,0.0,0.0,0.0,0.0,1.4051260155412137e-16,6.591949208711867e-17,0.26014284641297625,-0.05033574002966734,nan,nan,1.5484868780869005e-05,1.086561188330757e-05,6257.5066664687665,True,True,True,Z_mode_existing_controller,False,0.05060201485354432,0.0,0.0,False,False,False,-0.11974430661596216,6.386941689494141e-06,3.513754477525688e-05,0.003025435853794794,0.32710190904966513,0.0001187439519776821,0.009722808112476002,0.0,0.0,0.0,0.0,5.149756115359182e-34,0.0,0.0,-0.45660416132287857,0.0,0.0,0.0,0.0,0.0,0.0,0.0,False,0.1,-0.09498310089111328,-0.0002713623398449272,25.348480273192266,50.163189256420594,191.87145238884577,214.26708668209795,-0.9498310089111328,-0.002713623223826289,-0.031712934261736526,-0.0016390943574531303,-0.031712934261736596,-0.0016390943574529984,0.23243288547547625,-0.05033574002966734,-0.32560894130464346,-0.051930039799054625,1.6343676848505455e-05,1.0736902905437388e-05,6218.500432994535,True,True,True,Z_mode_existing_controller,False,0.07831197579104432,0.0,3.175526459977719,False,False,False,0.07528686075519544,1.2081057306875936e-05,6.646353022935125e-05,0.0031874185240231743,0.34461503549662215,0.00011075108948666433,0.009068348942343457,0.0,0.0,0.0,0.0,6.857236686808798e-09,0.0,0.0,-0.2784629940712362,0.0,0.0,0.0,0.0,0.0,0.0,0.0,False,-39.00623347423152,0.6233510494403277,0.2856395625257485,0.14606088066345196
177,-40.339730460411374,-1661.1640775424748,10.668780422040587,3.81158301085284,38.32851551860625,27.97510006852491,0.1,0.0,0.0,25.390795476309005,50.17553366926147,193.8201332220811,213.82918251843833,0.0,0.0,0.0,0.0,1.249000902703301e-16,9.71445146547012e-17,0.26014284641297625,-0.05033574002966734,nan,nan,-0.0014431594377976955,9.219844934978908e-05,6272.309514347582,True,True,True,Z_mode_existing_controller,False,0.05060201485354432,0.0,0.0,False,False,False,-0.19375854601003994,8.944430485272733e-06,4.9207483322168134e-05,3.1900802254908805e-06,0.0003449028114315556,1.2071075767382222e-07,9.883851046112651e-06,0.0,0.0,0.0,0.0,1.2187525429325476e-35,0.0,0.0,-0.19416254015583978,0.0,0.0,0.0,0.0,0.0,0.0,0.0,False,0.1,-0.09448333084583282,-0.0002494471555110067,25.346324277411732,50.16296300305273,191.99398066130277,214.28708640341148,-0.9448332786560059,-0.002494471613317728,-0.03157884797412799,-0.001619037172215211,-0.03157884797412813,-0.0016190371722150723,0.23243288547547625,-0.05033574002966734,-0.32560894130464346,-0.051809036378349216,-0.0014421766263735007,9.207736301901446e-05,6231.969783887171,True,True,True,Z_mode_existing_controller,False,0.07831197579104432,0.0,3.1620324488184903,False,False,False,0.007940106292016936,2.4189042720866617e-05,0.00013307520453382588,1.5013177551297706e-06,0.00016231839891007465,3.999888526186577e-08,3.275126687607292e-06,0.0,0.0,0.0,0.0,1.8381423204288034e-10,0.0,0.0,0.007641437378071197,0.0,0.0,0.0,0.0,0.0,0.0,0.0,False,-40.339730460411374,0.6431399848514544,0.3350716557990889,0.14885473074757918
178,-42.45461471784711,-1703.618692260322,11.50333022555261,3.7096294263678695,40.895297679473344,23.07106530238022,0.1,0.0,0.0,25.368141728483373,50.177233881307345,198.263475316122,214.869936394742,0.0,0.0,0.0,0.0,3.469446951953614e-17,1.2836953722228372e-16,0.26014284641297625,-0.05033574002966734,nan,nan,-0.0023492441882356782,-3.249088925581789e-05,6467.5968417111835,True,True,True,Z_mode_existing_controller,False,0.05060201485354432,0.0,0.0,False,False,False,-1.170195182828047,1.996164044731022e-05,0.00010981829318383745,0.0019743288964675777,0.213459079066717,0.0001083168631041141,0.008869033392998167,0.0,0.0,0.0,0.0,9.11205604938211e-35,20.0,0.0,-21.392633113580946,20.0,20.0,0.0,0.0,0.0,0.0,0.0,False,0.1,-0.09481015056371689,0.00017022884276229888,25.322397757171874,50.16438350194467,196.3696249002629,215.33665765497784,-0.9481015205383301,0.0017022883985191584,-0.031720120006329316,-0.0013899591909195888,-0.031720120006329386,-0.0013899591909194726,0.23243288547547625,-0.05033574002966734,-0.32560894130464346,-0.04933379230760463,-0.002347977183861009,-3.2858972239633395e-05,6425.142226993336,True,True,True,Z_mode_existing_controller,False,0.07831197579104432,0.0,3.1750559046548523,False,False,False,-0.9579221092388116,4.9582374867547696e-05,0.00027277576681775134,0.0019146262505944892,0.20700419111531376,0.0001101599812114581,0.009019948731319598,0.0,0.0,0.0,0.0,7.243450859673913e-10,20.0,0.0,-21.17421902557661,20.0,20.0,0.0,0.0,0.0,0.0,0.0,False,-42.45461471784711,0.6564202401121613,0.3798039801650212,0.15177939120311076
179,-75.01612119860329,-1778.6348134589252,6.412511362856389,5.468922329518988,46.73147201551611,24.738174213024035,0.1,0.0,0.0,25.335566651530392,50.17712599564783,204.6839567798454,216.22901952765002,0.0,0.0,0.0,0.0,8.326672684688674e-17,-3.859759734048396e-17,0.055419921875,0.0,nan,nan,0.003963518098382177,-4.6263656026464e-05,6080.401989015441,False,True,True,Omega_safe_one_step_QP,False,0.33251953125,0.0,0.0,False,False,False,0.7657790806506637,7.704110456992195e-06,4.238390442508147e-05,0.004122258222601585,0.4456873651832235,0.00018471069621550561,0.0151241947544642,0.0,0.0,0.0,0.0,3.0237288205975735e-34,0.0,0.0,0.3049251368085509,0.0,0.0,0.0,0.0,0.0,0.0,0.0,False,0.1,-0.09446177631616592,-0.038942642509937286,25.288504570131018,50.16398061195366,201.21240533471106,215.1522737576754,-0.944617748260498,-0.38942641019821167,-0.04709318789030936,-0.01670208618880838,-0.04709318789030943,-0.0167020861888085,0.0277099609375,0.0,-0.387939453125,-0.17135488207552083,0.003964370863532339,-4.469252510831906e-05,6005.385867816838,False,True,True,Omega_safe_one_step_QP,False,0.3602294921875,0.0,4.996726957449609,False,False,False,1.1408596866436802,9.802942067499123e-06,5.393055590167459e-05,0.002345252233627403,0.2535623030514093,3.3997421584436365e-06,0.00027837241466121285,0.0,0.0,0.0,0.0,4.707924493649408e-06,0.0,0.0,0.8869603726972143,0.0,0.0,0.0,0.0,0.0,0.0,0.0,False,-75.01612119860329,1.2337362124103597,0.4360418386609012,0.15760895866850594
180,-23.965759031644666,-1802.60057249057,9.98765009636196,6.325420481009872,38.29334760445598,23.655848013960487,0.1,0.0,0.0,25.40299354106636,50.17773991098261,191.38179641829385,213.4171485371158,0.0,0.0,0.0,0.0,-2.0816681711721685e-17,-3.122502256758253e-17,0.26014284641297625,-0.05033574002966734,nan,nan,0.0007033440823566645,-4.7128102605025184e-05,6142.585688542051,True,True,True,Z_mode_existing_controller,False,0.05060201485354432,0.0,0.0,False,False,False,0.4548605830176166,8.441894119436948e-06,4.644279641657211e-05,0.017694747028443345,1.9131079992639266,0.000790661846740796,0.06473974707496281,0.0,0.0,0.0,0.0,1.0887710795960224e-34,20.0,0.0,-21.52303360611769,20.0,20.0,0.0,0.0,0.0,0.0,0.0,False,0.1,-0.09236694872379303,-0.0006262077367864549,25.3533348837163,50.164131259754036,190.20951592038534,213.94493889906508,-0.9236694574356079,-0.006262077018618584,-0.030917281622546346,-0.0017961377229922665,-0.03091728162254643,-0.0017961377229923532,0.23243288547547625,-0.05033574002966734,-0.32560894130464346,-0.05411902089158177,0.0007038758781076266,-4.716093641144391e-05,6118.619929510406,True,True,True,Z_mode_existing_controller,False,0.07831197579104432,0.0,3.096941093478856,False,False,False,0.5746893781758399,7.479792691768988e-06,4.114982778831163e-05,0.012106357546388101,1.3089065035354617,0.00014576574608156102,0.01193536474842349,0.0,0.0,0.0,0.0,4.838472432490212e-06,0.0,0.0,-0.7461984784082661,0.0,0.0,0.0,0.0,0.0,0.0,0.0,False,-23.965759031644666,0.3901575044585656,0.44649440291073306,0.15886788834133692
181,-25.991388939552962,-1828.5919614301229,9.405143902334434,5.667735709909887,41.80296523286932,24.147016594603166,0.1,0.0,0.0,25.410514265649095,50.176269936293686,189.9139111389948,213.01308454180813,0.0,0.0,0.0,0.0,-6.938893903907228e-18,-9.71445146547012e-17,0.055419921875,0.0,nan,nan,0.0010122435927076695,-2.712684841878329e-05,6047.894274905544,False,True,True,Omega_safe_one_step_QP,False,0.33251953125,0.0,0.0,False,False,False,0.9283176512001501,1.0642490058172733e-05,5.854930092040473e-05,0.0002154687193182862,0.02329589283510829,1.6326771230399377e-05,0.0013368433602353273,0.0,0.0,0.0,0.0,4.5379724314624245e-35,20.0,0.0,-19.096373634296114,20.0,20.0,0.0,0.0,0.0,0.0,0.0,False,0.1,-0.09090825915336609,-0.0006841851281933486,25.360126524014362,50.16248845838823,188.6441156671186,213.51205165797955,-0.9090825915336609,-0.006841850932687521,-0.03045791188258539,-0.001805644960521803,-0.03045791188258532,-0.0018056449605219314,0.23243288547547625,-0.05033574002966734,-0.32560894130464346,-0.054535621562418805,0.00101176756254375,-2.7072252520634775e-05,6021.902885965991,True,True,True,Z_mode_existing_controller,False,0.07831197579104432,0.0,3.051138721806649,False,False,False,1.058274595897915,4.9750856406019885e-06,2.7370266233201735e-05,0.00024504779529275887,0.026493902208547596,1.8739136349463656e-05,0.0015343688995091143,0.0,0.0,0.0,0.0,2.1111094555737928e-09,20.0,0.0,-18.969781047587485,20.0,20.0,0.0,0.0,0.0,0.0,0.0,False,-25.991388939552962,0.4297593138722468,0.4625702962009049,0.16030412944911038
182,-23.572778032164024,-1852.164739462287,11.303933134499307,3.388352905037527,35.048505572593015,28.046275234218495,0.1,0.0,0.0,25.421458847799425,50.174976014837725,187.76898214538048,212.47453901144164,0.0,0.0,0.0,0.0,2.7755575615628914e-17,-2.7755575615628914e-17,0.055419921875,0.0,nan,nan,-0.0025160297349863807,8.759491824384845e-05,6189.355457689639,False,True,True,Omega_safe_one_step_QP,False,0.33251953125,0.0,0.0,False,False,False,0.22101173727967763,7.08418826763305e-06,3.897342336156835e-05,0.0004600720387647316,0.04974173952211071,2.9003128827772536e-05,0.0023747892129011654,0.0,0.0,0.0,0.0,6.018531076210112e-35,0.0,0.0,0.16885623512130418,0.0,0.0,0.0,0.0,0.0,0.0,0.0,False,0.1,-0.08411921560764313,-0.004604415502399206,25.370250966770037,50.161009133547964,186.6254693423192,213.2047097114494,-0.8411921262741089,-0.046044155955314636,-0.028066017462486867,0.0007318336938387723,-0.028066017462486867,0.0007318336938388209,0.0277099609375,0.0,-0.387939453125,-0.02275131302459067,-0.002512430086984986,8.746506341260666e-05,6165.782679657475,False,True,True,Omega_safe_one_step_QP,False,0.3602294921875,0.0,2.807555728316089,False,False,False,0.33887562744049776,2.1622574924694536e-05,0.00011895586831840575,0.0004074932984626089,0.04405706889633004,9.44590720969467e-06,0.0007734351242190115,0.0,0.0,0.0,0.0,1.2159956838234577e-07,0.0,0.0,0.29392604595206195,0.0,0.0,0.0,0.0,0.0,0.0,0.0,False,-23.572778032164024,0.38085998119363573,0.46884387899136754,0.16149438944349787
183,-24.17239799880099,-1876.3371374610879,11.059892338027394,4.657929437037241,37.31276311829498,23.462191202947775,0.1,0.0,0.0,25.377709212241346,50.175646994364946,196.38322030566167,214.34696664552334,0.0,0.0,0.0,0.0,-5.204170427930421e-17,-6.938893903907228e-18,0.26014284641297625,-0.05033574002966734,nan,nan,-0.0013828337059865136,-4.254162931686999e-05,6375.521037223869,True,True,True,Z_mode_existing_controller,False,0.05060201485354432,0.0,0.0,False,False,False,-0.7098161603914741,1.0791131467222243e-05,5.936704663029989e-05,0.007420509908204466,0.8022853811463656,0.00035059852448728035,0.028707164628879202,0.0,0.0,0.0,0.0,6.800940116117427e-35,0.0,0.0,-1.5408680732133493,0.0,0.0,0.0,0.0,0.0,0.0,0.0,False,0.1,-0.09354677051305771,-0.0007366095669567585,25.32584797981867,50.161505041714754,195.21421565114397,214.86572300524062,-0.9354676604270935,-0.007366095669567585,-0.031353118112561904,-0.0018762253965892983,-0.031353118112561876,-0.0018762253965892046,0.23243288547547625,-0.05033574002966734,-0.32560894130464346,-0.05472989437742096,-0.001380704541391011,-4.270554587756351e-05,6351.348639225068,True,True,True,Z_mode_existing_controller,False,0.07831197579104432,0.0,3.140920624783553,False,False,False,-0.5889541703974692,3.490782109415428e-05,0.0001920442030526272,0.007376656315735106,0.797544049811437,0.0002758965162151185,0.022590530644999877,0.0,0.0,0.0,0.0,1.7607002902887807e-07,20.0,0.0,-21.40928097112699,20.0,20.0,0.0,0.0,0.0,0.0,0.0,False,-24.17239799880099,0.37914388263592835,0.47936907071625456,0.16269760553171828
184,-57.81264954397375,-1934.1497870050616,11.295758916520166,5.174343247499159,44.964473430867656,26.632933587745548,0.1,0.0,0.0,25.35808012278446,50.175051103105524,200.25729641831919,215.13412851629442,0.0,0.0,0.0,0.0,9.020562075079397e-17,-1.0408340855860843e-16,0.26014284641297625,-0.05033574002966734,nan,nan,-0.0010835530819783934,8.943035774733451e-05,6493.324657471277,True,True,True,Z_mode_existing_controller,False,0.05060201485354432,0.0,0.0,False,False,False,-1.2988342616285127,1.5490017326674264e-05,8.521780906201291e-05,0.0015008465726663596,0.16226745594160974,6.196238107958369e-05,0.005073507588345518,0.0,0.0,0.0,0.0,2.9671358205715855e-34,20.0,0.0,-21.46626044296753,20.0,20.0,0.0,0.0,0.0,0.0,0.0,False,0.1,-0.09481212496757507,-0.0127503527328372,25.305525608593793,50.1607357447628,197.7125748664853,215.32552214725166,-0.9481212496757507,-0.12750352919101715,-0.04362031765663113,-0.004858537008806625,-0.04362031765663103,-0.004858537008806603,0.0277099609375,0.0,-0.387939453125,-0.0558966128467896,-0.0010831064201313337,8.903713478510054e-05,6435.512007927303,False,True,True,Omega_safe_one_step_QP,False,0.3602294921875,0.0,4.389006145280875,False,False,False,-1.009771013908644,4.650100992262097e-05,0.00025582374126546467,0.0006241798768880987,0.06748463335105644,2.1141525099408497e-05,0.001731077569199297,0.0,0.0,0.0,0.0,1.5937836720637728e-06,20.0,0.0,-21.079244142353836,20.0,20.0,0.0,0.0,0.0,0.0,0.0,False,-57.81264954397375,0.8903397349376949,0.5243006495853323,0.16677156644000424
185,-49.89093624078305,-1984.0407232458447,8.669404819244214,6.131948082979714,39.08082083777424,25.850080828022833,0.1,0.0,0.0,25.346146174762684,50.177697812066015,202.57621792936595,215.77557461378763,0.0,0.0,0.0,0.0,2.7755575615628914e-17,-6.678685382510707e-17,0.055419921875,0.0,nan,nan,0.0018929246829132661,2.65331433577402e-06,6272.661592280553,False,True,True,Omega_safe_one_step_QP,False,0.33251953125,0.0,0.0,False,False,False,-0.19551893567489514,7.658537039724447e-06,4.2133183803591994e-05,0.0005377396974395422,0.05813895587428774,4.114530959892574e-05,0.0033689964271524406,0.0,0.0,0.0,0.0,5.291041132373215e-35,0.0,0.0,-0.2570690211601389,0.0,0.0,0.0,0.0,0.0,0.0,0.0,False,0.1,-0.09513687342405319,-0.03555724397301674,25.291761995839895,50.16299466094022,200.28450476103495,215.03742546787802,-0.9513686895370483,-0.3555724322795868,-0.0464895483594319,-0.015030322724279628,-0.046489548359431865,-0.01503032272427965,0.0277099609375,0.0,-0.387939453125,-0.1553482586839473,0.001891113344236717,3.0080034968528544e-06,6222.77065603977,False,True,True,Omega_safe_one_step_QP,False,0.3602294921875,0.0,4.8858865192101515,False,False,False,0.0539357455290201,2.272533191636349e-05,0.0001250226487987618,0.0006614823382478125,0.0715176741797718,8.29996966661166e-06,0.0006796052435833023,0.0,0.0,0.0,0.0,1.116977094673965e-06,0.0,0.0,-0.018387673520228433,0.0,0.0,0.0,0.0,0.0,0.0,0.0,False,-49.89093624078305,0.7953710798328623,0.5533622337070525,0.17015311176200973
186,-3.021411247648757,-1987.0621344934934,8.89148208518917,3.948684118306373,37.89575353337036,26.142437988993063,0.1,0.0,0.0,25.38076948978769,50.17896243162561,195.7332125215271,214.38070820026542,0.0,0.0,0.0,0.0,1.249000902703301e-16,2.42861286636753e-17,0.26014284641297625,-0.05033574002966734,nan,nan,0.0005827025551549728,1.1866851186842931e-05,6134.981782785723,True,True,True,Z_mode_existing_controller,False,0.05060201485354432,0.0,0.0,False,False,False,0.49288011179925434,7.383710013085088e-06,4.062123216484828e-05,0.0046826723011711875,0.5062778135738241,0.00019456523115723098,0.015931088500885017,0.0,0.0,0.0,0.0,1.7731344866899516e-34,0.0,0.0,-0.029369411507619604,0.0,0.0,0.0,0.0,0.0,0.0,0.0,False,0.1,-0.09466400742530823,-0.0009204763337038457,25.32473407615585,50.16395430635903,195.41853502722847,215.03001912061683,-0.9466400742530823,-0.009204762987792492,-0.03172244597711882,-0.0019963293485481814,-0.031722445977118756,-0.0019963293485481606,0.23243288547547625,-0.05033574002966734,-0.32560894130464346,-0.05576192373706271,0.0005796005549162666,1.188540611847316e-05,6131.9603715380745,True,True,True,Z_mode_existing_controller,False,0.07831197579104432,0.0,3.1785199537506377,False,False,False,0.5079871680374981,1.7810633556874017e-05,9.798460116048435e-05,0.0023677661450320704,0.2559964460167624,5.485397975341629e-09,4.491468495577362e-07,0.0,0.0,0.0,0.0,3.879522960883299e-06,0.0,0.0,0.25188840874976476,0.0,0.0,0.0,0.0,0.0,0.0,0.0,False,-3.021411247648757,0.04924890333214354,0.5370745666579109,0.16952031391058062
187,-9.929514925362128,-1996.9916494188556,10.621958399400981,6.224295162144038,39.55076162847393,24.724380306149822,0.1,0.0,0.0,25.39007614192152,50.179345871033625,193.8914400981717,214.00336652538005,0.0,0.0,0.0,0.0,-5.204170427930421e-18,-8.326672684688674e-17,0.26014284641297625,-0.05033574002966734,nan,nan,6.31271059916278e-05,-1.5915524316091438e-06,6267.8762048404915,True,True,True,Z_mode_existing_controller,False,0.05060201485354432,0.0,0.0,False,False,False,-0.17159199847458695,7.336911429839236e-06,4.036377133395882e-05,0.00033921256594324006,0.03667474151021783,1.4238673960529774e-05,0.0011658690180731011,0.0,0.0,0.0,0.0,2.8494735380316775e-34,0.0,0.0,-0.20947297277421184,0.0,0.0,0.0,0.0,0.0,0.0,0.0,False,0.1,-0.09461495280265808,-0.0006227397825568914,25.33397776714996,50.16430285772573,193.29396683622903,214.62015905970594,-0.9461495280265808,-0.006227397825568914,-0.0317365858275822,-0.001829411586782223,-0.031736585827582084,-0.0018294115867822855,0.23243288547547625,-0.05033574002966734,-0.32560894130464346,-0.05400867792767092,6.495918704331645e-05,-1.6394833732816163e-06,6257.946689915129,True,True,True,Z_mode_existing_controller,False,0.07831197579104432,0.0,3.1789269050189515,False,False,False,-0.1219444238477763,1.787536346923844e-05,9.834071059510539e-05,0.0004513789998206634,0.04880187175711374,1.6798526952987607e-05,0.001375470930652976,0.0,0.0,0.0,0.0,2.806147456405473e-10,0.0,0.0,-0.17222010752675287,0.0,0.0,0.0,0.0,0.0,0.0,0.0,False,-9.929514925362128,0.1584191295560985,0.5224247647201855,0.1694612688013861
188,-15.987266575746617,-2012.9789159946022,11.469010197442895,4.20590169852203,40.067457374835854,22.854714504749502,0.1,0.0,0.0,25.390064799869446,50.179173398518145,193.89313446498005,213.9878004537003,0.0,0.0,0.0,0.0,3.2959746043559335e-17,-2.7755575615628914e-17,0.26014284641297625,-0.05033574002966734,nan,nan,-0.002027286003432343,-4.3951071999675725e-05,6355.805333567723,True,True,True,Z_mode_existing_controller,False,0.05060201485354432,0.0,0.0,False,False,False,-0.6112376421107456,1.1417927785223727e-05,6.281534548121482e-05,2.870878881242683e-10,3.1039162887125044e-08,2.4230258753933252e-08,1.9839844678945274e-06,0.0,0.0,0.0,0.0,4.5379724314624245e-35,0.0,0.0,-0.6113024724798577,0.0,0.0,0.0,0.0,0.0,0.0,0.0,False,0.1,-0.09445947408676147,-0.000618589052464813,25.333748793738085,50.16405002090557,193.05316921948923,214.56090208195522,-0.9445947408676147,-0.006185890641063452,-0.03171438170094528,-0.0018246601367541415,-0.03171438170094539,-0.0018246601367541138,0.23243288547547625,-0.05033574002966734,-0.32560894130464346,-0.05399020209608305,-0.0020235345903732178,-4.411324946214921e-05,6339.818066991977,True,True,True,Z_mode_existing_controller,False,0.07831197579104432,0.0,3.176682847386444,False,False,False,-0.5313013092320125,3.801172639571701e-05,0.00020912023361843246,5.798349222756646e-06,0.0006269017727549497,3.5113894121494205e-07,2.8751414193225978e-05,0.0,0.0,0.0,0.0,5.155995170684718e-12,20.0,0.0,-20.532166082657735,20.0,20.0,0.0,0.0,0.0,0.0,0.0,False,-15.987266575746617,0.2515380150381736,0.4850833072814334,0.16990156900055037
189,-47.524218414786446,-2060.5031344093886,7.92906020496612,4.598757483137689,39.34013088270635,24.314705199525207,0.1,0.0,0.0,25.35869921825634,50.17815461412247,200.0858850316182,215.24589215851142,0.0,0.0,0.0,0.0,1.457167719820518e-16,-9.020562075079397e-17,0.26014284641297625,-0.05033574002966734,nan,nan,0.0019475577250988583,-5.28994849717866e-05,6136.551896407224,True,True,True,Z_mode_existing_controller,False,0.05060201485354432,0.0,0.0,False,False,False,0.4850295436917486,7.020852763808747e-06,3.8624985218606975e-05,0.003835015958059717,0.4146315115370312,0.00015827947377145904,0.012959994391232781,0.0,0.0,0.0,0.0,1.6614155035878015e-34,0.0,0.0,0.057399412778266004,0.0,0.0,0.0,0.0,0.0,0.0,0.0,False,0.1,-0.09501734375953674,-0.002790219848975539,25.30199899715099,50.162911286776826,197.82748723547348,215.8770173167599,-0.9501734375953674,-0.02790219709277153,-0.043845296458730296,-0.0008619276280860903,-0.04384529645873037,-0.0008619276280859671,0.0277099609375,0.0,-0.387939453125,-0.01220570055365116,0.001944875924567653,-5.236182818299951e-05,6089.027677992438,False,True,True,Omega_safe_one_step_QP,False,0.3602294921875,0.0,4.385376769206973,False,False,False,0.7226506357656808,1.754729259998087e-05,9.653583974792716e-05,0.0022794112517751782,0.24644375488237322,0.0001732159311284951,0.014182998227166564,0.0,0.0,0.0,0.0,1.480859467438919e-06,0.0,0.0,0.4619258659569257,0.0,0.0,0.0,0.0,0.0,0.0,0.0,False,-47.524218414786446,0.7744449850185495,0.507726143385693,0.1730166294208403
190,-6.8204742438192625,-2067.323608653208,9.012935562871581,5.902341187596512,40.99563955559125,25.56631998999848,0.1,0.0,0.0,25.39208117824302,50.17792108286417,193.5052204270871,213.82092761905662,0.0,0.0,0.0,0.0,1.3704315460216776e-16,-3.469446951953614e-17,0.26014284641297625,-0.05033574002966734,nan,nan,0.0015000476934890242,6.862926525757866e-06,6093.43798237217,True,True,True,Z_mode_existing_controller,False,0.05060201485354432,0.0,0.0,False,False,False,0.7005991138670197,9.400570917577909e-06,5.171692456073337e-05,0.004330514663732857,0.4682034860854347,0.00020305239387036455,0.016626021195180626,0.0,0.0,0.0,0.0,3.156719549472204e-35,20.0,0.0,-19.784282110338157,20.0,20.0,0.0,0.0,0.0,0.0,0.0,False,0.1,-0.09285031259059906,-0.000909622700419277,25.33375330361225,50.16234404561694,193.02274522176214,214.42600705979407,-0.9285030961036682,-0.009096226654946804,-0.03118452553159088,-0.0019618657627289843,-0.03118452553159088,-0.001961865762728922,0.23243288547547625,-0.05033574002966734,-0.32560894130464346,-0.055802684612404625,0.0014974357826197065,6.8874433244040054e-06,6086.617508128351,True,True,True,Z_mode_existing_controller,False,0.07831197579104432,0.0,3.124617656452389,False,False,False,0.734701485086116,8.971634384806258e-06,4.935714466000266e-05,0.002308554581832297,0.24959465259048064,0.00021054307658200028,0.017239361659462667,0.0,0.0,0.0,0.0,1.615049843695424e-06,0.0,0.0,0.4678164986416689,0.0,0.0,0.0,0.0,0.0,0.0,0.0,False,-6.8204742438192625,0.11193146239529064,0.5011632524206782,0.1727056753075642
191,-10.447038507657453,-2077.7706471608653,9.537496399878385,5.197403082045942,40.71042382280636,20.894717452385155,0.1,0.0,0.0,25.413308574216863,50.17786189679082,189.31862524797597,212.91732658629144,0.0,0.0,0.0,0.0,5.551115123125783e-17,-2.7755575615628914e-17,0.055419921875,0.0,nan,nan,0.0006045801703683548,-0.00012701389276794641,6047.4623801582275,False,True,True,Omega_safe_one_step_QP,False,0.33251953125,0.0,0.0,False,False,False,0.9304771249367332,9.51537583006502e-06,5.2348519923435794e-05,0.0017527579193756496,0.18950342669158482,8.164948264143015e-05,0.006685496305148845,0.0,0.0,0.0,0.0,6.69561582228375e-35,20.0,0.0,-19.265764146579922,20.0,20.0,0.0,0.0,0.0,0.0,0.0,False,0.1,-0.0902281180024147,-0.0007242925348691642,25.35479881560417,50.16222590146568,188.68524927269507,213.49510788889842,-0.9022811651229858,-0.007242925465106964,-0.03033090085670434,-0.00181737393181243,-0.0303309008567042,-0.001817373931812357,0.23243288547547625,-0.05033574002966734,-0.32560894130464346,-0.05481533617142412,0.0006040426461443606,-0.00012707324790945523,6037.01534165057,True,True,True,Z_mode_existing_controller,False,0.07831197579104432,0.0,3.0385298991243186,False,False,False,0.9827123174750204,7.1584876324097625e-06,3.938217881661019e-05,0.0018813871108173173,0.2034104655822987,8.665732663742215e-05,0.007095540820421477,0.0,0.0,0.0,0.0,7.495529747770088e-09,20.0,0.0,-19.227833078602046,20.0,20.0,0.0,0.0,0.0,0.0,0.0,False,-10.447038507657453,0.17275078125222026,0.494463561524219,0.17270590204150207
192,-16.626887134983917,-2094.3975342958493,8.911816578640305,4.430083491329835,39.503760551052665,24.284793197542278,0.1,0.0,0.0,25.41764158243639,50.17447551551001,188.50169541362172,212.54213384210973,0.0,0.0,0.0,0.0,-1.3877787807814457e-17,-1.3183898417423734e-16,0.055419921875,0.0,nan,nan,0.0008437861169649681,-3.729415156865758e-05,5965.498548640131,False,True,True,Omega_safe_one_step_QP,False,0.33251953125,0.0,0.0,False,False,False,1.3402962825272153,1.1116340897340587e-05,6.11561753663451e-05,6.673743542580706e-05,0.007215470295124261,1.4076959528659692e-05,0.0011526277677702107,0.0,0.0,0.0,0.0,1.5648180798146291e-34,20.0,0.0,-18.668132971711046,20.0,20.0,0.0,0.0,0.0,0.0,0.0,False,0.1,-0.08974960446357727,-0.005374978296458721,25.358859662774407,50.15875570048368,187.59274391740314,213.31232989225987,-0.8974960446357727,-0.05374978110194206,-0.03108351720000127,0.000468400936955566,-0.031083517200001368,0.0004684009369556076,0.0277099609375,0.0,-0.387939453125,-0.02489266212229805,0.0008419835068250844,-3.724316240796507e-05,5948.871661505147,False,True,True,Omega_safe_one_step_QP,False,0.3602294921875,0.0,3.1087046192273173,False,False,False,1.4234307182021348,5.191973840368634e-06,2.8563469365627542e-05,0.00011935679513415544,0.012904532580805502,3.3407796055201505e-06,0.0002735445343494264,0.0,0.0,0.0,0.0,5.791198110889204e-08,20.0,0.0,-18.589775980294366,20.0,20.0,0.0,0.0,0.0,0.0,0.0,False,-16.626887134983917,0.2787174785043592,0.4904453963527957,0.1732289740168878
193,-7.419394268482392,-2101.8169285643316,10.664631969919148,5.229424494929746,38.284022027822964,28.643074562375418,0.1,0.0,0.0,25.424897113340513,50.17276550465953,187.0889018327944,212.13606194566094,0.0,0.0,0.0,0.0,-9.71445146547012e-17,4.85722573273506e-17,0.055419921875,0.0,nan,nan,-0.000607146004861421,0.00011126722149323734,6107.073554218452,False,True,True,Omega_safe_one_step_QP,False,0.33251953125,0.0,0.0,False,False,False,0.6324212546356103,7.599228710157668e-06,4.180690102428836e-05,0.0001995985702026899,0.02158005540755115,1.648943850855195e-05,0.0013501626300197243,0.0,0.0,0.0,0.0,3.948156385993833e-34,20.0,0.0,-19.390550770302983,20.0,20.0,0.0,0.0,0.0,0.0,0.0,False,0.1,-0.0893651470541954,-0.011911673471331596,25.36560209932809,50.15691479091126,186.58777537104598,212.7146651281955,-0.8936514258384705,-0.11911673098802567,-0.029951073114932072,-0.0019413971933531088,-0.029951073114932017,-0.0019413971933530672,0.0277099609375,0.0,-0.387939453125,-0.05540280816480082,-0.0006040950154776927,0.0001112754095939346,6099.65415994997,False,True,True,Omega_safe_one_step_QP,False,0.3602294921875,0.0,3.001392683069581,False,False,False,0.6695182259780222,9.880467907277306e-06,5.435706170036163e-05,0.00010099617791672276,0.01091943250485468,3.5720317020412644e-05,0.0029247955986133763,0.0,0.0,0.0,0.0,7.089556634647743e-08,0.0,0.0,0.6556195699172875,0.0,0.0,0.0,0.0,0.0,0.0,0.0,False,-7.419394268482392,0.12148853624593169,0.4729753762284491,0.17296893621967535
194,-5.458585500365189,-2107.275514064697,12.308102985248873,5.57673883130364,41.59722820266083,26.468638076149528,0.1,0.0,0.0,25.409225304082852,50.17381191371344,190.1635168953911,212.8469204165192,0.0,0.0,0.0,0.0,-9.020562075079397e-17,0.0,0.055419921875,0.0,nan,nan,-0.0019610991856252136,8.234233692717367e-05,6347.541630150404,False,True,True,Omega_safe_one_step_QP,False,0.33251953125,0.0,0.0,False,False,False,-0.5699191250241483,7.0870124615523056e-06,3.898896056937707e-05,0.0009453257783146548,0.10220605615311038,5.0531976559093724e-05,0.004137580933137089,0.0,0.0,0.0,0.0,2.407412430484045e-35,0.0,0.0,-0.6763017510709652,0.0,0.0,0.0,0.0,0.0,0.0,0.0,False,0.1,-0.09280777722597122,-0.0006754470523446798,25.34982240525326,50.15790028461894,189.74894522713842,213.4721079983203,-0.928077757358551,-0.006754470523446798,-0.031186299652229847,-0.001830519750617987,-0.031186299652229854,-0.001830519750618119,0.23243288547547625,-0.05033574002966734,-0.32560894130464346,-0.05439712064075468,-0.0019537758454213705,8.22948771192775e-05,6342.083044650039,True,True,True,Z_mode_existing_controller,False,0.07831197579104432,0.0,3.1239975809146836,False,False,False,-0.5426261975223224,2.692515944960794e-05,0.00014812785864285255,0.0009992994859067514,0.10804154685429933,5.7371970150290266e-05,0.004697642680031525,0.0,0.0,0.0,0.0,1.538078405752247e-08,0.0,0.0,-0.6555135302960802,0.0,0.0,0.0,0.0,0.0,0.0,0.0,False,-5.458585500365189,0.08599526900993083,0.4506908176929664,0.17251697221639398
195,-12.792929165234455,-2120.0684432299313,9.943567969385727,3.4718315822020376,35.00116300971806,26.454540184301003,0.1,0.0,0.0,25.37578404997168,50.17475467939832,196.74237642685705,214.30027548551206,0.0,0.0,0.0,0.0,1.0408340855860843e-17,1.2836953722228372e-16,0.26014284641297625,-0.05033574002966734,nan,nan,-0.0009116443714107884,2.43506548593766e-05,6269.153305503724,True,True,True,Z_mode_existing_controller,False,0.05060201485354432,0.0,0.0,False,False,False,-0.17797750179075136,9.505659606086959e-06,5.2295066444184986e-05,0.0043281392734760395,0.46794666534115475,0.00021122409565672498,0.01729512380712749,0.0,0.0,0.0,0.0,2.6601907356848697e-34,0.0,0.0,-0.6632715860054779,0.0,0.0,0.0,0.0,0.0,0.0,0.0,False,0.1,-0.09399115294218063,-0.0008150042849592865,25.316408005322597,50.15879360085546,196.01068064066638,214.86635358283323,-0.9399114847183228,-0.008150042966008186,-0.03161183769140408,-0.00192693302126231,-0.031611837691404174,-0.0019269330212623621,0.23243288547547625,-0.05033574002966734,-0.32560894130464346,-0.055174562256819756,-0.0009116230893325998,2.4364580879794378e-05,6256.36037633849,True,True,True,Z_mode_existing_controller,False,0.07831197579104432,0.0,3.167051235922961,False,False,False,-0.11401285596457911,3.59937668915848e-05,0.00019801849731360067,0.003920933038903014,0.42392063301305477,0.00019439207499338026,0.015916910396429396,0.0,0.0,0.0,0.0,1.903781415406449e-09,0.0,0.0,-0.5540484197751583,0.0,0.0,0.0,0.0,0.0,0.0,0.0,False,-12.792929165234455,0.20406151423994484,0.432939730287732,0.17267804432956238
196,-17.44397912999284,-2137.512422359924,9.714245753006178,3.6740058919778966,38.78682442976812,20.54232362524476,0.1,0.0,0.0,25.363523023278336,50.17555677758806,199.1474710603287,214.8540918248021,0.0,0.0,0.0,0.0,-1.1102230246251565e-16,8.673617379884035e-18,0.26014284641297625,-0.05033574002966734,nan,nan,-0.0004495236430483542,-0.00014286004309090918,6302.504882422714,True,True,True,Z_mode_existing_controller,False,0.05060201485354432,0.0,0.0,False,False,False,-0.3447353863857006,9.805031742911942e-06,5.394205218063772e-05,0.0005784480195954191,0.06254022912379134,3.067125376646334e-05,0.0025113760319888,0.0,0.0,0.0,0.0,2.9072514363632946e-34,0.0,0.0,-0.40984093359366136,0.0,0.0,0.0,0.0,0.0,0.0,0.0,False,0.1,-0.09374944120645523,-0.0019681190606206656,25.303807561008213,50.15949859285384,198.21848654308144,215.31939649159932,-0.9374943971633911,-0.019681191071867943,-0.03155844273217944,-0.0025666335125366785,-0.03155844273217933,-0.0025666335125366594,0.23243288547547625,-0.05033574002966734,-0.32560894130464346,-0.062050932587358075,-0.0004505577099652028,-0.0001428947696929992,6285.060903292721,True,True,True,Z_mode_existing_controller,False,0.07831197579104432,0.0,3.16626422660509,False,False,False,-0.25751549073573643,3.863104950650593e-05,0.0002125274188713513,0.000487440690273878,0.05270076380468735,2.0524787718324283e-05,0.0016805788354768432,0.0,0.0,0.0,0.0,4.1206774020720005e-09,20.0,0.0,-20.31210936491545,20.0,20.0,0.0,0.0,0.0,0.0,0.0,False,-17.44397912999284,0.2767785103767708,0.4154458409061831,0.17320969874317144
197,-49.88730145385762,-2187.3997238137817,10.24301257314088,4.737320470947284,42.2898795830557,21.015820007424054,0.1,0.0,0.0,25.36018064684997,50.17338619306958,199.82933965386647,214.8689353223124,0.0,0.0,0.0,0.0,-8.326672684688674e-17,-9.367506770274758e-17,0.26014284641297625,-0.05033574002966734,nan,nan,-0.0003399877035675635,-0.0001076394301987066,6373.373198650415,True,True,True,Z_mode_existing_controller,False,0.05060201485354432,0.0,0.0,False,False,False,-0.6990769675242063,9.786791338686354e-06,5.384170321060569e-05,4.649447788531593e-05,0.005026856694872043,2.2032941833824303e-08,1.804067171723254e-06,0.0,0.0,0.0,0.0,1.1245625315898594e-34,0.0,0.0,-0.7041594699894608,0.0,0.0,0.0,0.0,0.0,0.0,0.0,False,0.1,-0.09481395781040192,-0.010532028041779995,25.299951633343422,50.157201526573786,197.54939707108394,215.1909190841652,-0.9481395483016968,-0.1053202822804451,-0.04345032819488594,-0.0036989119943138405,-0.04345032819488592,-0.00369891199431387,0.0277099609375,0.0,-0.387939453125,-0.0461707472776272,-0.00034003000799666394,-0.00010774270197421647,6323.485897196558,False,True,True,Omega_safe_one_step_QP,False,0.3602294921875,0.0,4.360748754726608,False,False,False,-0.4496404602549183,4.057510766785256e-05,0.00022322258942573145,4.476807215378865e-05,0.004840202395172203,1.650644422099617e-06,0.00013515550653914405,0.0,0.0,0.0,0.0,1.4269899441842811e-06,20.0,0.0,-20.454840467736,20.0,20.0,0.0,0.0,0.0,0.0,0.0,False,-49.88730145385762,0.7827456497357071,0.4227790633347608,0.17634150630794782
198,-39.06582314226398,-2226.4655469560457,10.065754346802938,6.399062990275618,34.87521414353252,26.987309644958977,0.1,0.0,0.0,25.359051743348488,50.17203159149029,200.0652481760598,214.83544719575482,0.0,0.0,0.0,0.0,6.245004513516506e-17,6.591949208711867e-17,0.26014284641297625,-0.05033574002966734,nan,nan,0.0005809095907907485,4.1258459033485014e-05,6361.091333461039,True,True,True,Z_mode_existing_controller,False,0.05060201485354432,0.0,0.0,False,False,False,-0.6376676415773227,7.378399292521726e-06,4.05920154143821e-05,5.565283084344619e-06,0.0006017032947525869,1.1214546203368921e-07,9.182520792667046e-06,0.0,0.0,0.0,0.0,4.6703801151390475e-34,0.0,0.0,-0.6383191194082823,0.0,0.0,0.0,0.0,0.0,0.0,0.0,False,0.1,-0.09511897712945938,-0.001091193757019937,25.297232206700716,50.155507871527725,198.21755701243814,215.62999325210646,-0.9511897563934326,-0.01091193687170744,-0.044307156748978935,0.000178523550003396,-0.04430715674897895,0.00017852355000326763,0.0277099609375,0.0,-0.387939453125,-0.004768281361107322,0.0005809842840619993,4.127595157599542e-05,6322.025510318775,False,True,True,Omega_safe_one_step_QP,False,0.3602294921875,0.0,4.430751640338802,False,False,False,-0.4423385258660028,3.1786412065955424e-05,0.00017487187632375813,4.46437707230435e-05,0.0048267632620161175,1.927861249533197e-05,0.001578541448596259,0.0,0.0,0.0,0.0,1.576866157144308e-07,0.0,0.0,-0.4489188601395547,0.0,0.0,0.0,0.0,0.0,0.0,0.0,False,-39.06582314226398,0.6141371204146578,0.42041623623058805,0.17857511971913198
199,1.3689973965019817,-2225.0965495595437,9.572970574319843,4.797649728796543,41.510799456024735,25.06296825733948,0.1,0.0,0.0,25.371935473814528,50.173695201397386,197.50322737492192,214.37790374507333,0.0,0.0,0.0,0.0,1.1449174941446927e-16,-1.0061396160665481e-16,0.26014284641297625,-0.05033574002966734,nan,nan,0.00037123036314787967,1.3032173211964364e-06,6247.155916156742,True,True,True,Z_mode_existing_controller,False,0.05060201485354432,0.0,0.0,False,False,False,-0.06799055505583965,6.526571632833256e-06,3.59057142097947e-05,0.0006563950585463239,0.07096765131277255,2.093460092615329e-05,0.001714134524969379,0.0,0.0,0.0,0.0,3.0441730183470746e-34,0.0,0.0,-0.14070824660779135,0.0,0.0,0.0,0.0,0.0,0.0,0.0,False,0.1,-0.09431641548871994,-0.0006928903167136014,25.30888371286062,50.156891222771904,197.35523510167337,215.04046760896964,-0.9431641101837158,-0.006928903050720692,-0.03173658774309618,-0.0018638827097513869,-0.03173658774309621,-0.0018638827097513019,0.23243288547547625,-0.05033574002966734,-0.32560894130464346,-0.05443536336769971,0.000369358922401487,1.2855211400089259e-06,6248.524913553244,True,True,True,Z_mode_existing_controller,False,0.07831197579104432,0.0,3.1791273336105155,False,False,False,-0.07483554203834956,2.6548750797769886e-05,0.00014605705911144157,7.435990777849916e-05,0.00803959130734685,3.475404839158858e-05,0.0028456770893614067,0.0,0.0,0.0,0.0,1.6219062846154434e-06,0.0,0.0,-0.08586848940045388,0.0,0.0,0.0,0.0,0.0,0.0,0.0,False,1.3689973965019817,-0.021913930352873128,0.35851496536285477,0.17757556322789356
200,-5.147321631312479,-2230.243871190856,8.773049215610811,3.4405033697697087,38.24154936584756,22.83598443086222,0.1,0.0,0.0,25.379550162571757,50.174157877453695,195.99406218397053,214.0761865315148,0.0,0.0,0.0,0.0,6.938893903907228e-18,-7.28583859910259e-17,0.26014284641297625,-0.05033574002966734,nan,nan,0.00047327328626989973,-8.816837612756617e-05,6129.363169350879,True,True,True,Z_mode_existing_controller,False,0.05060201485354432,0.0,0.0,False,False,False,0.520973178973477,5.692394728936917e-06,3.1316518044225155e-05,0.00022775795735793537,0.024624571880969715,9.103327695752521e-06,0.0007453845597746781,0.0,0.0,0.0,0.0,1.233798870623073e-34,0.0,0.0,0.4955719060146883,0.0,0.0,0.0,0.0,0.0,0.0,0.0,False,0.1,-0.09377267211675644,-0.0007815291173756123,25.316618460907815,50.15734861906612,195.56827549274624,214.68374461875857,-0.9377267360687256,-0.007815291173756123,-0.03158142979419183,-0.001904830544657038,-0.03158142979419169,-0.0019048305446570449,0.23243288547547625,-0.05033574002966734,-0.32560894130464346,-0.05498662526624373,0.00046944498776802044,-8.819038769721822e-05,6124.215847719566,True,True,True,Z_mode_existing_controller,False,0.07831197579104432,0.0,3.1638822469386017,False,False,False,0.5467097871300394,2.150003902770918e-05,0.00011828174120464463,0.00031932246439370164,0.03452427774153962,1.272512917451259e-05,0.0010419392913039475,0.0,0.0,0.0,0.0,2.575071429172577e-10,0.0,0.0,0.511025288098484,0.0,0.0,0.0,0.0,0.0,0.0,0.0,False,-5.147321631312479,0.08397808204694125,0.34343996516337166,0.17711995176032438
201,-10.796549821411645,-2241.040421012268,10.147888186772994,3.642072426744487,41.57752896275094,26.138536023955922,0.1,0.0,0.0,25.387445986323815,50.17259581360027,194.45329683338593,213.65130592150365,0.0,0.0,0.0,0.0,-5.984795992119984e-17,3.122502256758253e-17,0.26014284641297625,-0.05033574002966734,nan,nan,-0.0008767889573955889,4.252850947024335e-05,6233.657601431858,True,True,True,Z_mode_existing_controller,False,0.05060201485354432,0.0,0.0,False,False,False,-0.0004989814314194518,7.022801590533854e-06,3.863570662325442e-05,0.00023739578655620632,0.025666587802707006,1.8052353276344162e-05,0.0014781347930672767,0.0,0.0,0.0,0.0,1.529383978103442e-34,0.0,0.0,-0.02768233973381699,0.0,0.0,0.0,0.0,0.0,0.0,0.0,False,0.1,-0.09358949959278107,-0.00041379244066774845,25.324379641709957,50.155738390303284,193.796017157195,214.2384692407359,-0.9358949661254883,-0.0041379244066774845,-0.031546714920863195,-0.0016967491774333987,-0.03154671492086323,-0.0016967491774333848,0.23243288547547625,-0.05033574002966734,-0.32560894130464346,-0.05280304128143989,-0.0008763104480916765,4.252264622909858e-05,6222.861051610446,True,True,True,Z_mode_existing_controller,False,0.07831197579104432,0.0,3.159231204057936,False,False,False,0.053483767675638776,3.056748718477235e-05,0.00016816600210845163,0.0003140899607930861,0.03395855366091706,1.9827016227323303e-05,0.0016234449924442825,0.0,0.0,0.0,0.0,4.450297781587892e-10,0.0,0.0,0.017733602575139208,0.0,0.0,0.0,0.0,0.0,0.0,0.0,False,-10.796549821411645,0.17319767160345317,0.3307435786127935,0.17710062976510052
202,-15.612714891234646,-2256.6531359035025,8.854106613796894,2.327843894093311,41.09944006741919,27.468148128579994,0.1,0.0,0.0,25.373821238098774,50.173412634185965,197.1270554748715,214.2633645130228,0.0,0.0,0.0,0.0,9.367506770274758e-17,5.204170427930421e-17,0.26014284641297625,-0.05033574002966734,nan,nan,-0.00010185081801927613,6.192191184424545e-05,6164.244827975699,True,True,True,Z_mode_existing_controller,False,0.05060201485354432,0.0,0.0,False,False,False,0.34656488584937506,7.391211613997629e-06,4.0662501969829294e-05,0.0007148985272918721,0.07729288748946864,3.746157194523985e-05,0.003067370333806464,0.0,0.0,0.0,0.0,2.4002654248310454e-34,0.0,0.0,0.26616396552413013,0.0,0.0,0.0,0.0,0.0,0.0,0.0,False,0.1,-0.09385284036397934,-0.0008580136927776039,25.310498002335667,50.1564711009292,196.25352703185436,214.78834280626936,-0.9385283589363098,-0.00858013704419136,-0.03166194779192043,-0.0019487677635700307,-0.03166194779192056,-0.0019487677635701452,0.23243288547547625,-0.05033574002966734,-0.32560894130464346,-0.05543742397085722,-0.00010523618801572265,6.203675577101425e-05,6148.632113084464,True,True,True,Z_mode_existing_controller,False,0.07831197579104432,0.0,3.1721863655444977,False,False,False,0.4246284603055483,3.100832123461973e-05,0.00017059123579900643,0.0006039354784048289,0.06529586395998381,3.0236093807248024e-05,0.002475744939110246,0.0,0.0,0.0,0.0,7.6791982330487e-10,0.0,0.0,0.3566862594027354,0.0,0.0,0.0,0.0,0.0,0.0,0.0,False,-15.612714891234646,0.25327863066661754,0.3244257088981626,0.1774699213384128
203,-21.086863605260987,-2277.7399995087635,12.399442689545523,4.164429936295117,35.504239759581125,22.121360388446693,0.1,0.0,0.0,25.37402956082546,50.17503052731588,197.06436992846503,214.337021441064,0.0,0.0,0.0,0.0,-8.326672684688674e-17,6.938893903907228e-18,0.26014284641297625,-0.05033574002966734,nan,nan,-0.0031969014284447053,-7.356264789406533e-05,6532.421814100451,True,True,True,Z_mode_existing_controller,False,0.05060201485354432,0.0,0.0,False,False,False,-1.4943200447743856,2.3203594127821042e-05,0.00012765379226090513,3.9294777282777533e-07,4.248444616254538e-05,5.425343048466916e-07,4.442295251762691e-05,0.0,0.0,0.0,0.0,3.334266216220402e-34,20.0,0.0,-21.494534605965328,20.0,20.0,0.0,0.0,0.0,0.0,0.0,False,0.1,-0.09459999948740005,-0.0008331948192790151,25.310217498295895,50.157974729708236,196.00778853782285,214.8339158856489,-0.9459999799728394,-0.008331947959959507,-0.03194033210543911,-0.0019466200952031817,-0.0319403321054392,-0.0019466200952032268,0.23243288547547625,-0.05033574002966734,-0.32560894130464346,-0.055250724823891595,-0.0031903691208942852,-7.385946390554886e-05,6511.33495049519,True,True,True,Z_mode_existing_controller,False,0.07831197579104432,0.0,3.199959600996238,False,False,False,-1.3888857267480808,7.368443227730754e-05,0.0004053724245897004,6.038740744887629e-06,0.000652892251353189,2.076905564134858e-07,1.700579602707874e-05,0.0,0.0,0.0,0.0,7.750243849265937e-10,20.0,0.0,-21.389960997995075,20.0,20.0,0.0,0.0,0.0,0.0,0.0,False,-21.086863605260987,0.32280315333808185,0.3215462635328629,0.1782127244480622
204,-66.54195464248096,-2344.2819541512445,10.09567319845299,5.954428946019595,36.32299980193665,26.007538851931713,0.1,0.0,0.0,25.327755524414506,50.17392504812414,206.19714739997576,216.21810676019734,0.0,0.0,0.0,0.0,1.249000902703301e-16,1.207801220148852e-16,0.055419921875,0.0,nan,nan,0.0003401980406313983,1.777107885063021e-05,6512.298757472316,False,True,True,Omega_safe_one_step_QP,False,0.33251953125,0.0,0.0,False,False,False,-1.3937047616337077,1.6719255913286182e-05,9.198042378066563e-05,0.008340762434413401,0.901780585367323,0.0003538481977859009,0.028973249337906428,0.0,0.0,0.0,0.0,5.629324896652853e-34,20.0,0.0,-22.324550576762718,20.0,20.0,0.0,0.0,0.0,0.0,0.0,False,0.1,-0.0951647236943245,-0.02638007141649723,25.263457191218443,50.15671861866316,203.2209896080227,215.72559772401226,-0.9516472220420837,-0.263800710439682,-0.049592993889206155,-0.0115385095928508,-0.049592993889206044,-0.011538509592850767,0.0277099609375,0.0,-0.387939453125,-0.11521980836527043,0.0003396761539999271,1.772586806505854e-05,6445.756802829835,False,True,True,Omega_safe_one_step_QP,False,0.3602294921875,0.0,5.091760252132013,False,False,False,-1.0609949884213028,6.0908368710369027e-05,0.00033508534080854474,0.005203026967913238,0.5625371471375268,7.950965008670505e-05,0.006510285854629801,0.0,0.0,0.0,0.0,4.036208121871436e-06,20.0,0.0,-21.63038154296239,20.0,20.0,0.0,0.0,0.0,0.0,0.0,False,-66.54195464248096,1.0217890351871473,0.3284889996712689,0.1824892002086328
205,-43.83384352637859,-2388.115797677623,9.025759460635706,4.744351454894435,44.81591964297923,24.895929201978735,0.1,0.0,0.0,25.342094722230097,50.176067135633666,203.3425665569665,215.72560105760527,0.0,0.0,0.0,0.0,-1.3877787807814457e-17,1.196959198423997e-16,0.055419921875,0.0,nan,nan,0.000983975933925228,-1.3568801654007326e-06,6328.151257934944,False,True,True,Omega_safe_one_step_QP,False,0.33251953125,0.0,0.0,False,False,False,-0.4729672639468481,9.927409675521234e-06,5.4615310258699637e-05,0.0008148631789275534,0.08810079417388976,2.4256186708570787e-05,0.0019861074604637582,0.0,0.0,0.0,0.0,1.926047493822318e-34,0.0,0.0,-0.5631087808914603,0.0,0.0,0.0,0.0,0.0,0.0,0.0,False,0.1,-0.0941937193274498,-0.02026059851050377,25.27565194156016,50.15843729098202,201.27105684624178,215.63105900267956,-0.9419372081756592,-0.2026059776544571,-0.04700664433266592,-0.008625681442532857,-0.047006644332665784,-0.008625681442532977,0.0277099609375,0.0,-0.387939453125,-0.08940411271128484,0.000981085752899273,-1.124657329727892e-06,6284.317414408565,False,True,True,Omega_safe_one_step_QP,False,0.3602294921875,0.0,4.779149497312047,False,False,False,-0.2537980463149552,4.23729093544168e-05,0.00023311313490583064,0.00038022377754666,0.04110876234430434,8.937569831221282e-07,7.318122313897013e-05,0.0,0.0,0.0,0.0,1.517377186189976e-07,20.0,0.0,-20.295213254755023,20.0,20.0,0.0,0.0,0.0,0.0,0.0,False,-43.83384352637859,0.6926800852210163,0.3234938928937482,0.18499013713757667
206,-24.55789671804814,-2412.673694395671,10.501953830021886,5.729865519818503,38.28813499866824,25.357604325951087,0.1,0.0,0.0,25.363723349148845,50.17737819388577,199.06074244536964,214.8804783794549,0.0,0.0,0.0,0.0,-1.3183898417423734e-16,-1.9081958235744878e-17,0.26014284641297625,-0.05033574002966734,nan,nan,-0.00013935070329876937,1.120907379468638e-05,6381.864195308976,True,True,True,Z_mode_existing_controller,False,0.05060201485354432,0.0,0.0,False,False,False,-0.7415319508170114,9.882302920510776e-06,5.436715696391482e-05,0.0018334017722652135,0.19822242108051225,7.142323411240623e-05,0.005848166483273985,0.0,0.0,0.0,0.0,3.317414329207014e-34,0.0,0.0,-0.9456569055377616,0.0,0.0,0.0,0.0,0.0,0.0,0.0,False,0.1,-0.09492383152246475,-0.0021291279699653387,25.29584183207648,50.1594646425719,197.81262050262492,215.6955529785269,-0.9492383003234863,-0.021291278302669525,-0.043782027922169106,-0.0003683313292885213,-0.04378202792216923,-0.0003683313292886124,0.0277099609375,0.0,-0.387939453125,-0.009322956932798642,-0.00013826984905958815,1.1143316903937254e-05,6357.306298590928,False,True,True,Omega_safe_one_step_QP,False,0.3602294921875,0.0,4.37835772515875,False,False,False,-0.6187424672267707,4.2056880924365015e-05,0.00023137451513269815,0.0011960781942849908,0.1293167264586246,4.159472920597441e-07,3.4057951063991934e-05,0.0,0.0,0.0,0.0,7.858198188754042e-07,20.0,0.0,-20.74832541197141,20.0,20.0,0.0,0.0,0.0,0.0,0.0,False,-24.55789671804814,0.38480757293612666,0.3400634129255225,0.18597308946763394
207,-15.333613543942192,-2428.0073079396134,7.6980412661602955,3.312756977891026,38.76293599536138,27.300257812176124,0.1,0.0,0.0,25.364956876512352,50.178272634177155,198.80446082696238,214.87119857256806,0.0,0.0,0.0,0.0,7.632783294297951e-17,1.734723475976807e-17,0.26014284641297625,-0.05033574002966734,nan,nan,0.0016340781955072935,3.256914981797582e-05,6082.776996063585,True,True,True,Z_mode_existing_controller,False,0.05060201485354432,0.0,0.0,False,False,False,0.7539040454099449,7.469427320851985e-06,4.109280304902092e-05,6.568026793344309e-06,0.0007101172216550305,8.611481585699865e-09,7.051119794094185e-07,0.0,0.0,0.0,0.0,4.4660509851017135e-34,0.0,0.0,0.7531521302732616,0.0,0.0,0.0,0.0,0.0,0.0,0.0,False,0.1,-0.09478368610143661,-0.0017569384071975946,25.296368797941216,50.16017565342384,197.90498054561394,215.75487888475217,-0.9478368163108826,-0.01756938360631466,-0.04380732853150324,-0.0002603943360853138,-0.043807328531503285,-0.0002603943360852288,0.0277099609375,0.0,-0.387939453125,-0.007704600332952379,0.0016267674965992265,3.27975378581263e-05,6067.443382519643,False,True,True,Omega_safe_one_step_QP,False,0.3602294921875,0.0,4.3808102427260325,False,False,False,0.830572113129656,2.2988729387128526e-05,0.00012647172112048344,8.530377540932578e-07,9.222812557911504e-05,3.519563149449346e-07,2.8818341121297145e-05,0.0,0.0,0.0,0.0,1.2290515334461712e-10,0.0,0.0,0.83032459481893,0.0,0.0,0.0,0.0,0.0,0.0,0.0,False,-15.333613543942192,0.2520824543438828,0.34489135909988955,0.1862816105698647
208,18.992426973164584,-2409.014880966449,6.842864546066214,5.706611736349055,39.589909345869025,29.27536224510079,0.1,0.0,0.0,25.39257726645921,50.17955238208124,193.34180257238665,213.77207172155067,0.0,0.0,0.0,0.0,1.0408340855860843e-17,-1.2836953722228372e-16,0.26014284641297625,-0.05033574002966734,nan,nan,0.003545793438910598,8.440105969517503e-05,5867.391069729388,True,True,True,Z_mode_existing_controller,False,0.05060201485354432,0.0,0.0,False,False,False,1.830833677080932,2.097426476172856e-05,0.00011538921177338954,0.002984063520628435,0.3226288447328063,0.00012080798346273997,0.009891811937370583,0.0,0.0,0.0,0.0,2.5578757073892976e-34,20.0,0.8857522163626117,-19.38755458516363,20.88575221636261,20.88575221636261,0.0,0.0,0.0,0.0,0.0,False,0.1,-0.09435804188251495,-0.0010123669635504484,25.323442069578388,50.16133195129104,193.95804424214631,214.5311666913546,-0.9435803890228271,-0.010123669169843197,-0.03179893284131227,-0.0020428160103778265,-0.031798932841312154,-0.0020428160103778577,0.23243288547547625,-0.05033574002966734,-0.32560894130464346,-0.05632296802253885,0.0035321473206719523,8.408559261642709e-05,5886.383496702552,True,True,True,Z_mode_existing_controller,False,0.07831197579104432,0.0,3.1864482219213026,False,False,False,1.735871542215109,4.488323189439141e-06,2.4692358988364656e-05,0.0015578306183630668,0.16842841622420396,0.00014974715322699022,0.01226136415342834,0.0,0.0,0.0,0.0,1.473785940771891e-06,20.0,0.0,-18.444844404307453,20.0,20.0,0.0,0.0,0.0,0.0,0.0,False,18.992426973164584,-0.32369458158582465,0.31814458152636615,0.18399619960076694
209,22.412757193415928,-2386.602123773033,10.300755805858746,4.302639106271464,36.98480589039618,24.723152121145453,0.1,0.0,0.0,25.444351649017758,50.18101758169146,183.11530180343235,211.6661253170495,0.0,0.0,0.0,0.0,2.7755575615628914e-17,6.245004513516506e-17,0.055419921875,0.0,nan,nan,-0.0007950940354248771,-1.618567705338877e-05,5974.7087047467985,False,True,True,Omega_safe_one_step_QP,False,0.33251953125,0.0,0.0,False,False,False,1.294245501993878,1.1966597788684802e-05,6.583383504174512e-05,0.010458131797742309,1.130704811289826,0.00044350102586313965,0.03631406316141489,0.0,0.0,0.0,0.0,3.6713039564881683e-34,20.0,0.0,-19.872839206292404,20.0,20.0,0.0,0.0,0.0,0.0,0.0,False,0.1,-0.08898628503084183,-0.0036558546125888824,25.375803966296576,50.16290855300067,183.82168034162422,212.7449060608132,-0.8898628354072571,-0.036558546125888824,-0.02710981811468227,0.0017817701239404224,-0.0271098181146823,0.0017817701239403391,0.0277099609375,0.0,-0.387939453125,-0.017076269979060185,-0.0007918435830636403,-1.62039521854479e-05,5997.121461940214,False,True,True,Omega_safe_one_step_QP,False,0.3602294921875,0.0,2.7168307694549596,False,False,False,1.1821817160267982,8.691904193296037e-06,4.781821842472024e-05,0.01027458731238076,1.110860479941007,0.00031907270402221314,0.026125816291847032,0.0,0.0,0.0,0.0,3.6615256018315987e-07,20.0,0.0,-19.95485276457704,20.0,20.0,0.0,0.0,0.0,0.0,0.0,False,22.412757193415928,-0.3751271953327096,0.2623036659086311,0.1814563006965092
210,12.4511625289515,-2374.1509612440814,9.15446182268948,4.450951710444932,44.36307591988832,23.654314605732544,0.1,0.0,0.0,25.422550416472333,50.17887978206558,187.43571324796704,212.46001999418098,0.0,0.0,0.0,0.0,1.249000902703301e-16,3.469446951953614e-17,0.055419921875,0.0,nan,nan,0.0007077386944452338,-3.6176632693302874e-05,5963.3589905002045,False,True,True,Omega_safe_one_step_QP,False,0.33251953125,0.0,0.0,False,False,False,1.3509940732268477,1.2807023227736147e-05,7.045740731319801e-05,0.0018665955050066404,0.20181123732812375,6.302687583776907e-05,0.005160668897180163,0.0,0.0,0.0,0.0,1.020742870525235e-34,20.0,0.0,-18.85604829040577,20.0,20.0,0.0,0.0,0.0,0.0,0.0,False,0.1,-0.09006664901971817,-0.008380142040550709,25.354914349416788,50.16089306504715,187.74331004567065,213.28035530868772,-0.9006664752960205,-0.08380141854286194,-0.031353222451513715,-0.0008621903437348831,-0.03135322245151384,-0.0008621903437347964,0.0277099609375,0.0,-0.387939453125,-0.038673595241151396,0.0007051148801176126,-3.6304715679464934e-05,5975.810153029156,False,True,True,Omega_safe_one_step_QP,False,0.3602294921875,0.0,3.1365075008405974,False,False,False,1.2887382605820903,6.977910522393495e-06,3.838873992252728e-05,0.0015379179535659358,0.16627551297846574,2.867058970493785e-05,0.002347560760189566,0.0,0.0,0.0,0.0,2.4997007320469653e-07,20.0,0.0,-18.87992345186656,20.0,20.0,0.0,0.0,0.0,0.0,0.0,False,12.4511625289515,-0.20879444871232045,0.24706067667064976,0.17969488410505943
211,16.994367761389185,-2357.156593482692,8.59225411190218,7.1647960275950044,40.599176578003245,22.800991071483633,0.1,0.0,0.0,25.42687133022087,50.17701854770042,186.60321310582418,212.1692345986531,0.0,0.0,0.0,0.0,-1.3877787807814457e-17,-2.0816681711721685e-17,0.055419921875,0.0,nan,nan,0.0025191862597968087,-8.224951621521289e-05,5887.391504873226,False,True,True,Omega_safe_one_step_QP,False,0.33251953125,0.0,0.0,False,False,False,1.7308315013617404,2.6388594013030345e-05,0.00014517596194969613,6.930564866678859e-05,0.0074931385368481734,8.455614625230371e-06,0.000692349522690742,0.0,0.0,0.0,0.0,2.2340787354891934e-34,20.0,19.664314847482153,-37.941814010141904,39.66431484748215,39.66431484748215,0.0,0.0,0.0,0.0,0.0,False,0.1,-0.08922198414802551,-0.006104323547333479,25.359732332684274,50.159095243925165,187.10910498172413,213.12535416392186,-0.8922198414802551,-0.061043236404657364,-0.030409098030025866,0.0003012735137212369,-0.03040909803002581,0.00030127351372129935,0.0277099609375,0.0,-0.387939453125,-0.028437593379313248,0.002514441198591521,-8.249289531380355e-05,5904.385872634615,False,True,True,Omega_safe_one_step_QP,False,0.3602294921875,0.0,3.041059040416341,False,False,False,1.6458596625547943,2.4516483929217245e-06,1.3487661132271355e-05,4.022160631354149e-05,0.004348650854289722,2.4025354878727683e-06,0.00019672068465761722,0.0,0.0,0.0,0.0,2.2450190708567247e-08,20.0,1.1691660932560877,-19.527865312351565,21.169166093256088,21.169166093256088,0.0,0.0,0.0,0.0,0.0,False,16.994367761389185,-0.28865700110689557,0.22525489469211948,0.17761714204080298
212,35.570033137370956,-2321.5865603453212,10.569426061946945,3.5338307956996946,37.73988270295906,20.956250898236892,0.1,0.0,0.0,25.45768098939233,50.17411152528788,180.56108946067053,210.7056251002604,0.0,0.0,0.0,0.0,-2.7755575615628914e-17,0.0,0.055419921875,0.0,nan,nan,-0.0015217578325625683,-0.00012335446780990626,5939.632477081134,False,True,True,Omega_safe_one_step_QP,False,0.33251953125,0.0,0.0,False,False,False,1.469626640322199,9.747111159664955e-06,5.3623404041012824e-05,0.0036507258143324848,0.3947065616305231,0.00021421527637853708,0.01754004302788395,0.0,0.0,0.0,0.0,6.259272319258517e-36,20.0,0.0,-18.94267358774025,20.0,20.0,0.0,0.0,0.0,0.0,0.0,False,0.1,-0.08427132666110992,-0.002360172802582383,25.39116593276466,50.1562768708067,181.8131704078078,211.93848452716793,-0.8427132368087769,-0.023601727560162544,-0.023692847693458655,0.0029209832410025463,-0.023692847693458544,0.002920983241002463,0.0277099609375,0.0,-0.387939453125,-0.011641022888184057,-0.0015168563783426433,-0.0001234410545197988,5975.202510218505,False,True,True,Omega_safe_one_step_QP,False,0.3602294921875,0.0,2.3872226015175877,False,False,False,1.2917764746353442,6.4226774644274695e-06,3.533414393849393e-05,0.002804692301120231,0.3032357155556971,0.00014086595346483955,0.01153416752860834,0.0,0.0,0.0,0.0,5.197089763865148e-07,20.0,0.0,-19.023029262301876,20.0,20.0,0.0,0.0,0.0,0.0,0.0,False,35.570033137370956,-0.5988591596302074,0.18320933972997086,0.17415739131935482
213,14.52471310034798,-2307.0618472449733,12.265407217537003,6.169153953947357,41.133073943710855,24.349169811518088,0.1,0.0,0.0,25.422887913649394,50.16945192452706,187.4723519475989,211.90789710721228,0.0,0.0,0.0,0.0,-9.71445146547012e-17,2.7755575615628914e-17,0.055419921875,0.0,nan,nan,-0.0015372242544369687,1.5010479903917583e-05,6275.93358287469,False,True,True,Omega_safe_one_step_QP,False,0.33251953125,0.0,0.0,False,False,False,-0.21187888864557863,4.819513381753009e-06,2.651439068636755e-05,0.004776554916322326,0.5164281469890885,0.00014454579787001178,0.011835474841017673,0.0,0.0,0.0,0.0,5.585196838722984e-35,0.0,0.0,-0.7401690248663712,0.0,0.0,0.0,0.0,0.0,0.0,0.0,False,0.1,-0.0906892865896225,-0.011182996444404125,25.357743358843322,50.15181994384899,187.84639416764196,212.68462999691582,-0.9068928360939026,-0.1118299588561058,-0.03169439676407301,-0.001529318202518913,-0.031694396764072874,-0.0015293182025187882,0.0277099609375,0.0,-0.387939453125,-0.051254189931090335,-0.001527352911680499,1.5158191578967242e-05,6290.458295975038,False,True,True,Omega_safe_one_step_QP,False,0.3602294921875,0.0,3.1731271648060733,False,False,False,-0.2845024541473185,1.8144001019635945e-05,9.981861103858907e-05,0.0036399788936227417,0.3935446337462637,5.5673306202529505e-05,0.004558555313167039,0.0,0.0,0.0,0.0,8.382997046765638e-07,0.0,0.0,-0.6827063001174924,0.0,0.0,0.0,0.0,0.0,0.0,0.0,False,14.52471310034798,-0.2314350989943864,0.16528813884609247,0.17225681454052336
214,17.205146658523518,-2289.8567005864497,11.785718729685335,5.482463321503667,38.55153185014586,28.20154358427268,0.1,0.0,0.0,25.39359278468798,50.16864467454504,193.25443622191978,213.09049416323865,0.0,0.0,0.0,0.0,-2.42861286636753e-17,-4.85722573273506e-17,0.26014284641297625,-0.05033574002966734,nan,nan,-0.0015830434915996392,0.00011441039952313908,6372.407297037732,True,True,True,Z_mode_existing_controller,False,0.05060201485354432,0.0,0.0,False,False,False,-0.6942474594607893,7.301582699106878e-06,4.0169411510695814e-05,0.0033432498555348816,0.3614630959052723,0.00013985357969222302,0.011451273909478131,0.0,0.0,0.0,0.0,1.1134282490988707e-34,0.0,0.0,-1.0672019986870505,0.0,0.0,0.0,0.0,0.0,0.0,0.0,False,0.1,-0.09217299520969391,-0.0009925526101142168,25.32917692474467,50.151092272024144,193.74506719980982,213.82887778744256,-0.9217299222946167,-0.00992552563548088,-0.030990865988028533,-0.001997535708832869,-0.030990865988028617,-0.0019975357088327338,0.23243288547547625,-0.05033574002966734,-0.32560894130464346,-0.05634493904141065,-0.0015756419045021381,0.00011463070953576793,6389.6124436962555,True,True,True,Z_mode_existing_controller,False,0.07831197579104432,0.0,3.1055175471988825,False,False,False,-0.7802731927534069,3.428930422178174e-05,0.00018864145329322503,0.0034794343540424416,0.3761869940797849,0.00013093030061253445,0.0107206318112415,0.0,0.0,0.0,0.0,7.141831860602848e-09,0.0,0.0,-1.1673694672395585,0.0,0.0,0.0,0.0,0.0,0.0,0.0,False,17.205146658523518,-0.26999445980989756,0.14700711087262275,0.17016256543418393
215,4.17056170719934,-2285.6861388792504,7.565307269872814,5.250405523260383,45.593546643080984,23.263588622710465,0.1,0.0,0.0,25.36839497707017,50.1707253460761,198.19480552085642,214.25936236454893,0.0,0.0,0.0,0.0,5.551115123125783e-17,1.1796119636642288e-16,0.26014284641297625,-0.05033574002966734,nan,nan,0.002732443258982411,-7.128820191317333e-05,6053.643935207172,True,True,True,Z_mode_existing_controller,False,0.05060201485354432,0.0,0.0,False,False,False,0.8995693496920103,7.182628959423121e-06,3.951499151478486e-05,0.0024407248809875754,0.26388454643143905,0.00013662528720343505,0.011186939870761511,0.0,0.0,0.0,0.0,3.4100997077806497e-34,20.0,0.0,-19.375541651601704,20.0,20.0,0.0,0.0,0.0,0.0,0.0,False,0.1,-0.09502068161964417,-0.0007651280029676855,25.304762443197262,50.15327334387175,198.1669957221253,214.9338312025869,-0.9502068161964417,-0.0076512801460921764,-0.031975950860024194,-0.0019152248543090333,-0.031975950860024194,-0.0019152248543091045,0.23243288547547625,-0.05033574002966734,-0.32560894130464346,-0.05482921893572101,0.002723178081695095,-7.141135431689783e-05,6057.814496914371,True,True,True,Z_mode_existing_controller,False,0.07831197579104432,0.0,3.2033256463326474,False,False,False,0.8787165411560136,9.537960652462687e-06,5.2472769563845796e-05,0.0019553451856467187,0.21140661180235207,0.00012209220496391332,0.009996964570594135,0.0,0.0,0.0,0.0,9.771672818069525e-09,0.0,0.0,0.6572604822418306,0.0,0.0,0.0,0.0,0.0,0.0,0.0,False,4.17056170719934,-0.06889340952056858,0.13358057103067397,0.169091976177374
216,0.028727926236570056,-2285.657410953014,10.199459130925376,6.048939004946576,37.71298987857202,22.276900009882958,0.1,0.0,0.0,25.412009359533663,50.169853928033874,189.60443813535144,212.36853622861972,0.0,0.0,0.0,0.0,6.938893903907228e-17,8.326672684688674e-17,0.055419921875,0.0,nan,nan,0.00032537219550407277,-8.807928691301117e-05,6121.666513443727,False,True,True,Omega_safe_one_step_QP,False,0.33251953125,0.0,0.0,False,False,False,0.5594564585092349,6.7096126539307725e-06,3.691270822777706e-05,0.007379441181794761,0.7978451419676029,0.00035752234763130133,0.029274090377204378,0.0,0.0,0.0,0.0,1.396299209680746e-35,20.0,0.0,-20.2676996865438,20.0,20.0,0.0,0.0,0.0,0.0,0.0,False,0.1,-0.09150447696447372,-0.0003240346850361675,25.348487334549404,50.1524141813744,189.39685523372648,213.02291866903525,-0.9150447845458984,-0.0032403466757386923,-0.030820197112765825,-0.001614004148026718,-0.0308201971127657,-0.001614004148026843,0.23243288547547625,-0.05033574002966734,-0.32560894130464346,-0.052311871838473904,0.0003269311328244892,-8.81515685306161e-05,6121.695241369964,True,True,True,Z_mode_existing_controller,False,0.07831197579104432,0.0,3.086242957804151,False,False,False,0.559312818878052,9.008840501073174e-06,4.95618328566074e-05,0.007691536418625234,0.8315880314902837,0.0003651586710884794,0.029899355971134554,0.0,0.0,0.0,0.0,1.4265006381952346e-08,0.0,0.0,-0.3022241446812294,0.0,0.0,0.0,0.0,0.0,0.0,0.0,False,0.028727926236570056,-0.00046928277085138436,0.11966232421229439,0.1683275415632093
217,-7.256336170518807,-2292.9137471235326,9.17616216693788,5.326876652280298,40.713970038895425,28.25477675294112,0.1,0.0,0.0,25.41241549607392,50.167315395315434,189.5516555498156,212.205357180459,0.0,0.0,0.0,0.0,-1.1102230246251565e-16,1.1102230246251565e-16,0.055419921875,0.0,nan,nan,0.0010426004110069432,8.954045851645911e-05,6016.582957948264,False,True,True,Omega_safe_one_step_QP,False,0.33251953125,0.0,0.0,False,False,False,1.084874235986549,9.694106864503096e-06,5.333180269484831e-05,2.786001335849477e-07,3.012148991452695e-05,2.6627401758636633e-06,0.00021802636136086236,0.0,0.0,0.0,0.0,3.331858803789918e-34,20.0,0.0,-18.91542724366742,20.0,20.0,0.0,0.0,0.0,0.0,0.0,False,0.1,-0.0924484059214592,0.00011187005293322727,25.349020347397442,50.149860756592226,189.03373762448527,212.83413844219626,-0.9244840145111084,0.001118700485676527,-0.031163675412790894,-0.0013855352596970835,-0.031163675412790914,-0.0013855352596971598,0.23243288547547625,-0.05033574002966734,-0.32560894130464346,-0.04966046425742868,0.001040789462504521,8.959413219845696e-05,6009.3266217777455,True,True,True,Z_mode_existing_controller,False,0.07831197579104432,0.0,3.119446061706552,False,False,False,1.1211559168391432,5.672711580264773e-06,3.1208231864170764e-05,1.318543981410555e-05,0.001425573948111849,3.5637974045379087e-06,0.00029180533188397323,0.0,0.0,0.0,0.0,1.701753755228123e-09,20.0,0.0,-18.88059267237447,20.0,20.0,0.0,0.0,0.0,0.0,0.0,False,-7.256336170518807,0.12060560323418719,0.08547400730774338,0.16811702224478786
218,-7.386230723112931,-2300.2999778466456,8.111772273668313,5.384168745548088,41.572485164290946,27.172186468503554,0.1,0.0,0.0,25.423543975521323,50.168327707342236,187.34331736851738,211.78594884218035,0.0,0.0,0.0,0.0,-2.7755575615628914e-17,-6.245004513516506e-17,0.055419921875,0.0,nan,nan,0.0021814283121701786,4.5829529421133504e-05,5857.390933722555,False,True,True,Omega_safe_one_step_QP,False,0.33251953125,0.0,0.0,False,False,False,1.8808343571150954,2.060872884047527e-05,0.00011337822820340811,0.00048767575229795155,0.05272617807242768,1.7590335421766462e-05,0.0014403045636553306,0.0,0.0,0.0,0.0,3.702600318084461e-34,20.0,5.999602943846987,-24.17304844759618,25.999602943846988,25.999602943846988,0.0,0.0,0.0,0.0,0.0,False,0.1,-0.08673965185880661,-0.004086221568286419,25.359973463074716,50.15081187274911,186.8063796117891,212.6715061035693,-0.8673964738845825,-0.04086221382021904,-0.029195178842691766,0.00156434767753965,-0.029195178842691752,0.001564347677539553,0.0277099609375,0.0,-0.387939453125,-0.019580844102907925,0.0021765922913972837,4.590540829931119e-05,5850.004702999442,False,True,True,Omega_safe_one_step_QP,False,0.3602294921875,0.0,2.9237059553124967,False,False,False,1.91776551073066,1.6968487676360715e-06,9.335156393822376e-06,0.0004961123716721778,0.05363832244983148,2.644927756727524e-06,0.0002165678724829427,0.0,0.0,0.0,0.0,1.2576788089892463e-07,20.0,0.2007135041971775,-18.33681234471311,20.20071350419718,20.20071350419718,0.0,0.0,0.0,0.0,0.0,False,-7.386230723112931,0.12610103724831545,0.060056291068063206,0.16793734975750044
219,8.287140106189327,-2292.0128377404562,10.847732960181364,3.6938244998967473,38.56371635744561,20.244647093606734,0.1,0.0,0.0,25.44992547146072,50.16812054131422,182.14238410579685,210.65725345666215,0.0,0.0,0.0,0.0,0.0,1.3877787807814457e-16,0.055419921875,0.0,nan,nan,-0.001717848742249042,-0.00013805722682425645,6005.532437995821,False,True,True,Omega_safe_one_step_QP,False,0.33251953125,0.0,0.0,False,False,False,1.1401268357487653,6.149932888476837e-06,3.3833648832136875e-05,0.002704970680327277,0.2924540847060501,0.00012739532732900763,0.010431186611330011,0.0,0.0,0.0,0.0,4.126304905849653e-34,20.0,0.0,-19.162792269217448,20.0,20.0,0.0,0.0,0.0,0.0,0.0,False,0.1,-0.08746003359556198,-0.005469859577715397,25.3861196198135,50.15053372053062,182.2687547866247,211.62669109561475,-0.874600350856781,-0.05469859391450882,-0.025111917431273723,0.001965190373205347,-0.025111917431273834,0.001965190373205347,0.0277099609375,0.0,-0.387939453125,-0.02599523273676087,-0.0017128861250495433,-0.00013819223724798784,6013.81957810201,False,True,True,Omega_safe_one_step_QP,False,0.3602294921875,0.0,2.5188695287331715,False,False,False,1.0986911352178186,8.142954103051333e-06,4.479818797617511e-05,0.0020590039053948383,0.22261391109998047,0.00010916384008470751,0.008938384248522512,0.0,0.0,0.0,0.0,1.6833698620643269e-07,0.0,0.0,0.8670938733443533,0.0,0.0,0.0,0.0,0.0,0.0,0.0,False,8.287140106189327,-0.1379917632907654,0.05453631594150286,0.16660187658609293
220,-2.978034805720199,-2294.9908725461764,8.780969976176353,5.686017484951714,42.98246407339644,25.141254753114552,0.1,0.0,0.0,25.4135169503051,50.16342887683338,189.37248788091998,211.92579675829253,0.0,0.0,0.0,0.0,5.551115123125783e-17,1.0408340855860843e-16,0.055419921875,0.0,nan,nan,0.0016738787268066675,-1.8661437035487338e-06,5972.264294576766,False,True,True,Omega_safe_one_step_QP,False,0.33251953125,0.0,0.0,False,False,False,1.3064675528440421,1.2129460135982502e-05,6.67298167648583e-05,0.005227440059904967,0.5651766243507962,0.00016092021081113246,0.013176219125921401,0.0,0.0,0.0,0.0,4.2851941262616e-35,20.0,0.0,-19.27195202044944,20.0,20.0,0.0,0.0,0.0,0.0,0.0,False,0.1,-0.09166465699672699,-0.0006846963660791516,25.350160909163158,50.145870458206346,189.0362480541496,212.53661717126954,-0.9166465401649475,-0.006846963427960873,-0.030884340276819973,-0.0018177772542632142,-0.030884340276820077,-0.0018177772542633044,0.23243288547547625,-0.05033574002966734,-0.32560894130464346,-0.054504077352199,0.00167053744852061,-1.882239892076398e-06,5969.2862597710455,True,True,True,Z_mode_existing_controller,False,0.07831197579104432,0.0,3.0937789004396086,False,False,False,1.321357726872643,2.6781335711785467e-06,1.4733661718909156e-05,0.004579896512599502,0.49516597439742377,8.279654631565355e-05,0.006779418393908044,0.0,0.0,0.0,0.0,4.7631709578259986e-07,20.0,0.0,-19.180602875897502,20.0,20.0,0.0,0.0,0.0,0.0,0.0,False,-2.978034805720199,0.049864417561434164,0.0528360103806987,0.16609729563232495
221,0.08119243252804154,-2294.9096801136484,9.81601565097122,5.534302893068172,38.14710678785703,24.53590587874846,0.1,0.0,0.0,25.433978082525297,50.16259566849742,185.34604667228706,211.0119639272051,0.0,0.0,0.0,0.0,-1.3877787807814457e-17,7.632783294297951e-17,0.055419921875,0.0,nan,nan,0.00043628309824298404,-2.3033129962816328e-05,5980.807323669793,False,True,True,Omega_safe_one_step_QP,False,0.33251953125,0.0,0.0,False,False,False,1.2637524073789064,1.1234927351164897e-05,6.180857475145998e-05,0.0016212228806577308,0.1752822154840868,8.350904431732726e-05,0.006837758050247746,0.0,0.0,0.0,0.0,5.585196838722984e-35,20.0,0.0,-18.91842937473018,20.0,20.0,0.0,0.0,0.0,0.0,0.0,False,0.1,-0.08548814058303833,-0.012057675048708916,25.370571038888425,50.1450042450446,185.14071274650357,211.64745132069882,-0.8548814058303833,-0.12057674676179886,-0.02717750539025468,-0.0011529065333769073,-0.027177505390254805,-0.0011529065333769975,0.0277099609375,0.0,-0.387939453125,-0.05862527287143113,0.00043709396369716715,-2.30790328466957e-05,5980.888516102321,False,True,True,Omega_safe_one_step_QP,False,0.3602294921875,0.0,2.720194832566279,False,False,False,1.2633464452162662,2.7321692041241165e-06,1.5030936935184802e-05,0.0015175195333116949,0.16407009117175633,7.906159098211517e-05,0.006473598573935337,0.0,0.0,0.0,0.0,1.4182677951749249e-07,20.0,0.0,-18.907212417293138,20.0,20.0,0.0,0.0,0.0,0.0,0.0,False,0.08119243252804154,-0.0013575497108343942,0.044050251141931895,0.1653755846323954
222,2.524174326413231,-2292.385505787235,9.16899527889612,5.195502075920086,41.43606485019033,24.486544439465966,0.1,0.0,0.0,25.432547659663623,50.16071629721161,185.64756304685017,210.96236834011248,0.0,0.0,0.0,0.0,-1.249000902703301e-16,8.326672684688674e-17,0.055419921875,0.0,nan,nan,0.001003481773016189,-2.0847329818764583e-05,5923.325070065741,False,True,True,Omega_safe_one_step_QP,False,0.33251953125,0.0,0.0,False,False,False,1.551163675399166,1.3936457439431942e-05,7.667095162180609e-05,9.091212412967988e-06,0.0009829171992286245,2.459722259062175e-07,2.0140316316356402e-05,0.0,0.0,0.0,0.0,1.237409989268799e-34,20.0,0.0,-18.449916053068,20.0,20.0,0.0,0.0,0.0,0.0,0.0,False,0.1,-0.08658356964588165,-0.01364302821457386,25.369258181308464,50.14311150786018,185.54714885846985,211.5700090978683,-0.8658356666564941,-0.1364302784204483,-0.02794402802732346,-0.0017467782404362447,-0.027944028027323486,-0.0017467782404361198,0.0277099609375,0.0,-0.387939453125,-0.06549414290284472,0.001001795238259951,-2.0910044798004134e-05,5925.849244392154,False,True,True,Omega_safe_one_step_QP,False,0.3602294921875,0.0,2.7998570260159754,False,False,False,1.5385428037670998,1.4464265331073075e-06,7.957466897619815e-06,1.651903131102716e-05,0.0017859928085107812,5.997297876930785e-07,4.910614433795938e-05,0.0,0.0,0.0,0.0,9.402405575840412e-09,20.0,0.0,-18.463300262055053,20.0,20.0,0.0,0.0,0.0,0.0,0.0,False,2.524174326413231,-0.0426141448688923,0.029276936990143353,0.16449156191022757
223,9.08777256304893,-2283.2977332241862,10.280052843659007,4.810809381377896,40.95732769905467,21.724854069293706,0.1,0.0,0.0,25.439880210312246,50.158932417619035,184.22044427438593,210.54905509513907,0.0,0.0,0.0,0.0,2.7755575615628914e-17,2.7755575615628914e-17,0.055419921875,0.0,nan,nan,-0.0003773101723518668,-9.0923250133683e-05,5999.614247981467,False,True,True,Omega_safe_one_step_QP,False,0.33251953125,0.0,0.0,False,False,False,1.169717785820535,7.876534870384458e-06,4.333249153303702e-05,0.000203666799071984,0.022019901265769543,1.7082783847044933e-05,0.0013987460127901047,0.0,0.0,0.0,0.0,2.6385240238105133e-34,20.0,0.0,-18.85374419394956,20.0,20.0,0.0,0.0,0.0,0.0,0.0,False,0.1,-0.08664718270301819,-0.016468673944473267,25.37675544003189,50.14133143396849,184.39510047225838,211.1025467737227,-0.8664718270301819,-0.16468673944473267,-0.02687359069018741,-0.002586050995610087,-0.026873590690187396,-0.0025860509956099897,0.0277099609375,0.0,-0.387939453125,-0.07900077604217633,-0.00037490352432966085,-9.09902622170469e-05,6008.702020544516,False,True,True,Omega_safe_one_step_QP,False,0.3602294921875,0.0,2.699773205911221,False,False,False,1.1242789230052903,3.745779162826926e-06,2.0607278013599607e-05,0.0001327215484172466,0.014349493414264775,2.1852102449560635e-05,0.0017892599617299028,0.0,0.0,0.0,0.0,1.8502148503121427e-08,20.0,0.0,-18.891880456150865,20.0,20.0,0.0,0.0,0.0,0.0,0.0,False,9.08777256304893,-0.15147261452861663,0.004573636191092487,0.16313714772722032
224,3.07304813956398,-2280.2246850846223,9.482791731176075,4.652792004028422,36.57280474265136,24.507149738430076,0.1,0.0,0.0,25.425325894859117,50.15553017445782,187.12709114189184,210.96831983991652,0.0,0.0,0.0,0.0,-1.1102230246251565e-16,6.938893903907228e-18,0.055419921875,0.0,nan,nan,0.0002747376530378772,-3.358957149463882e-05,5991.320409645166,False,True,True,Omega_safe_one_step_QP,False,0.33251953125,0.0,0.0,False,False,False,1.2111869775020387,6.894366472288449e-06,3.792912514224817e-05,0.0008448596012381936,0.09134392589990648,1.757829262133007e-05,0.0014393184937475185,0.0,0.0,0.0,0.0,1.9692633681359486e-34,20.0,0.0,-18.88163419601676,20.0,20.0,0.0,0.0,0.0,0.0,0.0,False,0.1,-0.08967841416597366,-0.009476556442677975,25.362649404211652,50.1379782876226,187.04504072831057,211.80760119284975,-0.8967841267585754,-0.0947655588388443,-0.030516874264344587,7.56327327908271e-05,-0.030516874264344657,7.563273279076466e-05,0.0277099609375,0.0,-0.387939453125,-0.04392277862361934,0.0002742154937794062,-3.3660552211275756e-05,5994.39345778473,False,True,True,Omega_safe_one_step_QP,False,0.3602294921875,0.0,3.0516967987925736,False,False,False,1.1958217368042188,4.184404693366025e-06,2.3020361609499648e-05,0.0007022183360645947,0.07592193964658021,4.971017339305644e-05,0.004070291320853446,0.0,0.0,0.0,0.0,2.0358075471757445e-07,20.0,0.0,-18.88419371810558,20.0,20.0,0.0,0.0,0.0,0.0,0.0,False,3.07304813956398,-0.051291667436393705,-0.05294174510152534,0.16222315886671543
225,4.803966178585142,-2275.420718906037,7.864225183726133,5.851811896977903,43.975749111509266,26.127049215741824,0.1,0.0,0.0,25.422966424872936,50.15373471883317,187.6107702976596,210.96246283333073,0.0,0.0,0.0,0.0,-1.249000902703301e-16,-5.551115123125783e-17,0.055419921875,0.0,nan,nan,0.0026865249362404485,1.811506277691298e-05,5839.038975560068,False,True,True,Omega_safe_one_step_QP,False,0.33251953125,0.0,0.0,False,False,False,1.9725941479275297,2.2031385993608027e-05,0.00012120492865697071,2.3394552572421308e-05,0.0025293554970611527,3.4304526145929213e-09,2.8088700060191177e-07,0.0,0.0,0.0,0.0,4.092601131822876e-35,20.0,19.2033462643313,-37.23340295771649,39.2033462643313,39.2033462643313,0.0,0.0,0.0,0.0,0.0,False,0.1,-0.09039723873138428,-0.004117412958294153,25.360484734665185,50.13618253942321,187.60087129827252,212.05269903323887,-0.9039723873138428,-0.04117412865161896,-0.031338184387101106,0.0023163275377901943,-0.03133818438710122,0.0023163275377902776,0.0277099609375,0.0,-0.387939453125,-0.018931997344008945,0.0026798701589078916,1.8014659097819515e-05,5843.842941738653,False,True,True,Omega_safe_one_step_QP,False,0.3602294921875,0.0,3.142367219060002,False,False,False,1.9485743170346042,3.8118258436462003e-07,2.0970631605563926e-06,3.089476225042321e-05,0.0033402578008961486,6.007295136341117e-06,0.0004918800234695977,0.0,0.0,0.0,0.0,5.695263526894202e-08,20.0,1.9787459101318239,-20.034005884937383,21.978745910131824,21.978745910131824,0.0,0.0,0.0,0.0,0.0,False,4.803966178585142,-0.08227323363814944,-0.0935177245221619,0.1612116989508251
226,26.591430588908224,-2248.829288317129,8.631463054084485,5.693623736652388,40.426282485269006,29.39180135679255,0.1,0.0,0.0,25.457189169427295,50.15305319899309,180.86961307486976,209.47754017844687,0.0,0.0,0.0,0.0,-2.7755575615628914e-17,-1.3877787807814457e-17,0.055419921875,0.0,nan,nan,0.0017816670841787818,0.00011686138795181694,5757.316875605558,False,True,True,Omega_safe_one_step_QP,False,0.33251953125,0.0,0.0,False,False,False,2.381204647700079,3.2080938673113485e-05,0.00017649220454180715,0.004544320070237159,0.4913195460557614,0.00022049952909873317,0.018054600462693395,0.0,0.0,0.0,0.0,1.1170393677445967e-34,20.0,69.22837604013999,-87.3567220311629,89.22837604013999,89.22837604013999,0.0,0.0,0.0,0.0,0.0,False,0.1,-0.08366173505783081,-0.011856097728013992,25.39486806697266,50.135504433386316,181.8012127394778,210.36585921528942,-0.8366173505783081,-0.11856097728013992,-0.02349489632544012,1.865357542635976e-05,-0.023494896325440176,1.8653575426241797e-05,0.0277099609375,0.0,-0.387939453125,-0.05890363223175217,0.0017776430772995947,0.00011668326130278249,5783.908306194467,False,True,True,Omega_safe_one_step_QP,False,0.3602294921875,0.0,2.349490373036374,False,False,False,2.2482474947555375,2.240211458761492e-06,1.2324447954136542e-05,0.0033636039398600988,0.36366372423172827,0.0002845428571419726,0.02329849692291735,0.0,0.0,0.0,0.0,6.679647325552025e-07,20.0,28.375768572872413,-46.51449629168421,48.37576857287242,48.37576857287242,0.0,0.0,0.0,0.0,0.0,False,26.591430588908224,-0.4618719303358011,-0.13667127936026097,0.15868045832946304
227,32.65865587313692,-2216.170632443992,9.314627213745311,5.357308068604668,43.491401688392614,21.216618418591057,0.1,0.0,0.0,25.472265723614672,50.1533019251675,177.8919448934319,208.84993022361263,0.0,0.0,0.0,0.0,-1.3877787807814457e-16,-1.3877787807814457e-16,0.055419921875,0.0,nan,nan,0.0009899591090663726,-0.00010883555567203795,5752.7669392417865,False,True,True,Omega_safe_one_step_QP,False,0.33251953125,0.0,0.0,False,False,False,2.4039543295189376,3.200949225047714e-05,0.00017609914445194504,0.0008866507798747388,0.09586227465164197,3.938942554070387e-05,0.0032252238519474685,0.0,0.0,0.0,0.0,2.792598419361492e-34,20.0,72.55914427280487,-90.25445354093398,92.55914427280487,92.55914427280487,0.0,0.0,0.0,0.0,0.0,False,0.1,-0.08348458260297775,-0.012936010025441647,25.41090651931072,50.1359109550275,179.0712863900194,209.74648277525327,-0.834845781326294,-0.12936009466648102,-0.020953948665896865,8.165797145938403e-05,-0.020953948665896838,8.1657971459273e-05,0.0277099609375,0.0,-0.387939453125,-0.06440524489356031,0.0009889785144659685,-0.00010913131021302622,5785.425595114923,False,True,True,Omega_safe_one_step_QP,False,0.3602294921875,0.0,2.095410777669485,False,False,False,2.2406610501532533,2.4218973285180484e-06,1.332398665261934e-05,0.0007452497873467242,0.08057438330884037,3.83627174471853e-05,0.003141156532184662,0.0,0.0,0.0,0.0,6.460384562458255e-08,20.0,31.083812494421213,-48.92688037269948,51.08381249442121,51.08381249442121,0.0,0.0,0.0,0.0,0.0,False,32.65865587313692,-0.5677034411103977,-0.17719193988866025,0.15574381898228468
228,35.420658308485145,-2180.749974135507,8.725468039066858,6.908041781755803,39.42766063110667,27.63864828791542,0.1,0.0,0.0,25.473003233731134,50.14857395725163,177.79959629874406,208.552438496555,0.0,0.0,0.0,0.0,-8.326672684688674e-17,6.938893903907228e-17,0.055419921875,0.0,nan,nan,0.0022553142244300262,6.257673429865742e-05,5693.996073761066,False,True,True,Omega_safe_one_step_QP,False,0.33251953125,0.0,0.0,False,False,False,2.697808656922539,4.8079323964652764e-05,0.00026450678285523394,8.528262940820541e-07,9.220526309691578e-05,8.850132766773304e-06,0.0007246528452871932,0.0,0.0,0.0,0.0,4.641491165973239e-34,20.0,186.3443979369429,-203.64767064491159,206.3443979369429,206.3443979369429,0.0,0.0,0.0,0.0,0.0,False,0.1,-0.07688191533088684,0.003012755885720253,25.412848422780687,50.131377247800884,179.0979869712482,210.08520912205088,-0.7688191533088684,0.03012755885720253,-0.019180949425494587,0.006513090087708201,-0.019180949425494614,0.006513090087708236,0.0277099609375,0.0,-0.387939453125,0.0162879685453139,0.0022518784089741255,6.230065995961788e-05,5729.4167320695515,False,True,True,Omega_safe_one_step_QP,False,0.3602294921875,0.0,2.0256583210254995,False,False,False,2.5207053653801132,8.581532245996894e-06,4.7211010870823954e-05,7.129210379554702e-08,7.707908671221828e-06,1.1473553801485749e-05,0.000939459737713482,0.0,0.0,0.0,0.0,4.4506845372385466e-07,20.0,116.16616377593729,-133.6464532342829,136.1661637759373,136.1661637759373,0.0,0.0,0.0,0.0,0.0,False,35.420658308485145,-0.6220702973735749,-0.19121075007511457,0.15264378653935173
229,34.68416978613368,-2146.065804349373,11.547903900265755,4.211768890463874,40.19877375047093,28.82328284683747,0.1,0.0,0.0,25.492658761021573,50.14727212218846,173.93748407198404,207.64677651880982,0.0,0.0,0.0,0.0,-2.7755575615628914e-17,-1.5265566588595902e-16,0.055419921875,0.0,nan,nan,-0.002144407275021279,0.00013308902808730058,5871.067525378521,False,True,True,Omega_safe_one_step_QP,False,0.33251953125,0.0,0.0,False,False,False,1.8124513988352646,1.3731290589976301e-05,7.554223310367649e-05,0.0014915910852089228,0.16126677777065615,8.202236179333162e-05,0.006716027817555997,0.0,0.0,0.0,0.0,5.238529448733282e-34,20.0,0.5416829037805725,-18.897289852766622,20.541682903780572,20.541682903780572,0.0,0.0,0.0,0.0,0.0,False,0.1,-0.09165732562541962,-0.014671489596366882,25.433763232450822,50.13027033472345,175.15523040228396,208.6196796673749,-0.9165732264518738,-0.14671489596366882,-0.019260688561183875,0.0010128131325432,-0.019260688561184014,0.0010128131325432554,0.0277099609375,0.0,-0.387939453125,-0.06653255495448065,-0.0021349489945637202,0.00013340249364435686,5905.751695164655,False,True,True,Omega_safe_one_step_QP,False,0.3602294921875,0.0,1.9287299300119198,False,False,False,1.6390305499045963,1.4775117282322227e-07,8.128481052539368e-07,0.001554532936211057,0.16807187978466637,0.00021477765825228976,0.01758609110825658,0.0,0.0,0.0,0.0,3.025940491327944e-07,20.0,0.0,-18.546628536430482,20.0,20.0,0.0,0.0,0.0,0.0,0.0,False,34.68416978613368,-0.5907642798555193,-0.20166522885716917,0.14960124498968452
230,13.912430915961522,-2132.1533734334116,10.12008114617985,6.064973485912239,37.81325849797723,23.227527144134445,0.1,0.0,0.0,25.44312814632291,50.146784416490746,183.70498324463972,209.69900524853094,0.0,0.0,0.0,0.0,-1.3877787807814457e-17,6.938893903907228e-17,0.055419921875,0.0,nan,nan,0.0004137206901358467,-5.989772006369568e-05,5971.987815813252,False,True,True,Omega_safe_one_step_QP,False,0.33251953125,0.0,0.0,False,False,False,1.3078499466616085,1.203125553632473e-05,6.61895474645628e-05,0.00954040400878293,1.031482574804457,0.00042116427590927706,0.03448512004439128,0.0,0.0,0.0,0.0,4.949639957075196e-34,20.0,0.0,-19.758183937734703,20.0,20.0,0.0,0.0,0.0,0.0,0.0,False,0.1,-0.08620863407850266,-0.024570254608988762,25.38561507617513,50.129991807855156,184.10321983246837,210.0276870371876,-0.862086296081543,-0.24570254981517792,-0.026449377881988617,-0.0052807057228092605,-0.026449377881988617,-0.005280705722809156,0.0277099609375,0.0,-0.387939453125,-0.11846391072955507,0.0004156514798562553,-5.992825780759034e-05,5985.900246729214,False,True,True,Omega_safe_one_step_QP,False,0.3602294921875,0.0,2.697138193113464,False,False,False,1.238287792081801,2.2202345514178507e-07,1.2214545670636292e-06,0.008006651484269187,0.8656574167040411,0.00019824847534469,0.01623267418899474,0.0,0.0,0.0,0.0,9.128563373372647e-07,20.0,0.0,-19.64360443312214,20.0,20.0,0.0,0.0,0.0,0.0,0.0,False,13.912430915961522,-0.23296147522476077,-0.20287567689133912,0.14801522192533123
231,12.37449151549663,-2119.778881917915,12.795699232918784,4.255982403684389,36.867939900317765,22.836129434193253,0.1,0.0,0.0,25.440049318224673,50.14395483478253,184.34264270844338,209.66658997330316,0.0,0.0,0.0,0.0,1.249000902703301e-16,8.326672684688674e-17,0.055419921875,0.0,nan,nan,-0.0035607485844229127,-4.470680700611291e-05,6253.53900975287,False,True,True,Omega_safe_one_step_QP,False,0.33251953125,0.0,0.0,False,False,False,-0.09990602303647847,1.3354183284526463e-06,7.3467589952930956e-06,4.066095917783685e-05,0.00439615249293038,1.0507500680925251e-07,8.603588743749118e-06,0.0,0.0,0.0,0.0,1.9451892438311082e-34,0.0,0.0,-0.10431812587714788,0.0,0.0,0.0,0.0,0.0,0.0,0.0,False,0.1,-0.08908211439847946,-0.011789119802415371,25.383136765144915,50.12725143301757,184.64280044071705,210.55572279054203,-0.8908211588859558,-0.11789119243621826,-0.027944872220583394,0.00021537101074049075,-0.027944872220583505,0.000215371010740463,0.0277099609375,0.0,-0.387939453125,-0.055007009782765154,-0.003549639816305161,-4.461687662193221e-05,6265.913501268366,False,True,True,Omega_safe_one_step_QP,False,0.3602294921875,0.0,2.7945702139989526,False,False,False,-0.1617784806139616,2.0773458057499695e-05,0.0001142844804475001,2.9114723279802007e-05,0.0031478048210246117,2.7882175682058092e-05,0.002283005065941779,0.0,0.0,0.0,0.0,3.2443362777834813e-07,0.0,0.0,-0.16732389941500328,0.0,0.0,0.0,0.0,0.0,0.0,0.0,False,12.37449151549663,-0.19787981647188366,-0.19839368116736103,0.14652009921394263
232,6.345050817183619,-2113.4338311007314,11.590114947208043,6.820248761380592,42.7413585195987,23.77016574047827,0.1,0.0,0.0,25.377889275841337,50.14153545600646,196.62260489486206,212.14438183841537,0.0,0.0,0.0,0.0,-3.469446951953614e-17,-2.0816681711721685e-17,0.26014284641297625,-0.05033574002966734,nan,nan,-0.000394568690288336,-2.4586889084168536e-06,6435.718419844034,True,True,True,Z_mode_existing_controller,False,0.05060201485354432,0.0,0.0,False,False,False,-1.0108030734922977,1.9386715594258467e-06,1.0665536345179633e-05,0.015079747129987279,1.630381311181358,0.0006139452526816241,0.05027011299498393,0.0,0.0,0.0,0.0,3.6303779451699396e-34,0.0,0.0,-2.691465163204985,0.0,0.0,0.0,0.0,0.0,0.0,0.0,False,0.1,-0.0914032906293869,-0.0016991988522931933,25.321633184421675,50.1248917565164,196.69249816773373,212.78025862979266,-0.9140328764915466,-0.016991987824440002,-0.030621588060152204,-0.0023798184517210205,-0.03062158806015228,-0.0023798184517211454,0.23243288547547625,-0.05033574002966734,-0.32560894130464346,-0.06070980889597481,-0.00038992366300280926,-2.4396125130680416e-06,6442.063470661217,True,True,True,Z_mode_existing_controller,False,0.07831197579104432,0.0,3.071392503716854,False,False,False,-1.0425283275782158,2.336126743441775e-05,0.00012852122665122026,0.01451952153124709,1.5698112407181035,0.0004948559700110462,0.04051902905029539,0.0,0.0,0.0,0.0,1.3899816031870145e-07,0.0,0.0,-2.652987257571426,0.0,0.0,0.0,0.0,0.0,0.0,0.0,False,6.345050817183619,-0.09859118132979765,-0.17324993486029688,0.1454345754249041
233,-5.264267130296503,-2118.698098231028,12.418999628508818,5.393376491584754,41.536254570590614,23.944264656754203,0.1,0.0,0.0,25.37338550409693,50.141873891825746,197.50390038538637,212.34615902604668,0.0,0.0,0.0,0.0,-5.898059818321144e-17,-1.3877787807814457e-16,0.26014284641297625,-0.05033574002966734,nan,nan,-0.0021800787784435763,1.0137992655553907e-05,6544.836977857027,True,True,True,Z_mode_existing_controller,False,0.05060201485354432,0.0,0.0,False,False,False,-1.5563958635572634,1.0664616231202498e-05,5.86710273167514e-05,7.766817416184821e-05,0.008397272085235755,4.071403344839996e-06,0.0003333683342273493,0.0,0.0,0.0,0.0,1.450465989366637e-34,20.0,0.0,-21.565185175004043,20.0,20.0,0.0,0.0,0.0,0.0,0.0,False,0.1,-0.09476529806852341,-0.0013604438863694668,25.317500016986266,50.125258665814904,197.10305359307992,212.93375053635089,-0.9476529359817505,-0.013604438863694668,-0.031777262386238285,-0.0022434360994011346,-0.031777262386238396,-0.002243436099401218,0.23243288547547625,-0.05033574002966734,-0.32560894130464346,-0.05834694884824255,-0.0021738001264302058,1.0048081597913894e-05,6539.57271072673,True,True,True,Z_mode_existing_controller,False,0.07831197579104432,0.0,3.1856355885379344,False,False,False,-1.530074527905781,4.7195361162651304e-05,0.00025964369124660395,1.685557572811901e-05,0.0018223790770124494,2.3559765378880436e-06,0.00019290841692456311,0.0,0.0,0.0,0.0,1.3541832939989138e-08,20.0,0.0,-21.5323494726328,20.0,20.0,0.0,0.0,0.0,0.0,0.0,False,-5.264267130296503,0.08043389236595133,-0.15642903647859002,0.14514313876046359
234,-46.9192186769269,-2165.617316907955,8.805271848792588,4.251740783127414,41.18632704004446,26.78076494167897,0.1,0.0,0.0,25.342827011908312,50.14260039628453,203.51699523501824,213.66632575073095,0.0,0.0,0.0,0.0,-1.249000902703301e-16,5.204170427930421e-17,0.055419921875,0.0,nan,nan,0.0008882955446425495,3.960035523244783e-05,6311.07425196823,False,True,True,Omega_safe_one_step_QP,False,0.33251953125,0.0,0.0,False,False,False,-0.3875822341132789,4.1615115633508745e-06,2.289441582510705e-05,0.003615730967066932,0.390923013771425,0.0001742840180963594,0.014270453667742879,0.0,0.0,0.0,0.0,4.075749244809488e-34,0.0,0.0,-0.792798595968272,0.0,0.0,0.0,0.0,0.0,0.0,0.0,False,0.1,-0.09331534057855606,-0.03270263597369194,25.286954079130933,50.12593756549266,201.33957955738802,213.23879718340777,-0.9331533908843994,-0.3270263671875,-0.04659370485040949,-0.011865255903457755,-0.046593704850409534,-0.011865255903457637,0.0277099609375,0.0,-0.387939453125,-0.14566556148741028,0.0008861645172443663,3.989914436332623e-05,6264.155033291303,False,True,True,Omega_safe_one_step_QP,False,0.3602294921875,0.0,4.808074073203971,False,False,False,-0.1529861407286444,3.1500361659450136e-05,0.0001732981796383644,0.0017948152246256676,0.1940505483301117,9.305345688064689e-06,0.0007619258837057532,0.0,0.0,0.0,0.0,3.12106383635826e-06,20.0,0.0,-20.347975034185936,20.0,20.0,0.0,0.0,0.0,0.0,0.0,False,-46.9192186769269,0.7434426660769241,-0.10322873284150103,0.1477187231191354
235,-29.58678772908388,-2195.2041046370387,10.953595659897081,6.497583900017579,46.237666037543555,22.715341148551797,0.1,0.0,0.0,25.36326525612522,50.14484802578277,199.45881866436284,212.92288350769087,0.0,0.0,0.0,0.0,-6.938893903907228e-18,-2.0816681711721685e-17,0.26014284641297625,-0.05033574002966734,nan,nan,0.00010025556227345723,-2.906680089990229e-05,6438.471738238959,True,True,True,Z_mode_existing_controller,False,0.05060201485354432,0.0,0.0,False,False,False,-1.0245696654669245,3.0593338599388807e-06,1.6830822279602793e-05,0.0016468797078616464,0.17805616197117943,5.527063687364634e-05,0.004525584567690703,0.0,0.0,0.0,0.0,1.9223188257415099e-34,0.0,0.0,-1.2071682428280743,0.0,0.0,0.0,0.0,0.0,0.0,0.0,False,0.1,-0.09439307451248169,-0.020916590467095375,25.305840148474314,50.12789083288286,198.049963542898,213.13097970059192,-0.9439307451248169,-0.20916590094566345,-0.043759095907597495,-0.006321363267431195,-0.04375909590759741,-0.006321363267431098,0.0277099609375,0.0,-0.387939453125,-0.09210388173852578,0.00010137063298915235,-2.9233637303515878e-05,6408.884950509875,False,True,True,Omega_safe_one_step_QP,False,0.3602294921875,0.0,4.421332500739035,False,False,False,-0.8766357268215051,2.830975046911106e-05,0.00015574513954323018,0.0010821573522789125,0.11699991436889091,1.1624609600745395e-06,9.5182825439174e-05,0.0,0.0,0.0,0.0,3.8769753418459734e-07,20.0,0.0,-20.99388695685291,20.0,20.0,0.0,0.0,0.0,0.0,0.0,False,-29.58678772908388,0.459531220015519,-0.0749406113547392,0.14908213479109478
236,-18.778651348974563,-2213.982755986013,9.901747854510376,5.5325468464473335,41.888159705260236,24.548373223523672,0.1,0.0,0.0,25.368519894002986,50.14508670825721,198.41753889516156,212.70829865239452,0.0,0.0,0.0,0.0,-6.938893903907228e-17,-1.1796119636642288e-16,0.26014284641297625,-0.05033574002966734,nan,nan,0.00044170890421999626,-7.900402764552967e-06,6304.363099119721,True,True,True,Z_mode_existing_controller,False,0.05060201485354432,0.0,0.0,False,False,False,-0.3540264698707324,1.6958518682431879e-06,9.329671985359483e-06,0.00010842635577478743,0.01172276315848696,4.6046660122556075e-06,0.00037703212090848984,0.0,0.0,0.0,0.0,1.3337064864881608e-34,0.0,0.0,-0.3661355948221132,0.0,0.0,0.0,0.0,0.0,0.0,0.0,False,0.1,-0.0944734439253807,-0.0013061931822448969,25.31021992140677,50.12793118564039,197.4175224505093,213.80393162874853,-0.9447344541549683,-0.013061931356787682,-0.04314041617609809,0.001980225839342223,-0.04314041617609806,0.001980225839342216,0.0277099609375,0.0,-0.387939453125,-0.005746783522376347,0.00044105750188543156,-7.94073164036069e-06,6285.584447770746,False,True,True,Omega_safe_one_step_QP,False,0.3602294921875,0.0,4.31858402977381,False,False,False,-0.2601332131258596,2.2325466136293634e-05,0.00012282280066574865,3.999817353418339e-05,0.004324493908909229,4.5286429760969514e-05,0.003708073205680282,0.0,0.0,0.0,0.0,6.929914630786546e-07,0.0,0.0,-0.2682892960325779,0.0,0.0,0.0,0.0,0.0,0.0,0.0,False,-18.778651348974563,0.29786754115727615,-0.059273944022960164,0.14971643784945052
237,14.86178202220799,-2199.120973963805,9.955168252546342,4.675310577602567,38.34647967212527,26.802303415002253,0.1,0.0,0.0,25.378034460258597,50.14558662042532,196.53339369378745,212.32871254244225,0.0,0.0,0.0,0.0,-1.0408340855860843e-17,-4.85722573273506e-17,0.26014284641297625,-0.05033574002966734,nan,nan,-0.0001751235701837521,4.7452222543816836e-05,6265.431808259529,True,True,True,Z_mode_existing_controller,False,0.05060201485354432,0.0,0.0,False,False,False,-0.1593700155697752,1.9808557210778412e-06,1.0897611090952211e-05,0.00035500031398610866,0.03838166995754881,1.4408561486869762e-05,0.0011797794850214925,0.0,0.0,0.0,0.0,8.293535823017535e-35,0.0,0.0,-0.19894236262343648,0.0,0.0,0.0,0.0,0.0,0.0,0.0,False,0.1,-0.09465830028057098,-0.0007887076935730875,25.319167846261195,50.12827573635847,196.9577627673407,213.08020763542635,-0.9465829730033875,-0.007887076586484909,-0.031719519031155226,-0.0019227075483434636,-0.031719519031155184,-0.0019227075483433248,0.23243288547547625,-0.05033574002966734,-0.32560894130464346,-0.05498543140181846,-0.00017548494427956866,4.7453568190218e-05,6280.293590281737,True,True,True,Z_mode_existing_controller,False,0.07831197579104432,0.0,3.177773893599526,False,False,False,-0.23367892568081516,2.2798731193754064e-05,0.00012542645245333802,2.1137896626727754e-05,0.0022853719840811066,5.2377641851020504e-05,0.004288704836076028,0.0,0.0,0.0,0.0,1.456697806240749e-06,0.0,0.0,-0.24037988565123186,0.0,0.0,0.0,0.0,0.0,0.0,0.0,False,14.86178202220799,-0.2372028373625606,-0.07740602315374129,0.14808402329676482
238,5.389859174032608,-2193.7311147897726,10.742854315185447,5.9158578874859264,42.011832925973216,17.520368553583467,0.1,0.0,0.0,25.376736786590527,50.14689996275176,196.77117712562278,212.44911011838178,0.0,0.0,0.0,0.0,1.1102230246251565e-16,1.1102230246251565e-16,0.26014284641297625,-0.05033574002966734,nan,nan,-0.00016747757197163105,-0.00020623775800533912,6352.088902568756,True,True,True,Z_mode_existing_controller,False,0.05060201485354432,0.0,0.0,False,False,False,-0.5926554871159078,1.7285962101739444e-06,9.509813880598768e-06,5.654096045539146e-06,0.0006113055109485262,1.4495576292116053e-06,0.00011869042963509417,0.0,0.0,0.0,0.0,4.021582465123597e-34,0.0,0.0,-0.593394992870372,0.0,0.0,0.0,0.0,0.0,0.0,0.0,False,0.1,-0.09407510608434677,-0.0008973737130872905,25.318463739865646,50.12967199782811,196.79746338026098,213.12464192034943,-0.9407510757446289,-0.008973737247288227,-0.031554740711435374,-0.0019742135146595743,-0.031554740711435506,-0.001974213514659498,0.23243288547547625,-0.05033574002966734,-0.32560894130464346,-0.05565884926652224,-0.00016544403542071394,-0.00020636985404985224,6357.478761742788,True,True,True,Z_mode_existing_controller,False,0.07831197579104432,0.0,3.1616438451656528,False,False,False,-0.6196047829860709,2.3184359645570452e-05,0.00012754797440407066,2.5695893498137756e-06,0.00027781702287408124,1.974405676625898e-07,1.616652234517593e-05,0.0,0.0,0.0,0.0,2.9804759215803407e-10,0.0,0.0,-0.6200263148037418,0.0,0.0,0.0,0.0,0.0,0.0,0.0,False,5.389859174032608,-0.08485175910955803,-0.08759236143421942,0.14709191703997715
239,-4.001509631086265,-2197.732624420859,10.461291111835951,4.270794627179879,42.904567511392216,25.79906706169366,0.1,0.0,0.0,25.375746614324076,50.143173247447216,197.007640972797,212.2794402778017,0.0,0.0,0.0,0.0,-1.1102230246251565e-16,-1.0408340855860843e-16,0.26014284641297625,-0.05033574002966734,nan,nan,-0.0008227033470405789,4.223816920312395e-05,6328.861346859872,True,True,True,Z_mode_existing_controller,False,0.05060201485354432,0.0,0.0,False,False,False,-0.47651770857149134,3.694885273503474e-06,2.032728699413699e-05,5.5915151020426664e-06,0.000604539429273996,2.878785480246647e-06,0.0002357162479035641,0.0,0.0,0.0,0.0,9.557427349021659e-34,0.0,0.0,-0.4773782915356631,0.0,0.0,0.0,0.0,0.0,0.0,0.0,False,0.1,-0.0952218696475029,-0.00012193353904876858,25.31777840827439,50.12596388922594,196.64386393225217,212.93571617252974,-0.9522186517715454,-0.0012193353613838553,-0.031969549333147315,-0.0015594465270020036,-0.03196954933314722,-0.0015594465270019967,0.23243288547547625,-0.05033574002966734,-0.32560894130464346,-0.05105032392860179,-0.0008217739015998239,4.221817730166801e-05,6324.859837228786,True,True,True,Z_mode_existing_controller,False,0.07831197579104432,0.0,3.2007560951048863,False,False,False,-0.45651016041605996,3.052840610987652e-05,0.0001679509988900449,2.359279042860958e-06,0.00025507884357644356,3.5692938189231097e-06,0.0002922553807621174,0.0,0.0,0.0,0.0,3.4409784669684855e-09,20.0,0.0,-20.457225449080266,20.0,20.0,0.0,0.0,0.0,0.0,0.0,False,-4.001509631086265,0.06322637535852564,-0.07728653431499426,0.1467375319083918
240,-36.0822213322499,-2233.814845753109,8.726516699251134,3.420455366270867,40.37837837569819,20.492473171856357,0.1,0.0,0.0,25.365134725751716,50.14446243438449,199.08189109889383,212.79069475182357,0.0,0.0,0.0,0.0,-1.3183898417423734e-16,-6.245004513516506e-17,0.26014284641297625,-0.05033574002966734,nan,nan,0.0005591489717885049,-0.0001526919229925752,6198.532140601756,True,True,True,Z_mode_existing_controller,False,0.05060201485354432,0.0,0.0,False,False,False,0.17512832271909246,1.4926528487748748e-06,8.211779417684946e-06,0.0004302513585612767,0.046517608555501466,2.6138113720736244e-05,0.0021402004893399493,0.0,0.0,0.0,0.0,2.1666711874356404e-35,0.0,0.0,0.12646230189483337,0.0,0.0,0.0,0.0,0.0,0.0,0.0,False,0.1,-0.0945560485124588,-0.00039688177639618516,25.30713783232689,50.12721210537651,197.3241616475137,213.79402856740552,-0.9455604553222656,-0.00396881764754653,-0.04308457873570644,0.0024104290046762684,-0.04308457873570641,0.002410429004676185,0.0277099609375,0.0,-0.387939453125,-0.001744612644102008,0.0005567201683251378,-0.00015259066811138298,6162.449919269506,False,True,True,Omega_safe_one_step_QP,False,0.3602294921875,0.0,4.315195352263744,False,False,False,0.355539429380342,2.3195530481217317e-05,0.0001276094303804677,4.6280498139005946e-05,0.00500372178575534,7.367001671973995e-05,0.006032134052128861,0.0,0.0,0.0,0.0,1.393037903567725e-06,0.0,0.0,0.3443745710741737,0.0,0.0,0.0,0.0,0.0,0.0,0.0,False,-36.0822213322499,0.582109127028694,-0.05005641516315492,0.14853194171512077
241,-0.8621619160157934,-2234.6770076691246,9.358684353443268,3.7351468142966198,43.99527216257775,24.13960770511401,0.1,0.0,0.0,25.37696238600043,50.14217194156744,196.7745803942788,212.16029580226063,0.0,0.0,0.0,0.0,4.85722573273506e-17,1.249000902703301e-16,0.26014284641297625,-0.05033574002966734,nan,nan,0.0001029919973988202,-2.0661554038798832e-05,6208.804530701407,True,True,True,Z_mode_existing_controller,False,0.05060201485354432,0.0,0.0,False,False,False,0.12376637222083446,1.1773538260944452e-06,6.477172454660394e-06,0.000532368268763119,0.057558211591714925,3.9740283561004676e-05,0.0032539522642100914,0.0,0.0,0.0,0.0,6.764828929660166e-34,0.0,0.0,0.06294773119245478,0.0,0.0,0.0,0.0,0.0,0.0,0.0,False,0.1,-0.09565731883049011,-8.958463877206668e-05,25.317757867142234,50.1246507826282,196.53663159710385,212.83705850753734,-0.9565731883049011,-0.000895846402272582,-0.03212734301380308,-0.001548214664598771,-0.032127343013802975,-0.0015482146645988196,0.23243288547547625,-0.05033574002966734,-0.32560894130464346,-0.05085835529928816,0.0001005608703518665,-2.0707983466270627e-05,6207.942368785391,True,True,True,Z_mode_existing_controller,False,0.07831197579104432,0.0,3.216462556558418,False,False,False,0.12807718180091343,2.1240335000466217e-05,0.00011685298823817017,6.202035802985506e-05,0.006705472696128537,9.157916954841144e-05,0.007498543528233437,0.0,0.0,0.0,0.0,1.3573187436564779e-06,0.0,0.0,0.11375495526956965,0.0,0.0,0.0,0.0,0.0,0.0,0.0,False,-0.8621619160157934,0.013886117879095078,-0.04919275708146916,0.14797835671392293
242,-7.170742676251393,-2241.847750345376,7.208884616219164,5.48816164040029,40.01561680873276,25.693483083709456,0.1,0.0,0.0,25.380046229748334,50.14216984792003,196.16408016392347,212.02388788367966,0.0,0.0,0.0,0.0,-3.122502256758253e-17,4.85722573273506e-17,0.26014284641297625,-0.05033574002966734,nan,nan,0.0030899491429413036,-1.8435403643318662e-05,5971.602892677901,True,True,True,Z_mode_existing_controller,False,0.05060201485354432,0.0,0.0,False,False,False,1.309774562338366,6.959077723258736e-06,3.828513191183736e-05,3.7271053126389094e-05,0.004029645055816235,1.860712025159294e-06,0.0001523559362130772,0.0,0.0,0.0,0.0,1.2193543960401688e-34,20.0,0.0,-18.694445723785574,20.0,20.0,0.0,0.0,0.0,0.0,0.0,False,0.1,-0.09512920677661896,-9.895559924189001e-05,25.320869707906443,50.12462740510102,195.6468211134341,212.64970043643788,-0.9512920379638672,-0.0009895559633150697,-0.03198015330556665,-0.0015451725530332278,-0.03198015330556662,-0.001545172553033304,0.23243288547547625,-0.05033574002966734,-0.32560894130464346,-0.05091622803374306,0.003081892583510662,-1.83574381677482e-05,5964.4321500016495,True,True,True,Z_mode_existing_controller,False,0.07831197579104432,0.0,3.201746029381776,False,False,False,1.3456282757196232,2.1574881798370855e-06,1.1869348618887623e-05,7.917626968485916e-05,0.008560323278004357,3.510304680610773e-06,0.0002874253236267531,0.0,0.0,0.0,0.0,2.1674064653481062e-10,20.0,0.0,-18.663231342447368,20.0,20.0,0.0,0.0,0.0,0.0,0.0,False,-7.170742676251393,0.12008070203468857,-0.04125853244141337,0.14786847432551417
243,-8.118474744706873,-2249.966225090083,11.941550951412877,4.077691806607659,36.80702070969189,27.972666973514023,0.1,0.0,0.0,25.427429556648608,50.14211767257398,186.82107556471,210.0194718363626,0.0,0.0,0.0,0.0,5.551115123125783e-17,9.71445146547012e-17,0.055419921875,0.0,nan,nan,-0.00273867558886337,0.00010009131615463336,6230.542244254412,False,True,True,Omega_safe_one_step_QP,False,0.33251953125,0.0,0.0,False,False,False,0.015077804455809201,1.28423185383951e-06,7.065158327705182e-06,0.008729173494092435,0.9437745344235084,0.00040176836907421096,0.03289697448258403,0.0,0.0,0.0,0.0,9.882428027137005e-35,0.0,0.0,-0.961600769608611,0.0,0.0,0.0,0.0,0.0,0.0,0.0,False,0.1,-0.09029664844274521,-0.0032924339175224304,25.367970437803642,50.12451332438344,186.27865801723013,211.12200167876793,-0.9029664993286133,-0.032924339175224304,-0.02998742965533035,0.003612144116979743,-0.029987429655330224,0.0036121441169796042,0.0277099609375,0.0,-0.387939453125,-0.015155581655120117,-0.002731849641807869,0.0001000357909241177,6222.423769509705,False,True,True,Omega_safe_one_step_QP,False,0.3602294921875,0.0,3.0204197099992633,False,False,False,0.05567017817934357,2.1704175908979533e-05,0.00011940479338746273,0.008776247979707798,0.948864099979163,0.00023338634941863165,0.01910977909759245,0.0,0.0,0.0,0.0,3.0568862781004495e-07,0.0,0.0,-0.9124234113794272,0.0,0.0,0.0,0.0,0.0,0.0,0.0,False,-8.118474744706873,0.13030125511456803,-0.027160314713715,0.14779657625421241
244,-5.316630133062972,-2255.282855223146,8.266459235453851,5.737372707575238,39.31524925077968,24.04350967093174,0.1,0.0,0.0,25.379656421058602,50.14298579893123,196.22616008913022,212.07228040588672,0.0,0.0,0.0,0.0,-1.0755285551056204e-16,-1.1102230246251565e-16,0.26014284641297625,-0.05033574002966734,nan,nan,0.002120583560383545,-5.534017914574541e-05,6082.661135724356,True,True,True,Z_mode_existing_controller,False,0.05060201485354432,0.0,0.0,False,False,False,0.7544833471060883,2.99956083790234e-06,1.6501983010314316e-05,0.008845561491148894,0.9563580886178181,0.00042140230231115953,0.03450460975306833,0.0,0.0,0.0,0.0,6.992329404340909e-34,20.0,0.0,-20.23639585324781,20.0,20.0,0.0,0.0,0.0,0.0,0.0,False,0.1,-0.09198660403490067,-0.00145836325827986,25.320118749681512,50.12529943189226,195.7961281834552,212.62164720916448,-0.9198660254478455,-0.014583632349967957,-0.030933292281226713,-0.002254558201709618,-0.030933292281226765,-0.002254558201709604,0.23243288547547625,-0.05033574002966734,-0.32560894130464346,-0.0591829814872466,0.0021153877669738523,-5.534055700448339e-05,6077.3445055912935,True,True,True,Z_mode_existing_controller,False,0.07831197579104432,0.0,3.1015344654552917,False,False,False,0.7810664977714032,6.136813324598688e-06,3.376147199295286e-05,0.009058223836498448,0.9793505639200349,0.00022489367168383468,0.018414394830846403,0.0,0.0,0.0,0.0,3.5312852203181236e-07,0.0,0.0,-0.21673257557999304,0.0,0.0,0.0,0.0,0.0,0.0,0.0,False,-5.316630133062972,0.08740631796562902,-0.0203088355783794,0.14755624122472077
245,-10.122309607322677,-2265.4051648304685,8.001078712638256,5.593276962481967,36.81705566849931,25.769165934522768,0.1,0.0,0.0,25.412548276797185,50.142203431285935,189.74856128319857,210.63789212067684,0.0,0.0,0.0,0.0,1.3183898417423734e-16,-4.85722573273506e-17,0.055419921875,0.0,nan,nan,0.00228461679998553,-1.2890536049693234e-05,5904.388842019877,False,True,True,Omega_safe_one_step_QP,False,0.33251953125,0.0,0.0,False,False,False,1.645844815628484,1.2932785332329909e-05,7.114928329955038e-05,0.004195928629060712,0.453652409480236,0.0002057469752747332,0.016846654730630472,0.0,0.0,0.0,0.0,6.120846104505684e-34,20.0,0.44980499590448525,-19.274530393770167,20.449804995904486,20.449804995904486,0.0,0.0,0.0,0.0,0.0,False,0.1,-0.09137483686208725,0.000272968114586547,25.352843238009047,50.12446994946598,189.1062204242523,211.24464215447446,-0.9137483835220337,0.0027296810876578093,-0.030754073799772033,-0.0012788211406722233,-0.030754073799771957,-0.0012788211406721955,0.23243288547547625,-0.05033574002966734,-0.32560894130464346,-0.04866867685836438,0.0022799145014652696,-1.2815090142515893e-05,5894.266532412555,True,True,True,Z_mode_existing_controller,False,0.07831197579104432,0.0,3.0780650395851885,False,False,False,1.6964563636650973,2.5536533171592023e-07,1.4048837790355883e-06,0.004475486582664311,0.48387745629425355,0.00018961429206418553,0.01552570338462003,0.0,0.0,0.0,0.0,9.841820763768871e-09,20.0,0.0,-18.802948210739377,20.0,20.0,0.0,0.0,0.0,0.0,0.0,False,-10.122309607322677,0.17143704248075672,-0.008150807948264614,0.14764813919868072
246,-3.384023080893712,-2268.789187911362,10.913893071956563,5.642668551068249,41.16837696739977,23.001264647666495,0.1,0.0,0.0,25.4425455880913,50.14126655037739,183.84340432811263,209.31688684408203,0.0,0.0,0.0,0.0,-2.7755575615628914e-17,1.249000902703301e-16,0.055419921875,0.0,nan,nan,-0.0005386016671748697,-4.351431725147729e-05,6053.368917396407,False,True,True,Omega_safe_one_step_QP,False,0.33251953125,0.0,0.0,False,False,False,0.9009444387458371,6.018713951433974e-06,3.311175226569579e-05,0.003487087866419988,0.3770144710552067,0.0001745054940791313,0.014288588220670828,0.0,0.0,0.0,0.0,5.556307889557176e-34,20.0,0.0,-19.490391732282305,20.0,20.0,0.0,0.0,0.0,0.0,0.0,False,0.1,-0.08622762560844421,-0.012116918340325356,25.382509380609992,50.12345205754335,183.498271318513,210.05394096891112,-0.8622762560844421,-0.12116917967796326,-0.025884898119337404,0.000360382157887959,-0.02588489811933742,0.00036038215788789657,0.0277099609375,0.0,-0.387939453125,-0.05840807946248475,-0.0005344484195384212,-4.361982547419806e-05,6049.984894315513,False,True,True,Omega_safe_one_step_QP,False,0.3602294921875,0.0,2.5887406705736447,False,False,False,0.9178645541503055,2.7479526504394277e-06,1.5117769033953507e-05,0.0031449093172562464,0.3400190554932093,0.00014177693133019467,0.011608758805317958,0.0,0.0,0.0,0.0,2.6395859260945436e-07,20.0,0.0,-19.433778641875847,20.0,20.0,0.0,0.0,0.0,0.0,0.0,False,-3.384023080893712,0.05590313637037014,0.016204623250236583,0.14728760073425576
247,-7.372875082135579,-2276.162062993498,11.893716637352917,3.6282510218923205,42.014695366241384,26.780339862869813,0.1,0.0,0.0,25.42531348541935,50.13880295534282,187.26690415891633,209.9005622111635,0.0,0.0,0.0,0.0,9.71445146547012e-17,-1.249000902703301e-16,0.055419921875,0.0,nan,nan,-0.002822502832242234,8.733652333145286e-05,6236.00246727681,False,True,True,Omega_safe_one_step_QP,False,0.33251953125,0.0,0.0,False,False,False,-0.012223310656181638,1.3159292340686303e-06,7.239540398374637e-06,0.0011720351091513007,0.12671725338210602,3.4067693413768724e-05,0.002789478035554949,0.0,0.0,0.0,0.0,7.800016274768305e-34,0.0,0.0,-0.14173728161424098,0.0,0.0,0.0,0.0,0.0,0.0,0.0,False,0.1,-0.08732067048549652,-0.012609253637492657,25.365321008382164,50.120947737186185,186.7624710027271,210.6020478213174,-0.8732066750526428,-0.12609253823757172,-0.02936744118675904,-0.00031328106855077476,-0.029367441186759137,-0.0003132810685508719,0.0277099609375,0.0,-0.387939453125,-0.060020483776058224,-0.0028161204257172944,8.726151982820581e-05,6228.629592194675,False,True,True,Omega_safe_one_step_QP,False,0.3602294921875,0.0,2.9369112122869216,False,False,False,0.024641064754496254,2.3962724934666402e-05,0.00013183012484895454,0.0010654999578423468,0.11519896211496702,3.004211216547172e-05,0.0024598616351699447,0.0,0.0,0.0,0.0,1.2581928359102967e-07,0.0,0.0,-0.09314971493977325,0.0,0.0,0.0,0.0,0.0,0.0,0.0,False,-7.372875082135579,0.11823079161409035,0.04851424952335996,0.14717044282448355
248,-7.20419970317198,-2283.3662626966698,9.405104494077866,4.324684302828594,42.51964169256,26.028836436441278,0.1,0.0,0.0,25.376661681001117,50.13949434059361,196.84728818084255,211.98065855267558,0.0,0.0,0.0,0.0,-1.1796119636642288e-16,8.326672684688674e-17,0.26014284641297625,-0.05033574002966734,nan,nan,0.00032405339015695,3.158629429321437e-05,6215.442027366768,True,True,True,Z_mode_existing_controller,False,0.05060201485354432,0.0,0.0,False,False,False,0.09057888889402875,8.147877650739507e-07,4.482527470809735e-06,0.009178375800757923,0.9923410680274168,0.00043268007899719183,0.03542803917265053,0.0,0.0,0.0,0.0,8.960389066261615e-34,0.0,0.0,-0.9371947008335093,0.0,0.0,0.0,0.0,0.0,0.0,0.0,False,0.1,-0.09344612061977386,-0.0012506823986768723,25.316617350955617,50.12157462293298,196.3399344728406,212.53114009587816,-0.9344611763954163,-0.012506823986768723,-0.03143840455978599,-0.002161523120339348,-0.03143840455978587,-0.002161523120339341,0.23243288547547625,-0.05033574002966734,-0.32560894130464346,-0.05780456897462941,0.00032198300434876145,3.1595037235140384e-05,6208.237827663596,True,True,True,Z_mode_existing_controller,False,0.07831197579104432,0.0,3.1512623874639965,False,False,False,0.12659988740988865,2.002247479398917e-05,0.0001101529712949311,0.00917278065213588,0.9917361357518271,0.0003721397003770002,0.030470965784261037,0.0,0.0,0.0,0.0,7.7048879744175e-08,0.0,0.0,-0.8957174441463741,0.0,0.0,0.0,0.0,0.0,0.0,0.0,False,-7.20419970317198,0.11590808298833266,0.08263592501520287,0.14704531053907574
249,-13.310200656820598,-2296.6764633534904,9.9247149131621,4.507368798807454,40.151543392295174,26.378963560266758,0.1,0.0,0.0,25.383129832678165,50.14055652335405,195.55709383192777,211.76028577427184,0.0,0.0,0.0,0.0,-2.5153490401663703e-17,-2.7755575615628914e-17,0.26014284641297625,-0.05033574002966734,nan,nan,-0.00018938651790366813,4.1111436724146464e-05,6238.660659257121,True,True,True,Z_mode_existing_controller,False,0.05060201485354432,0.0,0.0,False,False,False,-0.025514270557732744,1.0634665470805443e-06,5.850625421631185e-06,0.0001664601457971636,0.017997218947029422,4.856416146138504e-06,0.0003976455349246714,0.0,0.0,0.0,0.0,2.0939221930519505e-34,0.0,0.0,-0.043914985665108465,0.0,0.0,0.0,0.0,0.0,0.0,0.0,False,0.1,-0.09403154253959656,-0.0007166093564592302,25.32290486698903,50.12257789627238,194.79505178568579,212.29857353557176,-0.9403154253959656,-0.007166093681007624,-0.03166312228556369,-0.0018726571334351239,-0.0316631222855637,-0.001872657133435228,0.23243288547547625,-0.05033574002966734,-0.32560894130464346,-0.054588546944940884,-0.00018959993441660175,4.1109854241225014e-05,6225.3504586003,True,True,True,Z_mode_existing_controller,False,0.07831197579104432,0.0,3.17184513747119,False,False,False,0.04103673272637025,2.163224601580639e-05,0.0001190090735007119,0.00023866625170707126,0.02580394704491594,5.408720497274821e-06,0.00044286846321994376,0.0,0.0,0.0,0.0,1.3394161466884866e-09,0.0,0.0,0.014670906805317508,0.0,0.0,0.0,0.0,0.0,0.0,0.0,False,-13.310200656820598,0.21335029077227505,0.1209273685338825,0.14731063163682187
250,-19.01819977997002,-2315.6946631334604,12.278833774900193,5.720125593769675,46.13433406257904,24.784415762627283,0.1,0.0,0.0,25.38082620214716,50.14160636590378,195.99629316423216,211.90857790457076,0.0,0.0,0.0,0.0,1.0408340855860843e-17,-5.551115123125783e-17,0.26014284641297625,-0.05033574002966734,nan,nan,-0.0016762529378097106,5.420342970181586e-05,6491.043319749541,True,True,True,Z_mode_existing_controller,False,0.05060201485354432,0.0,0.0,False,False,False,-1.2874275730198361,5.772593976476954e-06,3.1757731505750146e-05,1.9289605349661627e-05,0.0020855397501734364,2.19905559085939e-06,0.0001800596593131071,0.0,0.0,0.0,0.0,2.0350158201435442e-35,20.0,0.0,-21.28972493016083,20.0,20.0,0.0,0.0,0.0,0.0,0.0,False,0.1,-0.09439536184072495,-0.0007298695854842663,25.32024301271139,50.12352844573587,195.02456437491716,212.41015968286933,-0.9439535737037659,-0.007298695854842663,-0.03181328810426197,-0.0018857551773790587,-0.031813288104261934,-0.0018857551773789755,0.23243288547547625,-0.05033574002966734,-0.32560894130464346,-0.05465054691056187,-0.001670983519275352,5.396414575099279e-05,6472.025119969571,True,True,True,Z_mode_existing_controller,False,0.07831197579104432,0.0,3.186912883330476,False,False,False,-1.1923365741199858,3.9646202173751454e-05,0.00021811224710889955,5.267602861569047e-06,0.0005695189174060681,1.2451468268715505e-06,0.00010195318134439256,0.0,0.0,0.0,0.0,2.27213318604635e-10,20.0,0.0,-21.193226158693058,20.0,20.0,0.0,0.0,0.0,0.0,0.0,False,-19.01819977997002,0.2929914166819001,0.14675620813544207,0.14791464515972932
251,-51.61688170503112,-2367.3115448384915,9.174840666866775,4.050451038999235,41.021705435906625,25.26362650473151,0.1,0.0,0.0,25.35657975274151,50.14298373180349,200.75739401857257,212.998796468515,0.0,0.0,0.0,0.0,6.938893903907228e-18,-4.163336342344337e-17,0.055419921875,0.0,nan,nan,0.00039086998335600477,-5.638236338916403e-07,6284.866357342784,False,True,True,Omega_safe_one_step_QP,False,0.33251953125,0.0,0.0,False,False,False,-0.25654276098604895,3.198107658302422e-06,1.7594281661367964e-05,0.0022668081345201003,0.2450811400680674,0.00011885765171686269,0.00973211789817944,0.0,0.0,0.0,0.0,2.0463005659114382e-36,0.0,0.0,-0.5113736132339571,0.0,0.0,0.0,0.0,0.0,0.0,0.0,False,0.1,-0.09462486952543259,-0.027822712436318398,25.29555231278346,50.12476956643513,198.37145557078208,212.74726650377053,-0.9462487101554871,-0.2782271206378937,-0.04421378899613741,-0.009084429204833225,-0.04421378899613733,-0.009084429204833093,0.0277099609375,0.0,-0.387939453125,-0.12221410903691607,0.0003893810533668503,-3.252030173734722e-07,6233.249475637753,False,True,True,Omega_safe_one_step_QP,False,0.3602294921875,0.0,4.513741232472875,False,False,False,0.0015416475391066343,3.244684545981115e-05,0.00017850522841555066,0.0011201680676958068,0.12110952970303014,1.1364100869811242e-05,0.0009304976825157639,0.0,0.0,0.0,0.0,2.0559333012294494e-06,0.0,0.0,-0.12067894100815606,0.0,0.0,0.0,0.0,0.0,0.0,0.0,False,-51.61688170503112,0.8212884534088093,0.19787295754632578,0.15060706130121362
252,-8.762816803607166,-2376.0743616420987,11.527976535021557,4.920146885080528,45.34008493131344,27.010149813483736,0.1,0.0,0.0,25.367273855089728,50.1440015934132,198.63462850922556,212.59805714088395,0.0,0.0,0.0,0.0,6.938893903907228e-17,1.457167719820518e-16,0.26014284641297625,-0.05033574002966734,nan,nan,-0.0014714619309082462,0.0001059351949123568,6478.984424752418,True,True,True,Z_mode_existing_controller,False,0.05060201485354432,0.0,0.0,False,False,False,-1.227133098034219,8.92791856977022e-06,4.9116643574680034e-05,0.00045061334076732494,0.048719090779386506,1.6059200871018105e-05,0.0013149345790509238,0.0,0.0,0.0,0.0,3.9000081373841524e-34,20.0,0.0,-21.277216240036232,20.0,20.0,0.0,0.0,0.0,0.0,0.0,False,0.1,-0.09330608695745468,-0.0009204859961755574,25.30455748804464,50.125456808670116,198.06690613168325,213.1477273324284,-0.9330608248710632,-0.009204859845340252,-0.03145264603513851,-0.001975066454192473,-0.0314526460351385,-0.001975066454192466,0.23243288547547625,-0.05033574002966734,-0.32560894130464346,-0.05584095092834695,-0.0014677203438676284,0.00010588411957726244,6470.221607948811,True,True,True,Z_mode_existing_controller,False,0.07831197579104432,0.0,3.151459709579342,False,False,False,-1.1833190140161833,4.862822320796216e-05,0.00026752653357107553,9.27503608554065e-06,0.0010027917155405863,1.6036887528933664e-05,0.0013131075525807602,0.0,0.0,0.0,0.0,2.133898083912465e-06,20.0,0.0,-21.18590457371596,20.0,20.0,0.0,0.0,0.0,0.0,0.0,False,-8.762816803607166,0.13524985135215878,0.20987731468709891,0.15054402035266204
253,-50.801301883664564,-2426.8756635257632,10.687606148585788,5.661343279703261,43.46555742707214,26.7045058415895,0.1,0.0,0.0,25.34827433446968,50.146817445180915,202.34443827537075,213.54644857592163,0.0,0.0,0.0,0.0,-1.1102230246251565e-16,-1.0755285551056204e-16,0.055419921875,0.0,nan,nan,-0.00022134970738153271,7.560303000180534e-05,6481.6701165231725,False,True,True,Omega_safe_one_step_QP,False,0.33251953125,0.0,0.0,False,False,False,-1.2405615568879922,8.242424039713538e-06,4.534541848542014e-05,0.001376268850098619,0.14879845086392635,8.994463140528261e-05,0.007364706811049294,0.0,0.0,0.0,0.0,9.669372027039166e-34,20.0,0.0,-21.396770059981453,20.0,20.0,0.0,0.0,0.0,0.0,0.0,False,0.1,-0.09542154520750046,-0.03715626522898674,25.28542670431277,50.12820445548222,200.05195213741504,212.90084434607306,-0.954215407371521,-0.3715626299381256,-0.046398016551346705,-0.013512073544870568,-0.04639801655134658,-0.013512073544870443,0.0277099609375,0.0,-0.387939453125,-0.16185002912701976,-0.00022112298755396897,7.541119053855222e-05,6430.868814639508,False,True,True,Omega_safe_one_step_QP,False,0.3602294921875,0.0,4.832548056026971,False,False,False,-0.9865550474696693,4.7544451637249115e-05,0.0002615642007452225,0.00039404076448717296,0.042602617452779774,6.095120895172655e-06,0.0004990712360427832,0.0,0.0,0.0,0.0,3.5646663247709577e-06,20.0,0.0,-21.02992186502556,20.0,20.0,0.0,0.0,0.0,0.0,0.0,False,-50.801301883664564,0.7837687042134575,0.24639054920487863,0.1531338332361728
254,-36.47183982371371,-2463.347503349477,9.48478914571597,6.514394958285621,42.28919937819581,22.51719344374345,0.1,0.0,0.0,25.351086450009152,50.14959561066696,201.7547982013651,213.57437789694993,0.0,0.0,0.0,0.0,1.249000902703301e-16,1.0061396160665481e-16,0.055419921875,0.0,nan,nan,0.0013825422534118328,-7.426468734055545e-05,6340.0589197459185,False,True,True,Omega_safe_one_step_QP,False,0.33251953125,0.0,0.0,False,False,False,-0.5325055730017221,2.1723253752064247e-06,1.1950974949919725e-05,3.4767541687338086e-05,0.0037589721972216264,7.800469731016069e-08,6.38705964545471e-06,0.0,0.0,0.0,0.0,9.899279914150392e-34,0.0,0.0,-0.5362828832335391,0.0,0.0,0.0,0.0,0.0,0.0,0.0,False,0.1,-0.09503354877233505,-0.025262951850891113,25.28665874772356,50.13067053927566,200.0091312988763,213.49830750782382,-0.9503355026245117,-0.25262951850891113,-0.04614457672205512,-0.008685593068280206,-0.04614457672205497,-0.0086855930682802,0.0277099609375,0.0,-0.387939453125,-0.11049288666960547,0.001380693677619854,-7.415805879526234e-05,6303.587079922205,False,True,True,Omega_safe_one_step_QP,False,0.3602294921875,0.0,4.6954887794620275,False,False,False,-0.3501463738831535,2.7194754667830564e-05,0.00014961102766364925,1.8336242131612664e-07,1.982464707861632e-05,3.56962229649223e-05,0.0029228227665298694,0.0,0.0,0.0,0.0,2.335914553797815e-07,0.0,0.0,-0.35323886591588105,0.0,0.0,0.0,0.0,0.0,0.0,0.0,False,-36.47183982371371,0.5752602662748652,0.23798263328338942,0.15481583144711014
255,7.637904372819321,-2455.7095989766576,10.086497243780155,4.0388847833703165,39.55587468319408,28.650164248409105,0.1,0.0,0.0,25.37746107654464,50.149277968357325,196.55652624889285,212.43997597991066,0.0,0.0,0.0,0.0,-8.326672684688674e-17,-1.249000902703301e-16,0.26014284641297625,-0.05033574002966734,nan,nan,-0.0006389336678254253,0.00010947419762913791,6279.299815472939,True,True,True,Z_mode_existing_controller,False,0.05060201485354432,0.0,0.0,False,False,False,-0.2287100516368264,3.7195218400365615e-06,2.046282423586395e-05,0.00270220312918597,0.2921548645918379,0.00012868677093823706,0.01053693059400444,0.0,0.0,0.0,0.0,9.419001134268825e-34,0.0,0.0,-0.5314223096469046,0.0,0.0,0.0,0.0,0.0,0.0,0.0,False,0.1,-0.09500383585691452,-0.0012661493383347988,25.311871375603918,50.13011865437833,196.65836069636245,213.0858445457065,-0.9500383138656616,-0.012661493383347988,-0.032010137870812146,-0.0021945518705672254,-0.032010137870812236,-0.0021945518705671976,0.23243288547547625,-0.05033574002966734,-0.32560894130464346,-0.05777295857318961,-0.000638863770819429,0.00010951506174255017,6286.937719845759,True,True,True,Z_mode_existing_controller,False,0.07831197579104432,0.0,3.2085276754627152,False,False,False,-0.26689957350092297,3.302493799059409e-05,0.00018168558502003316,0.0011227663630671012,0.12139045034299653,1.7012569511860305e-05,0.0013929968314939194,0.0,0.0,0.0,0.0,2.419159774699275e-06,0.0,0.0,-0.3898671254202081,0.0,0.0,0.0,0.0,0.0,0.0,0.0,False,7.637904372819321,-0.12163624284985754,0.20849334045260123,0.1537291300279557
256,-0.056129513814994425,-2455.7657284904726,10.91195845275013,3.489261698143959,37.823895843284625,25.046053816213945,0.1,0.0,0.0,25.369215231647814,50.151829032982256,198.14949886673597,212.9210249692573,0.0,0.0,0.0,0.0,2.7755575615628914e-17,-3.469446951953614e-17,0.26014284641297625,-0.05033574002966734,nan,nan,-0.0019170059296115894,5.710967565387319e-06,6404.75075275481,True,True,True,Z_mode_existing_controller,False,0.05060201485354432,0.0,0.0,False,False,False,-0.8559647380461775,1.1669525172889332e-05,6.419950004285417e-05,0.00025375617611979524,0.027435428696270744,2.3140813015143027e-05,0.0018947801615631795,0.0,0.0,0.0,0.0,2.046300565911438e-34,20.0,0.0,-20.885359146404053,20.0,20.0,0.0,0.0,0.0,0.0,0.0,False,0.1,-0.09432738274335861,-0.0010567372664809227,25.303993127203416,50.132709028431165,197.93042317105,213.5209951433244,-0.9432737827301025,-0.010567372664809227,-0.03181001195879822,-0.0020670962997394945,-0.03181001195879826,-0.0020670962997394286,0.23243288547547625,-0.05033574002966734,-0.32560894130464346,-0.056587409242393,-0.00191417250647,5.699059123790622e-06,6404.694623240995,True,True,True,Z_mode_existing_controller,False,0.07831197579104432,0.0,3.187710381968974,False,False,False,-0.8556840904771025,5.589428358425769e-05,0.00030750052021820043,0.00016181429395081994,0.017494922061046927,1.8935604260722033e-05,0.0015504557803111207,0.0,0.0,0.0,0.0,5.629530319445717e-10,20.0,0.0,-20.87503696940163,20.0,20.0,0.0,0.0,0.0,0.0,0.0,False,-0.056129513814994425,0.0008763731171092335,0.19335358173923087,0.15311872671178417
257,-45.53072339532628,-2501.296451885799,9.621994281315237,5.587512241817563,37.446432467123394,25.816877324367272,0.1,0.0,0.0,25.34310827493316,50.15254581748146,203.2851504514406,214.05327323739692,0.0,0.0,0.0,0.0,-5.551115123125783e-17,-2.0816681711721685e-17,0.055419921875,0.0,nan,nan,0.0006385205568818397,9.598221050267268e-06,6392.2781785402885,False,True,True,Omega_safe_one_step_QP,False,0.33251953125,0.0,0.0,False,False,False,-0.7936018669735723,6.23514495045046e-06,3.4302440123580035e-05,0.0026374917199479056,0.28515844274653096,0.00012819861407051676,0.010496960090458087,0.0,0.0,0.0,0.0,7.125940794232773e-35,0.0,0.0,-1.0892915722506848,0.0,0.0,0.0,0.0,0.0,0.0,0.0,False,0.1,-0.09588892012834549,-0.039399728178977966,25.278033972162422,50.13341400068485,201.17435174105992,213.31229106553468,-0.9588891863822937,-0.39399728178977966,-0.047839780143355354,-0.014969376109877405,-0.04783978014335541,-0.014969376109877319,0.0277099609375,0.0,-0.387939453125,-0.17078588339397674,0.0006372638640320559,9.694441183587092e-06,6346.747455144962,False,True,True,Omega_safe_one_step_QP,False,0.3602294921875,0.0,5.012710629273888,False,False,False,-0.5659482499969408,4.200331385293432e-05,0.00023107981769182883,0.0010523072567326652,0.11377260309529527,4.355739208605695e-06,0.0003566498824396626,0.0,0.0,0.0,0.0,4.234222923497323e-06,20.0,0.0,-20.68031281701529,20.0,20.0,0.0,0.0,0.0,0.0,0.0,False,-45.53072339532628,0.71227693982685,0.24140452492887113,0.15533847767094283
258,-26.29778811275264,-2527.5942399985515,14.32510872370412,4.580758885281095,39.56784797237399,24.248702195395627,0.1,0.0,0.0,25.35957966142867,50.154136021693105,200.01673350727643,213.44076075477435,0.0,0.0,0.0,0.0,-4.163336342344337e-17,1.1796119636642288e-16,0.26014284641297625,-0.05033574002966734,nan,nan,-0.004801790236710902,3.849523648963228e-05,6808.769118528379,True,True,True,Z_mode_existing_controller,False,0.05060201485354432,0.0,0.0,False,False,False,-2.876056566914026,4.528303113175308e-05,0.00024912307193418985,0.0010682549320899376,0.1154968224495827,3.7517154136847295e-05,0.0030719214286156686,0.0,0.0,0.0,0.0,1.9451892438311082e-34,20.0,18.528493836567108,-41.52336827043126,38.52849383656711,38.52849383656711,0.0,0.0,0.0,0.0,0.0,False,0.1,-0.09394077956676483,-0.0054963077418506145,25.293059385314326,50.13473085276827,198.76047922076924,214.23957868961497,-0.9394077658653259,-0.05496307462453842,-0.04426434696316825,-0.00040934755908039744,-0.044264346963168257,-0.0004093475590802864,0.0277099609375,0.0,-0.387939453125,-0.024318907113004558,-0.004790999608258838,3.790416963518595e-05,6782.471330415627,False,True,True,Omega_safe_one_step_QP,False,0.3602294921875,0.0,4.426623970363714,False,False,False,-2.7445676263502627,0.00012182590654398796,0.0006702211252400951,0.0005826780544214486,0.06299756900267368,8.598623377724747e-05,0.007040591435661591,0.0,0.0,0.0,0.0,2.2477815382600794e-06,20.0,44.48520257432521,-67.30048083002058,64.4852025743252,64.4852025743252,0.0,0.0,0.0,0.0,0.0,False,-26.29778811275264,0.3862340998050547,0.26574987029211644,0.15631070014873583
259,-54.96535830290031,-2582.559598301452,10.726148915535031,3.7239650573875926,37.76170438176831,28.768321288937635,0.1,0.0,0.0,25.291738513512303,50.15579284990232,213.36870405452845,216.3819441917589,0.0,0.0,0.0,0.0,0.0,-1.2620113287731272e-16,0.055419921875,0.0,nan,nan,-0.0015619039690457134,0.0001166867643496907,6756.598382504899,False,True,True,Omega_safe_one_step_QP,False,0.33251953125,0.0,0.0,False,False,False,-2.6152028867966237,5.363289206992717e-05,0.00029505955090108925,0.01782751174946855,1.9274621603833302,0.0008650560009992221,0.07083117383394893,0.0,0.0,0.0,0.0,6.1348579971674854e-34,20.0,34.98450812360985,-59.598299404174654,54.98450812360985,54.98450812360985,0.0,0.0,0.0,0.0,0.0,False,0.1,-0.09797943383455276,-0.04346967861056328,25.224650833879963,50.13619382653712,210.90143748242525,215.36778486380342,-0.9797943234443665,-0.4346967935562134,-0.05956181688817491,-0.019043514903242326,-0.05956181688817483,-0.019043514903242253,0.0277099609375,0.0,-0.387939453125,-0.1844075408159179,-0.001562498113272229,0.00011638363621107987,6701.6330242019985,False,True,True,Omega_safe_one_step_QP,False,0.3602294921875,0.0,6.253211567579072,False,False,False,-2.340376095282122,0.00013718427520876045,0.0007547146736188165,0.014740286751127332,1.593679776811513,0.0001272849171476937,0.010422146176101942,0.0,0.0,0.0,0.0,5.812447787167128e-06,20.0,78.10025750462842,-102.04549605001957,98.10025750462842,98.10025750462842,0.0,0.0,0.0,0.0,0.0,False,-54.96535830290031,0.8135063709754315,0.30527692093178616,0.15904529679664964
260,-42.204795769380326,-2624.764394070832,8.394467916486217,6.102276611804662,35.53573395984211,27.47254204262804,0.1,0.0,0.0,25.283533763192537,50.16108240287122,214.92135673482514,217.0118445211751,0.0,0.0,0.0,0.0,-8.326672684688674e-17,5.204170427930421e-17,0.055419921875,0.0,nan,nan,0.0020435946587196692,3.3717341692611653e-05,6534.6728380250115,False,True,True,Omega_safe_one_step_QP,False,0.33251953125,0.0,0.0,False,False,False,-1.505575164397187,1.962746288178569e-05,0.00010797982655264537,0.00024107303456324906,0.0260641618717933,3.967744249986576e-05,0.0032488068099038973,0.0,0.0,0.0,0.0,3.870385679743431e-34,20.0,0.0,-21.534996112905436,20.0,20.0,0.0,0.0,0.0,0.0,0.0,False,0.1,-0.09623498469591141,-0.03527069091796875,25.214729708175685,50.141154076240475,212.9012650780791,216.3615187504694,-0.9623498320579529,-0.3527069091796875,-0.06051790725993603,-0.016311664890511106,-0.06051790725993597,-0.01631166489051112,0.0277099609375,0.0,-0.387939453125,-0.1523379679433367,0.0020382256371509477,3.4040086908759424e-05,6492.468042255631,False,True,True,Omega_safe_one_step_QP,False,0.3602294921875,0.0,6.267764761557766,False,False,False,-1.2945511855502856,7.555985138318495e-05,0.00041568997969021655,0.00039993104123386215,0.043239458179796415,9.87507037508272e-05,0.008085751969259994,0.0,0.0,0.0,0.0,8.377113291033452e-08,20.0,0.002647105182956078,-21.34893927463312,20.002647105182955,20.002647105182955,0.0,0.0,0.0,0.0,0.0,False,-42.204795769380326,0.6458593538729626,0.3093090709378098,0.16099654806287084
261,-10.131496057431832,-2634.895890128264,9.552808280097496,4.21588573703884,36.06386007376592,23.15073049959148,0.1,0.0,0.0,25.330679993922946,50.16494031163112,205.57909461016578,215.23244300404093,0.0,0.0,0.0,0.0,2.7755575615628914e-17,1.0581813203458523e-16,0.055419921875,0.0,nan,nan,-5.4254610449120614e-05,-7.679871559391864e-05,6440.19651641464,False,True,True,Omega_safe_one_step_QP,False,0.33251953125,0.0,0.0,False,False,False,-1.0331935563453316,1.5758325068725177e-05,8.66938950759763e-05,0.008727786160584474,0.9436245396918821,0.0003166269759179406,0.025925558976362024,0.0,0.0,0.0,0.0,1.5217855826197268e-34,20.0,0.0,-22.002830348908653,20.0,20.0,0.0,0.0,0.0,0.0,0.0,False,0.1,-0.09526341408491135,-0.03505755588412285,25.260456961694036,50.14475709324891,204.9437261528445,214.83590090474578,-0.9526340961456299,-0.3505755662918091,-0.051463779255859626,-0.014588934117897722,-0.0514637792558595,-0.014588934117897757,0.0277099609375,0.0,-0.387939453125,-0.15296168735576524,-5.696589840999827e-05,-7.67548967451502e-05,6430.065020357209,False,True,True,Omega_safe_one_step_QP,False,0.3602294921875,0.0,5.3491658919799665,False,False,False,-0.9825360760581725,6.698357377348371e-05,0.00036850787702414733,0.006332242574662364,0.6846248721947338,0.00023275098111903673,0.019057754855895722,0.0,0.0,0.0,0.0,8.494503522911078e-07,20.0,0.0,-21.68658806043618,20.0,20.0,0.0,0.0,0.0,0.0,0.0,False,-10.131496057431832,0.15731656684091677,0.3160641033460865,0.1609820683894982
262,-1.6533363638245646,-2636.5492264920886,9.927024901536045,5.994744672305481,41.628208371162614,24.321891096996115,0.1,0.0,0.0,25.338620409607643,50.165127814273376,204.00895859761343,214.90201507449896,0.0,0.0,0.0,0.0,-1.1102230246251565e-16,1.214306433183765e-16,0.055419921875,0.0,nan,nan,0.0006631357767192319,-1.5493209660260177e-05,6440.628170920652,False,True,True,Omega_safe_one_step_QP,False,0.33251953125,0.0,0.0,False,False,False,-1.0353518288753911,9.39463938386609e-06,5.1684292427622185e-05,0.0002465327097913805,0.026654447131906466,1.0918261662139241e-05,0.0008939921679778283,0.0,0.0,0.0,0.0,1.950304995245887e-34,0.0,0.0,-1.0629519524677031,0.0,0.0,0.0,0.0,0.0,0.0,0.0,False,0.1,-0.09559276700019836,-0.029974421486258507,25.268145250588095,50.14489859379936,203.72560035746878,214.78737874475146,-0.9559276700019836,-0.29974421858787537,-0.050372992839984004,-0.012201596109810779,-0.05037299283998396,-0.012201596109810808,0.0277099609375,0.0,-0.387939453125,-0.130332567186803,0.0006614059185774028,-1.5489795868242878e-05,6438.974834556828,False,True,True,Omega_safe_one_step_QP,False,0.3602294921875,0.0,5.182969568967233,False,False,False,-1.0270851470562683,4.955506784684908e-05,0.00027262553816229725,0.00014838304533597467,0.016042771932884087,2.3544000105144068e-07,1.9277933015523597e-05,0.0,0.0,0.0,0.0,6.889197769915164e-08,20.0,0.0,-21.043419891352308,20.0,20.0,0.0,0.0,0.0,0.0,0.0,False,-1.6533363638245646,0.025670420958150565,0.3105565434222897,0.1604517070406601
263,13.374005309974564,-2623.175221182114,9.18011555636518,4.6659049285583025,43.11856021792451,24.503329788160748,0.1,0.0,0.0,25.356022561466133,50.166297350618215,200.56200469187706,214.22719326814877,0.0,0.0,0.0,0.0,0.0,9.367506770274758e-17,0.26014284641297625,-0.05033574002966734,nan,nan,0.0007481523611398012,-1.6139245062242284e-05,6279.031017183197,True,True,True,Z_mode_existing_controller,False,0.05060201485354432,0.0,0.0,False,False,False,-0.22736606018811473,5.85717613052099e-06,3.222305737991596e-05,0.0011881491228271182,0.1284594567837088,4.553844703257403e-05,0.0037287084930530735,0.0,0.0,0.0,0.0,1.3096323621833205e-34,0.0,0.0,-0.3595864485222565,0.0,0.0,0.0,0.0,0.0,0.0,0.0,False,0.1,-0.0931600034236908,-0.0056162248365581036,25.285596068151282,50.14606958967355,200.89052192100115,215.21663086178694,-0.931600034236908,-0.05616224557161331,-0.04604685622350189,-0.0014852272029534722,-0.046046856223501804,-0.0014852272029533698,0.0277099609375,0.0,-0.387939453125,-0.0250577552250819,0.0007435622507813997,-1.6238729681681413e-05,6292.405022493172,False,True,True,Omega_safe_one_step_QP,False,0.3602294921875,0.0,4.60708027704342,False,False,False,-0.2942360867379875,3.5663208331965374e-05,0.00019619994052161093,0.0008037669740923718,0.08690110263845646,1.842573799794368e-05,0.0015087077017483413,0.0,0.0,0.0,0.0,1.335560205723286e-06,20.0,0.0,-20.38284343257892,20.0,20.0,0.0,0.0,0.0,0.0,0.0,False,13.374005309974564,-0.21299473236197208,0.2935339768698885,0.15903012135915023
264,21.84714486827579,-2601.328076313838,11.100043584156271,5.317042755863177,39.32982916360165,21.515009702820482,0.1,0.0,0.0,25.37184567533954,50.16691600331859,197.43282063669764,213.5885702969096,0.0,0.0,0.0,0.0,-1.1449174941446927e-16,1.1102230246251565e-16,0.26014284641297625,-0.05033574002966734,nan,nan,-0.0009611294278603106,-9.20139291511815e-05,6405.024072341986,True,True,True,Z_mode_existing_controller,False,0.05060201485354432,0.0,0.0,False,False,False,-0.8573313359820577,8.257491154052198e-06,4.542830970792487e-05,0.0009791792851189134,0.10586620538080241,4.0783929939433075e-05,0.003339406498347818,0.0,0.0,0.0,0.0,1.340928723779613e-34,0.0,0.0,-0.9665823761709158,0.0,0.0,0.0,0.0,0.0,0.0,0.0,False,0.1,-0.09402947872877121,-0.0018439115956425667,25.301920313774268,50.14675380422695,198.09012231589307,214.81036257232665,-0.9402948021888733,-0.018439115956425667,-0.04361472474909721,0.0006758773405551016,-0.04361472474909733,0.0006758773405550877,0.0277099609375,0.0,-0.387939453125,-0.008150856355618318,-0.0009567150917303138,-9.201298234574364e-05,6426.871217210261,False,True,True,Omega_safe_one_step_QP,False,0.3602294921875,0.0,4.361996131496448,False,False,False,-0.9665670603234366,4.5125074163592665e-05,0.0002482540769893276,0.0007842237948289509,0.08478814716529826,1.6505392302098662e-05,0.0013514689337997257,0.0,0.0,0.0,0.0,1.0585636356761765e-07,20.0,0.0,-21.052955036355886,20.0,20.0,0.0,0.0,0.0,0.0,0.0,False,21.84714486827579,-0.3410938760186021,0.2714809759060713,0.1570956271761103
265,14.785174695414753,-2586.5429016184235,10.295638027934181,5.398623643473933,45.6692374915461,24.59337572107796,0.1,0.0,0.0,25.35943972665074,50.16552993850872,199.89223390356966,214.02832415866897,0.0,0.0,0.0,0.0,-3.469446951953614e-17,-1.4224732503009818e-16,0.26014284641297625,-0.05033574002966734,nan,nan,7.161626083974676e-05,1.4150777477729866e-05,6379.426365400084,True,True,True,Z_mode_existing_controller,False,0.05060201485354432,0.0,0.0,False,False,False,-0.7293428012725508,7.2130579254290164e-06,3.968239544728915e-05,0.0006048713617266098,0.06539704912337715,1.9338345893226754e-05,0.00158343244604046,0.0,0.0,0.0,0.0,7.051311008887767e-34,0.0,0.0,-0.7963629652374157,0.0,0.0,0.0,0.0,0.0,0.0,0.0,False,0.1,-0.09507645666599274,-0.002763239433988929,25.290414906239185,50.145480919573885,200.26950048673922,215.17296020262864,-0.950764536857605,-0.027632392942905426,-0.046441158898608045,-0.00010960745558629033,-0.04644115889860798,-0.00010960745558627992,0.0277099609375,0.0,-0.387939453125,-0.012080160451148843,7.159601998116358e-05,1.4143805028603556e-05,6394.211540095499,False,True,True,Omega_safe_one_step_QP,False,0.3602294921875,0.0,4.644128824268405,False,False,False,-0.8032686747496246,4.032674994766641e-05,0.000221856257785711,0.0004749689211560709,0.05135234999431209,1.3147704150061943e-05,0.0010765399200683735,0.0,0.0,0.0,0.0,8.605716366489235e-08,20.0,0.0,-20.855919506978953,20.0,20.0,0.0,0.0,0.0,0.0,0.0,False,14.785174695414753,-0.23176338825077894,0.25100500072784737,0.15560326980894146
266,18.01102102146433,-2568.531880596959,8.836777067363368,4.890794784681412,39.02157131338376,22.644988236755367,0.1,0.0,0.0,25.364563218454443,50.16665270545462,198.86641742537066,213.86793788265032,0.0,0.0,0.0,0.0,-8.326672684688674e-17,-2.42861286636753e-17,0.26014284641297625,-0.05033574002966734,nan,nan,0.001126156624573965,-9.098744640979352e-05,6203.48706793516,True,True,True,Z_mode_existing_controller,False,0.05060201485354432,0.0,0.0,False,False,False,0.15035368605207167,4.229866430375827e-06,2.3270467825808223e-05,0.00010522994469446091,0.011377175872221786,2.57237575351279e-06,0.0002106272818786719,0.0,0.0,0.0,0.0,1.6274108030072142e-34,0.0,0.0,0.1387426124301454,0.0,0.0,0.0,0.0,0.0,0.0,0.0,False,0.1,-0.09502103179693222,-0.001840077224187553,25.296142223018148,50.146673801420135,199.39637003125532,215.07596884973574,-0.9502103328704834,-0.0184007715433836,-0.04549447340073693,0.00041556316933551336,-0.04549447340073691,0.0004155631693354145,0.0277099609375,0.0,-0.387939453125,-0.008049028784467487,0.001120559763111732,-9.12145770115304e-05,6221.498088956624,False,True,True,Omega_safe_one_step_QP,False,0.3602294921875,0.0,4.549637131418365,False,False,False,0.060298580944750026,2.4829441700329896e-05,0.00013659833796902436,7.623567922935275e-05,0.008242394623022994,9.407322535995031e-07,7.702757938092017e-05,0.0,0.0,0.0,0.0,1.1720176171600453e-08,0.0,0.0,0.05184254868420092,0.0,0.0,0.0,0.0,0.0,0.0,0.0,False,18.01102102146433,-0.29033704470120425,0.23400781375595514,0.15394523400487836
267,54.21829380235067,-2514.3135867946085,11.853684396561672,4.325852934973993,33.03375423416105,26.481537568938368,0.1,0.0,0.0,25.384653110493538,50.16551075510287,194.91680740397106,212.95286144611353,0.0,0.0,0.0,0.0,-5.876375774871434e-17,2.7755575615628914e-17,0.26014284641297625,-0.05033574002966734,nan,nan,-0.002575186202092597,3.93240065060768e-05,6422.765680516449,True,True,True,Z_mode_existing_controller,False,0.05060201485354432,0.0,0.0,False,False,False,-0.9460393768543736,1.2897855742192284e-05,7.095711933483766e-05,0.0015599419321140095,0.16865668573375908,8.373648847048761e-05,0.0068563812796472385,0.0,0.0,0.0,0.0,3.308734478920542e-35,20.0,0.0,-21.121623400987115,20.0,20.0,0.0,0.0,0.0,0.0,0.0,False,0.1,-0.09381397813558578,-0.0005728941760025918,25.31687365914512,50.145619846135865,196.89591012193756,213.95007662038847,-0.938139796257019,-0.00572894187644124,-0.03147148217230422,-0.0017890504720159128,-0.031471482172304166,-0.0017890504720159406,0.23243288547547625,-0.05033574002966734,-0.32560894130464346,-0.0537435361692376,-0.0025648589927003843,3.989148038971977e-05,6476.9839743187995,True,True,True,Z_mode_existing_controller,False,0.07831197579104432,0.0,3.1522291980645614,False,False,False,-1.217130845866127,5.474119765190486e-05,0.0003011568567643111,0.0006252299758105355,0.06759816719504431,0.00012676333121045704,0.010379438485331544,0.0,0.0,0.0,0.0,2.0150460430033416e-06,20.0,0.0,-21.29541162344931,20.0,20.0,0.0,0.0,0.0,0.0,0.0,False,54.21829380235067,-0.8441580543226517,0.18565316463461956,0.15011777763544124
268,-4.5690033110122386,-2518.8825901056207,12.994164143879035,7.0356988776738,38.57922722628405,28.103560401571205,0.1,0.0,0.0,25.345959699612834,50.16636492306401,202.5321114253116,214.62264828293183,0.0,0.0,0.0,0.0,-1.3877787807814457e-17,5.551115123125783e-17,0.055419921875,0.0,nan,nan,-0.0016585423118733794,0.0001311958400910863,6730.408992682495,False,True,True,Omega_safe_one_step_QP,False,0.33251953125,0.0,0.0,False,False,False,-2.4842559376846065,2.258173704029286e-05,0.00012423266642022708,0.005799285533744533,0.6270030041564411,0.0002788188080411676,0.022829809212035215,0.0,0.0,0.0,0.0,2.7851222752902624e-35,20.0,0.0,-23.134212983719504,20.0,20.0,0.0,0.0,0.0,0.0,0.0,False,0.1,-0.09470509737730026,-0.024451201781630516,25.280231686964356,50.14681485426594,202.14244852696203,214.72233242399847,-0.9470509886741638,-0.24451202154159546,-0.04820012458113926,-0.009600304138408428,-0.04820012458113922,-0.009600304138408565,0.0277099609375,0.0,-0.387939453125,-0.10731341791634826,-0.0016495671641040552,0.0001311626324614092,6725.839989371483,False,True,True,Omega_safe_one_step_QP,False,0.3602294921875,0.0,4.914690070785019,False,False,False,-2.4614109211295454,7.48188033462478e-05,0.0004116131288523067,0.0027526165235396676,0.29760542389359423,5.963790262093176e-05,0.004883178248293703,0.0,0.0,0.0,0.0,3.408631606834068e-06,20.0,0.7422208156288375,-23.50653536066073,20.742220815628837,20.742220815628837,0.0,0.0,0.0,0.0,0.0,False,-4.5690033110122386,0.06788596823729133,0.18286476818867756,0.14978865912331937
269,-9.654327686030229,-2528.536917791651,7.476153950544397,6.024345715533061,38.48130754997375,24.235036054357472,0.1,0.0,0.0,25.327311824042923,50.170236827263544,206.1601811597229,215.61433484168964,0.0,0.0,0.0,0.0,6.938893903907228e-17,-2.168404344971009e-17,0.055419921875,0.0,nan,nan,0.0029831225644629425,-6.640275462721501e-05,6229.289347860971,False,True,True,Omega_safe_one_step_QP,False,0.33251953125,0.0,0.0,False,False,False,0.02134228642301423,5.561679284496704e-06,3.059739142539433e-05,0.0013162889997751267,0.1423135923200842,9.834422308208993e-05,0.008052469149564838,0.0,0.0,0.0,0.0,1.2892445881626587e-34,0.0,0.0,-0.1290543724380602,0.0,0.0,0.0,0.0,0.0,0.0,0.0,False,0.1,-0.09521974623203278,-0.033164530992507935,25.261688663019296,50.150662131378695,205.54023171171337,215.28166277878873,-0.9521974325180054,-0.33164530992507935,-0.052065472943198576,-0.014188406716977721,-0.052065472943198604,-0.01418840671697769,0.0277099609375,0.0,-0.387939453125,-0.14476847944020468,0.0029739184330819686,-6.628293215358693e-05,6219.635020174941,False,True,True,Omega_safe_one_step_QP,False,0.3602294921875,0.0,5.3964102493836705,False,False,False,0.06961392485316537,2.650183510293201e-05,0.00014579895399506956,0.0011544930570579006,0.12482065434458134,3.128504457898006e-05,0.002561633499353727,0.0,0.0,0.0,0.0,3.599160323154784e-07,0.0,0.0,-0.057914521860797076,0.0,0.0,0.0,0.0,0.0,0.0,0.0,False,-9.654327686030229,0.1549828101875755,0.18003929503178573,0.14980782895465114
270,44.95867433952026,-2483.5782434521307,8.54172840577676,6.2514627257025195,42.79637783957099,27.704494997166538,0.1,0.0,0.0,25.38127813725203,50.17071033336551,195.51324918956618,213.36170189782206,0.0,0.0,0.0,0.0,8.673617379884035e-18,6.938893903907228e-18,0.26014284641297625,-0.05033574002966734,nan,nan,0.002166713006745081,6.998401222629586e-05,6092.028197268726,True,True,True,Z_mode_existing_controller,False,0.05060201485354432,0.0,0.0,False,False,False,0.7076480393842394,8.184148888720348e-06,4.5024819703271203e-05,0.011335716037714513,1.2255868362670699,0.0005074355179797527,0.04154904808709154,0.0,0.0,0.0,0.0,4.505622826927795e-35,20.0,0.0,-20.559532869789624,20.0,20.0,0.0,0.0,0.0,0.0,0.0,False,0.1,-0.09301865845918655,-0.0016579683870077133,25.315300356717838,50.15108962984031,197.2235078330836,214.25366140831247,-0.9301865696907043,-0.016579683870077133,-0.03119922610338307,-0.0023821106561857028,-0.031199226103383035,-0.002382110656185644,0.23243288547547625,-0.05033574002966734,-0.32560894130464346,-0.060282300459104474,0.002158713284886464,6.963441540078588e-05,6136.9868716082465,True,True,True,Z_mode_existing_controller,False,0.07831197579104432,0.0,3.1290032927888283,False,False,False,0.4828546676866381,9.143431757510419e-06,5.030228212471342e-05,0.006916789607337065,0.7478245100510056,0.00010567868177010706,0.008653017920637204,0.0,0.0,0.0,0.0,5.74788883855187e-06,0.0,0.0,-0.273678910455968,0.0,0.0,0.0,0.0,0.0,0.0,0.0,False,44.95867433952026,-0.7379918950420623,0.1307665082019265,0.14661498693912273
271,34.05552462548076,-2449.52271882665,11.039817885189711,2.7600708456093255,41.74458814484888,23.39157481002916,0.1,0.0,0.0,25.414191220780502,50.172257560704644,189.00406782682845,212.05456758752138,0.0,0.0,0.0,0.0,-6.245004513516506e-17,-9.71445146547012e-17,0.055419921875,0.0,nan,nan,-0.0024067077752523945,-2.7125184166347342e-05,6192.012043008564,False,True,True,Omega_safe_one_step_QP,False,0.33251953125,0.0,0.0,False,False,False,0.2077288106850483,6.522293975920397e-06,3.588218082423773e-05,0.004236944201301227,0.458086901774564,0.00017086001051652407,0.0139900943894812,0.0,0.0,0.0,0.0,1.5891931306732802e-34,0.0,0.0,-0.26438406765982114,0.0,0.0,0.0,0.0,0.0,0.0,0.0,False,0.1,-0.0908128023147583,-0.0013540878426283598,25.34976527284044,50.15291857608071,190.19153974008537,212.86870066110794,-0.908128023147583,-0.01354087796062231,-0.03048777308650273,-0.0021779836123613366,-0.030487773086502787,-0.0021779836123614685,0.23243288547547625,-0.05033574002966734,-0.32560894130464346,-0.05865656742470832,-0.0024013666367366,-2.6991942341611074e-05,6226.067567634045,True,True,True,Z_mode_existing_controller,False,0.07831197579104432,0.0,3.0565469412227166,False,False,False,0.03745118755764452,3.0221060298217473e-05,0.00016626014624981784,0.004944857526094512,0.5346245681379524,0.00019181162712973322,0.015705622166547976,0.0,0.0,0.0,0.0,5.478332452484032e-09,0.0,0.0,-0.5130452683714382,0.0,0.0,0.0,0.0,0.0,0.0,0.0,False,34.05552462548076,-0.5499912530682662,0.06408160390540636,0.14407790171524504
272,17.767237619144908,-2431.755481207505,9.126831161097694,5.292320730188399,40.48597456357158,22.48019719457873,0.1,0.0,0.0,25.37311491819183,50.1708482551596,197.11576318452833,213.70024179325944,0.0,0.0,0.0,0.0,9.367506770274758e-17,-9.020562075079397e-17,0.26014284641297625,-0.05033574002966734,nan,nan,0.0010632858324140333,-8.660665075198044e-05,6191.5712643153765,True,True,True,Z_mode_existing_controller,False,0.05060201485354432,0.0,0.0,False,False,False,0.20993270415098778,4.956253039221825e-06,2.726665931045207e-05,0.00657996015761299,0.7114074245951372,0.0002708243591431598,0.022175220146185913,0.0,0.0,0.0,0.0,2.4423199107260634e-34,0.0,0.0,-0.5236772072496457,0.0,0.0,0.0,0.0,0.0,0.0,0.0,False,0.1,-0.09412337839603424,-0.0008678736048750579,25.310011388803257,50.15171863755393,197.65747873181263,214.44660635128054,-0.94123375415802,-0.008678736165165901,-0.031627007112895816,-0.0019585072803841932,-0.03162700711289574,-0.001958507280384332,0.23243288547547625,-0.05033574002966734,-0.32560894130464346,-0.05548121801964067,0.0010593839644451025,-8.677002649814256e-05,6209.338501934521,True,True,True,Z_mode_existing_controller,False,0.07831197579104432,0.0,3.1687589521553647,False,False,False,0.12109651605526324,1.8513662716461915e-05,0.00010185229242404551,0.005574024502819339,0.602648393181065,0.0002489786367079068,0.020386482582892603,0.0,0.0,0.0,0.0,1.3460240271896381e-08,0.0,0.0,-0.5020402254613586,0.0,0.0,0.0,0.0,0.0,0.0,0.0,False,17.767237619144908,-0.2869584611186655,0.0434995265632667,0.14251384698734215
273,9.053403595228701,-2422.7020776122763,9.680292279352123,5.217050313567229,41.14364764930012,22.562525110603435,0.1,0.0,0.0,25.39080165964464,50.169512455697785,193.64218862688676,212.875706223274,0.0,0.0,0.0,0.0,-5.898059818321144e-17,9.71445146547012e-17,0.26014284641297625,-0.05033574002966734,nan,nan,0.00047715577284438516,-7.350718669834081e-05,6165.652222440812,True,True,True,Z_mode_existing_controller,False,0.05060201485354432,0.0,0.0,False,False,False,0.33952791352381156,4.808835973534161e-06,2.6455649284361234e-05,0.0012065720207494828,0.13045129048035584,6.798589061712192e-05,0.0055667152542665625,0.0,0.0,0.0,0.0,5.840382556354293e-34,0.0,0.0,0.2034834521399048,0.0,0.0,0.0,0.0,0.0,0.0,0.0,False,0.1,-0.09289410710334778,-0.0008951426716521382,25.328353808204422,50.150484501549215,193.81197072045336,213.55301077085463,-0.9289410710334778,-0.008951426483690739,-0.031242529628892478,-0.0019544712279708984,-0.031242529628892533,-0.001954471227970919,0.23243288547547625,-0.05033574002966734,-0.32560894130464346,-0.055713121515899355,0.0004760633149346206,-7.359346349083539e-05,6174.7056260360405,True,True,True,Z_mode_existing_controller,False,0.07831197579104432,0.0,3.130360387228903,False,False,False,0.29426089554766804,1.4985731807796043e-05,8.244349924981537e-05,0.0014787931865428339,0.15988310371911377,7.985130613567179e-05,0.006538260805347246,0.0,0.0,0.0,0.0,1.4783922542451986e-09,0.0,0.0,0.127757086045565,0.0,0.0,0.0,0.0,0.0,0.0,0.0,False,9.053403595228701,-0.14683610538845326,-0.0032685824679258902,0.14147207386643385
274,0.9991975219727465,-2421.7028800903036,9.784944356009845,4.463984329577965,42.157041805658196,27.583428464012744,0.1,0.0,0.0,25.396827577854538,50.167902934884026,192.47062193667105,212.5271086504391,0.0,0.0,0.0,0.0,-6.245004513516506e-17,2.0816681711721685e-17,0.26014284641297625,-0.05033574002966734,nan,nan,-1.3379617645497784e-05,8.288493985681919e-05,6148.109384086759,True,True,True,Z_mode_existing_controller,False,0.05060201485354432,0.0,0.0,False,False,False,0.4272421052940763,4.985006197479172e-06,2.7424843843020986e-05,0.0001372568509622999,0.014839838009984426,1.2152026778638665e-05,0.0009950134097657475,0.0,0.0,0.0,0.0,5.837975143923809e-35,0.0,0.0,0.4113798290304831,0.0,0.0,0.0,0.0,0.0,0.0,0.0,False,0.1,-0.09258624166250229,-0.00013544067041948438,25.3347738001485,50.14892047962047,192.30104519130566,213.18771864648994,-0.9258624315261841,-0.0013544067041948438,-0.03116634471134827,-0.001525703825327282,-0.031166344711348173,-0.0015257038253272126,0.23243288547547625,-0.05033574002966734,-0.32560894130464346,-0.051152076860972416,-1.3890010616924783e-05,8.290094489270218e-05,6149.108581608732,True,True,True,Z_mode_existing_controller,False,0.07831197579104432,0.0,3.120366668885576,False,False,False,0.42224611768421255,1.6235832358786553e-05,8.932088536346272e-05,0.00022828959546302522,0.02468205114924781,1.334383361228651e-05,0.001092599088511504,0.0,0.0,0.0,0.0,1.8964562723107138e-09,0.0,0.0,0.3963821446646335,0.0,0.0,0.0,0.0,0.0,0.0,0.0,False,0.9991975219727465,-0.016252110357030797,-0.032663474497978295,0.14090784643771867
275,-6.645591561500623,-2428.348471651804,10.294729371703069,4.711604718716828,36.16955739047346,24.598100146648594,0.1,0.0,0.0,25.394531319484816,50.169243639355216,192.9049580374653,212.69113852062105,0.0,0.0,0.0,0.0,1.3877787807814457e-17,-3.469446951953614e-17,0.26014284641297625,-0.05033574002966734,nan,nan,-0.0005718758620347591,-2.2885008027788336e-05,6211.96666177463,True,True,True,Z_mode_existing_controller,False,0.05060201485354432,0.0,0.0,False,False,False,0.10795571685472169,4.88667989661577e-06,2.6883905007638132e-05,1.8864784845314472e-05,0.002039609310828276,2.690579831191168e-06,0.00022030588484107862,0.0,0.0,0.0,0.0,8.907425992790966e-35,0.0,0.0,0.10566891775404469,0.0,0.0,0.0,0.0,0.0,0.0,0.0,False,0.1,-0.09343060106039047,-0.00045154645340517163,25.3326040507718,50.1502548712281,192.41708836864905,213.28284384350644,-0.9343059659004211,-0.0045154644176363945,-0.03147752398606538,-0.0017153287641287138,-0.03147752398606543,-0.0017153287641288074,0.23243288547547625,-0.05033574002966734,-0.32560894130464346,-0.053032734428445034,-0.0005704194089372712,-2.29220022355365e-05,6205.321070213129,True,True,True,Z_mode_existing_controller,False,0.07831197579104432,0.0,3.1524226700465965,False,False,False,0.1411836746622248,2.19395224152155e-05,0.00012069954427178176,1.346601900794845e-06,0.00014559094086473984,9.048803107428007e-07,7.409200619972196e-05,0.0,0.0,0.0,0.0,1.3279015842906706e-09,0.0,0.0,0.14084329084298697,0.0,0.0,0.0,0.0,0.0,0.0,0.0,False,-6.645591561500623,0.10698047693002453,-0.02147172070836301,0.14078565895596756
276,-12.17612552360788,-2440.524597175412,9.11133427272489,4.20588075027833,39.25976365486985,19.267122126632408,0.1,0.0,0.0,25.38421290966338,50.16853313041656,194.9448965853555,213.08016444087235,0.0,0.0,0.0,0.0,2.873135757086587e-17,-1.1796119636642288e-16,0.26014284641297625,-0.05033574002966734,nan,nan,0.0005037144407969235,-0.00018736548351368188,6139.22056945259,True,True,True,Z_mode_existing_controller,False,0.05060201485354432,0.0,0.0,False,False,False,0.47168617846492,3.983508233428278e-06,2.1915136495598183e-05,0.0004161349279168443,0.04499137840688691,1.5134116662737031e-05,0.0012391882686477703,0.0,0.0,0.0,0.0,7.153976334499885e-35,0.0,0.0,0.42543369665288977,0.0,0.0,0.0,0.0,0.0,0.0,0.0,False,0.1,-0.09334491938352585,-0.0010960506042465568,25.32218348869944,50.149488122778905,194.21641261996044,213.59308986119197,-0.9334492087364197,-0.010960505343973637,-0.031475513206616006,-0.0020736470575849347,-0.03147551320661588,-0.0020736470575849313,0.23243288547547625,-0.05033574002966734,-0.32560894130464346,-0.056888234642942986,0.0005013312220589648,-0.0001874071149249848,6127.044443928982,True,True,True,Z_mode_existing_controller,False,0.07831197579104432,0.0,3.154374650765637,False,False,False,0.5325668060829594,1.742978008590387e-05,9.588934860619254e-05,0.00032375677613572933,0.03500370348587305,9.625259148972947e-06,0.0007881205415489896,0.0,0.0,0.0,0.0,1.283960426593036e-09,0.0,0.0,0.4966790914229708,0.0,0.0,0.0,0.0,0.0,0.0,0.0,False,-12.17612552360788,0.1983334103386609,-0.011985494997645847,0.14098976035371072
277,-16.22165519757982,-2456.746252372992,6.9113531419655185,5.184329098688294,37.000036796554916,25.69560671868712,0.1,0.0,0.0,25.39171767185587,50.16485170189405,193.5061735481115,212.55538433225095,0.0,0.0,0.0,0.0,-1.196959198423997e-16,8.326672684688674e-17,0.26014284641297625,-0.05033574002966734,nan,nan,0.0032301213517715965,-2.930035858477115e-05,5879.308681640853,True,True,True,Z_mode_existing_controller,False,0.05060201485354432,0.0,0.0,False,False,False,1.7712456175236049,1.4470310139184293e-05,7.960792428460579e-05,0.00020699239778966495,0.02237945596858108,2.7539416240468805e-05,0.002254939768940897,0.0,0.0,0.0,0.0,6.252333376105613e-34,20.0,0.0,-18.253468386138202,20.0,20.0,0.0,0.0,0.0,0.0,0.0,False,0.1,-0.09373657405376434,-0.0004859793116338551,25.32933417927385,50.14571429844124,192.57636046468795,213.06828748057887,-0.937365710735321,-0.004859792999923229,-0.03163401113931755,-0.0017393360090437737,-0.03163401113931751,-0.0017393360090437668,0.23243288547547625,-0.05033574002966734,-0.32560894130464346,-0.053228920045889735,0.0032222747463904406,-2.9044955397841557e-05,5863.087026443273,True,True,True,Z_mode_existing_controller,False,0.07831197579104432,0.0,3.168179209758839,False,False,False,1.8523538935115038,1.8625255980723504e-06,1.0246621901211167e-05,0.00026897710720139245,0.02908107443292021,2.7541753869717278e-05,0.0022551311750735256,0.0,0.0,0.0,0.0,1.3688547184738381e-09,20.0,0.0,-18.178992560087245,20.0,20.0,0.0,0.0,0.0,0.0,0.0,False,-16.22165519757982,0.27591092891983565,-0.035175792271568355,0.14144646787231718
278,-9.445699458340641,-2466.1919518313325,10.142556481555733,4.396677172507103,35.81414844725655,21.894794173492024,0.1,0.0,0.0,25.43893958164906,50.16411776247479,184.20302830902955,210.52035630700917,0.0,0.0,0.0,0.0,-5.551115123125783e-17,8.326672684688674e-17,0.055419921875,0.0,nan,nan,-0.0005985323349617039,-0.0001072884469747893,5986.435608837104,False,True,True,Omega_safe_one_step_QP,False,0.33251953125,0.0,0.0,False,False,False,1.2356109815423497,7.411696426392475e-06,4.077519847587704e-05,0.008654851133945301,0.9357390026641055,0.0004141339063519483,0.03390947022789749,0.0,0.0,0.0,0.0,4.1196845216658215e-35,20.0,0.0,-19.734078266548128,20.0,20.0,0.0,0.0,0.0,0.0,0.0,False,0.1,-0.090008944272995,-0.0004311609664000571,25.37595853090944,50.144861986265006,183.580831178217,211.62366477460077,-0.90008944272995,-0.004311609547585249,-0.027213960930701386,0.004405421575623347,-0.02721396093070126,0.004405421575623424,0.0277099609375,0.0,-0.387939453125,-0.0019910443845142746,-0.0005963546268576384,-0.00010745211436096185,5976.9899093787635,False,True,True,Omega_safe_one_step_QP,False,0.3602294921875,0.0,2.75682318765042,False,False,False,1.282839478834053,5.232744732623158e-06,2.878776905736842e-05,0.008091954714375639,0.8748801703052865,0.0002086934762627503,0.017087915554719394,0.0,0.0,0.0,0.0,5.729488962101353e-07,20.0,0.0,-19.609157967743908,20.0,20.0,0.0,0.0,0.0,0.0,0.0,False,-9.445699458340641,0.15778503395905594,-0.04879865341552056,0.14150258814361583
279,-14.432776006976383,-2480.624727838309,10.654217700304294,6.744492005161427,39.09405410387087,20.895820707407843,0.1,0.0,0.0,25.421039583018462,50.160381752534406,187.77318232709976,211.06226243045552,0.0,0.0,0.0,0.0,-1.249000902703301e-16,-4.85722573273506e-17,0.055419921875,0.0,nan,nan,0.0003218214503331958,-0.00011843656968753085,6122.667989893828,False,True,True,Omega_safe_one_step_QP,False,0.33251953125,0.0,0.0,False,False,False,0.5544490762587293,6.5335910150957195e-06,3.5944331105099644e-05,0.0012745999712742882,0.1378062877636363,2.9366224662865364e-05,0.0024045196629346147,0.0,0.0,0.0,0.0,2.2196342609062895e-34,20.0,0.0,-19.585797675498945,20.0,20.0,0.0,0.0,0.0,0.0,0.0,False,0.1,-0.09334300458431244,0.00037819004501216114,25.3578628793125,50.14103180387755,186.9453159214053,212.2033402646074,-0.933430016040802,0.0037819005083292723,-0.03178962216686165,0.004366973900333547,-0.0317896221668616,0.004366973900333575,0.0277099609375,0.0,-0.387939453125,0.0016840519684749246,0.0003247471193722246,-0.00011866885743741604,6108.235213886852,False,True,True,Omega_safe_one_step_QP,False,0.3602294921875,0.0,3.2088168201971445,False,False,False,0.6266129562936112,5.414056332508202e-06,2.9785248722747795e-05,0.0011319757587146743,0.12238614519262832,3.360236737144172e-05,0.0027513769302444763,0.0,0.0,0.0,0.0,2.0938153971835529e-07,20.0,0.0,-19.498554560459525,20.0,20.0,0.0,0.0,0.0,0.0,0.0,False,-14.432776006976383,0.23572690909909452,-0.0814215934412729,0.1418324394665421
280,-10.831778503457826,-2491.4565063417667,9.651556436251681,5.05603903369199,44.29109703822917,27.41696400162575,0.1,0.0,0.0,25.419908773816772,50.156986753568695,188.03348689432443,210.91684399319303,0.0,0.0,0.0,0.0,-1.3877787807814457e-16,1.3183898417423734e-16,0.055419921875,0.0,nan,nan,0.0004997640208649107,8.388634072986948e-05,6027.870858286808,False,True,True,Omega_safe_one_step_QP,False,0.33251953125,0.0,0.0,False,False,False,1.0284347342938327,7.129607687612178e-06,3.9223296772156695e-05,6.77584677180202e-06,0.0007325861533981749,2.1146521895865393e-06,0.0001731486709137107,0.0,0.0,0.0,0.0,3.274080905458301e-34,20.0,0.0,-18.97251022382725,20.0,20.0,0.0,0.0,0.0,0.0,0.0,False,0.1,-0.09601593017578125,0.003279046854004264,25.356382054264945,50.13750751947122,187.34139117112565,212.24558527705378,-0.9601593017578125,0.03279046714305878,-0.033217310750586065,0.005789263034099046,-0.033217310750585996,0.005789263034099053,0.0277099609375,0.0,-0.387939453125,0.014194872674306898,0.0004994543741859837,8.392016123210777e-05,6017.03907978335,False,True,True,Omega_safe_one_step_QP,False,0.3602294921875,0.0,3.371802633575973,False,False,False,1.0825936268111218,5.020442164036852e-06,2.7619793620568372e-05,1.568756034410411e-05,0.001696096425396671,1.7846410765953465e-07,1.4612721278335418e-05,0.0,0.0,0.0,0.0,4.0612010721243337e-08,20.0,0.0,-18.919144742741185,20.0,20.0,0.0,0.0,0.0,0.0,0.0,False,-10.831778503457826,0.17969493305529022,-0.10691393653999366,0.14196248439892853
281,-0.28722535698307183,-2491.74373169875,9.067746538250036,4.448309549121201,44.79980452667525,23.036099669125385,0.1,0.0,0.0,25.421672507077513,50.15768744985499,187.67497982620813,210.874748651833,0.0,0.0,0.0,0.0,6.938893903907228e-17,1.3877787807814457e-16,0.055419921875,0.0,nan,nan,0.0008087215503859641,-5.4418142976488375e-05,5961.128413054054,False,True,True,Omega_safe_one_step_QP,False,0.33251953125,0.0,0.0,False,False,False,1.3621469604575986,8.676530041540911e-06,4.773363804620106e-05,1.2852731788934256e-05,0.0013896024598870466,1.7720177642181826e-07,1.4509361029714018e-05,0.0,0.0,0.0,0.0,4.338157199732249e-34,20.0,0.0,-18.639304885001366,20.0,20.0,0.0,0.0,0.0,0.0,0.0,False,0.1,-0.09073431044816971,-0.005072131287306547,25.357858797694558,50.13810081261391,187.43612458985467,211.875170978234,-0.9073430895805359,-0.050721313804388046,-0.03130229994679444,0.0020735704034678185,-0.031302299946794496,0.002073570403467895,0.0277099609375,0.0,-0.387939453125,-0.02323518399163155,0.0008063082667239048,-5.4532303194618106e-05,5960.841187697071,False,True,True,Omega_safe_one_step_QP,False,0.3602294921875,0.0,3.137090493079888,False,False,False,1.363583087242514,3.302301827313716e-06,1.81675023759045e-05,8.974420624088021e-07,9.702899881588394e-05,1.3720675277015046e-05,0.0011234550532483877,0.0,0.0,0.0,0.0,1.7473638103964865e-07,20.0,0.0,-18.637655739048306,20.0,20.0,0.0,0.0,0.0,0.0,0.0,False,-0.28722535698307183,0.004818305144275833,-0.11525193292471127,0.141498232703586
282,6.586994022926774,-2485.156737675823,11.028833440922533,4.223796067657137,43.52165928864773,26.294178252170468,0.1,0.0,0.0,25.427772059476734,50.155564780959146,186.49493952104797,210.49485358348178,0.0,0.0,0.0,0.0,-2.7755575615628914e-17,6.938893903907228e-17,0.055419921875,0.0,nan,nan,-0.001452289590300101,6.698810354856602e-05,6128.898634560913,False,True,True,Omega_safe_one_step_QP,False,0.33251953125,0.0,0.0,False,False,False,0.5232958529233065,2.714036829074369e-06,1.4931182284028324e-05,0.00013924951218024882,0.015055279129868943,1.4432026295756537e-05,0.0011817007941105223,0.0,0.0,0.0,0.0,1.4251881588465545e-34,0.0,0.0,0.507043941817043,0.0,0.0,0.0,0.0,0.0,0.0,0.0,False,0.1,-0.09064211696386337,-0.00409933365881443,25.364008137773386,50.135949663344455,186.5393525552758,211.59944709343125,-0.9064211845397949,-0.0409933365881443,-0.030373447983791102,0.0027883777337686932,-0.030373447983791116,0.002788377733768617,0.0277099609375,0.0,-0.387939453125,-0.01879794614695723,-0.0014476920420794033,6.700570690806895e-05,6135.48562858384,False,True,True,Omega_safe_one_step_QP,False,0.3602294921875,0.0,3.0501170351483893,False,False,False,0.4903608828086726,1.345693788469426e-05,7.403289092791849e-05,8.042000820027322e-05,0.008694792908963562,7.602366065071691e-06,0.0006224851474152036,0.0,0.0,0.0,0.0,1.3737154886268776e-08,0.0,0.0,0.480969558124211,0.0,0.0,0.0,0.0,0.0,0.0,0.0,False,6.586994022926774,-0.1074743508692191,-0.12219290250139678,0.14063471209187994
283,7.758618616702734,-2477.3981190591203,9.083300930827583,3.4772834894615654,38.13167042427704,25.37031068614768,0.1,0.0,0.0,25.398986812859945,50.15569261166722,192.16552659003287,211.7075476538615,0.0,0.0,0.0,0.0,-6.938893903907228e-18,-8.326672684688674e-17,0.26014284641297625,-0.05033574002966734,nan,nan,0.0001431436066875809,-7.519415188807482e-06,6071.014235098347,True,True,True,Z_mode_existing_controller,False,0.05060201485354432,0.0,0.0,False,False,False,0.8127178502361357,2.6276428411405413e-06,1.445588866668855e-05,0.003215555770693877,0.34765715820097365,0.0001470626908334113,0.01204155916712612,0.0,0.0,0.0,0.0,2.373708656457268e-34,0.0,0.0,0.4530046769793693,0.0,0.0,0.0,0.0,0.0,0.0,0.0,False,0.1,-0.0916900634765625,-0.0009718580986373127,25.335607154477785,50.13609389261832,192.28038801407115,212.35583095283064,-0.916900634765625,-0.009718581102788448,-0.03086857511714341,-0.00197842343839795,-0.03086857511714329,-0.001978423438397825,0.23243288547547625,-0.05033574002966734,-0.32560894130464346,-0.05625063907293445,0.0001402573033249051,-7.5933381929005166e-06,6078.77285371505,True,True,True,Z_mode_existing_controller,False,0.07831197579104432,0.0,3.093191053045899,False,False,False,0.7739247571526221,1.3353878994664923e-05,7.346591591249747e-05,0.003295948813914556,0.3563490357295659,5.7211654275991944e-05,0.004684515944250663,0.0,0.0,0.0,0.0,2.2967544293148908e-07,0.0,0.0,0.41281750988745014,0.0,0.0,0.0,0.0,0.0,0.0,0.0,False,7.758618616702734,-0.12779773389177448,-0.11785845409860893,0.1397156486152882
284,-0.4769026063486308,-2477.875021665469,12.238038537341298,4.500690629976156,42.09079060942918,24.166878772563567,0.1,0.0,0.0,25.3988226843511,50.15521051708256,192.20099194092373,211.68159831702818,0.0,0.0,0.0,0.0,6.591949208711867e-17,-6.938893903907228e-17,0.26014284641297625,-0.05033574002966734,nan,nan,-0.002599252686934969,1.5216106998043426e-05,6392.707906935472,True,True,True,Z_mode_existing_controller,False,0.05060201485354432,0.0,0.0,False,False,False,-0.7957505089494907,6.957621313600887e-06,3.8277119523114916e-05,1.2577911138118085e-07,1.3598895973864299e-05,6.733680820891507e-08,5.513568095198074e-06,0.0,0.0,0.0,0.0,5.500937403656043e-35,0.0,0.0,-0.7958078985330829,0.0,0.0,0.0,0.0,0.0,0.0,0.0,False,0.1,-0.09237109124660492,-0.00047258418635465205,25.335770699092755,50.135650462434285,191.967690673988,212.301485192921,-0.9237108826637268,-0.0047258418053388596,-0.031124020145458814,-0.0017104742381004318,-0.03112402014545884,-0.0017104742381005775,0.23243288547547625,-0.05033574002966734,-0.32560894130464346,-0.053190764681878965,-0.0025916274520951387,1.518673801672503e-05,6392.231004329124,True,True,True,Z_mode_existing_controller,False,0.07831197579104432,0.0,3.1170985742098996,False,False,False,-0.7933659959177476,4.064347061675806e-05,0.00022359868588862648,9.777962649508445e-06,0.001057166769957725,2.953461620155917e-07,2.418307637742731e-05,0.0,0.0,0.0,0.0,1.3704893643106724e-09,20.0,0.0,-20.79467094582046,20.0,20.0,0.0,0.0,0.0,0.0,0.0,False,-0.4769026063486308,0.007460103187746736,-0.09981975845715596,0.13924054856105655
285,-39.55628734763832,-2517.4313090131072,11.519007114053718,4.489483231823366,41.585787608501285,24.983712878158926,0.1,0.0,0.0,25.357553417683278,50.15519003784251,200.33439506236942,213.4117894255869,0.0,0.0,0.0,0.0,2.0816681711721685e-17,-1.734723475976807e-17,0.26014284641297625,-0.05033574002966734,nan,nan,-0.0018448887082444067,2.8813910900393454e-05,6520.655156258257,True,True,True,Z_mode_existing_controller,False,0.05060201485354432,0.0,0.0,False,False,False,-1.4354867555634154,1.6288620311350836e-05,8.961129650810689e-05,0.006615224633594258,0.7152201239788113,0.0002993561272135679,0.02451141412859932,0.0,0.0,0.0,0.0,4.742602488053568e-35,20.0,0.0,-22.175307904967333,20.0,20.0,0.0,0.0,0.0,0.0,0.0,False,0.1,-0.09419713914394379,-0.014949445612728596,25.29470360083216,50.135614639317836,198.50450185479434,213.7290919291261,-0.9419713616371155,-0.1494944542646408,-0.044131505453709974,-0.004210627225521624,-0.04413150545370991,-0.004210627225521742,0.0277099609375,0.0,-0.387939453125,-0.06596514889899766,-0.0018424980550010217,2.8491727866447407e-05,6481.098868910619,False,True,True,Omega_safe_one_step_QP,False,0.3602294921875,0.0,4.433192027470879,False,False,False,-1.2377053188252238,6.402484782205702e-05,0.0003522305457676279,0.004272990041351494,0.4619840801196122,0.00020380609932581562,0.01668773493634072,0.0,0.0,0.0,0.0,1.7544543900487838e-06,20.0,0.0,-21.716731118881334,20.0,20.0,0.0,0.0,0.0,0.0,0.0,False,-39.55628734763832,0.606630567017086,-0.05581744152704837,0.14094690032939605
286,-40.693804734313744,-2558.125113747421,11.070772430580138,3.3722149366900407,36.8005294848774,27.351826820089418,0.1,0.0,0.0,25.334326584597473,50.15670447952848,204.89289717048248,214.4666910934085,0.0,0.0,0.0,0.0,-1.1102230246251565e-16,1.3877787807814457e-17,0.055419921875,0.0,nan,nan,-0.0021888408952290598,7.399561843269556e-05,6586.8416683392725,False,True,True,Omega_safe_one_step_QP,False,0.33251953125,0.0,0.0,False,False,False,-1.766419315968492,3.168597603418517e-05,0.00017431933087478662,0.0020779941469671217,0.22466708445145536,0.00011128175287728158,0.009111799899073085,0.0,0.0,0.0,0.0,1.8356519782440842e-34,20.0,0.4299220624509682,-22.430294582100863,20.429922062450967,20.429922062450967,0.0,0.0,0.0,0.0,0.0,False,0.1,-0.0943702831864357,-0.032435327768325806,25.2703068612323,50.13686166875265,203.0195905142491,214.0226118729096,-0.9437028169631958,-0.32435327768325806,-0.048925981744927016,-0.012537772667427397,-0.04892598174492707,-0.012537772667427404,0.0277099609375,0.0,-0.387939453125,-0.1428598551007374,-0.002187480263213285,7.375245788445763e-05,6546.147863604959,False,True,True,Omega_safe_one_step_QP,False,0.3602294921875,0.0,5.050690480681859,False,False,False,-1.5629502922969232,9.467049194226252e-05,0.0005208265256262751,0.0020386025602736994,0.2204081730646044,8.615395739867376e-06,0.00070543247211039,0.0,0.0,0.0,0.0,9.232835411769373e-07,20.0,9.16028571252973,-30.944871360172534,29.160285712529728,29.160285712529728,0.0,0.0,0.0,0.0,0.0,False,-40.693804734313744,0.617804507582369,-0.008379001989046158,0.142699025650408
287,-40.584775556584646,-2598.7098893040056,5.599433275484475,4.952286432443688,36.090416522811836,23.386997580267998,0.1,0.0,0.0,25.30970620698202,50.159826590364325,209.70720446132506,215.66866696259365,0.0,0.0,0.0,0.0,-1.1102230246251565e-16,-1.3530843112619095e-16,0.055419921875,0.0,nan,nan,0.004425347473666255,-0.00012701694057281818,6107.873832808582,False,True,True,Omega_safe_one_step_QP,False,0.33251953125,0.0,0.0,False,False,False,0.6284198616849608,3.0179766739928003e-06,1.6603297112847414e-05,0.0023177554690660004,0.2505894275335091,0.00014447459901033576,0.01182964504641401,0.0,0.0,0.0,0.0,2.2256527919824997e-34,0.0,0.0,0.36598418580792486,0.0,0.0,0.0,0.0,0.0,0.0,0.0,False,0.1,-0.09607953578233719,-0.0406079925596714,25.244470767420733,50.13973337266351,207.68122922912676,214.83753895178472,-0.9607953429222107,-0.4060799181461334,-0.054861280011534286,-0.017143094270770355,-0.05486128001153423,-0.01714309427077045,0.0277099609375,0.0,-0.387939453125,-0.17567412432049528,0.0044157531084544725,-0.00012596019326465997,6067.289057251997,False,True,True,Omega_safe_one_step_QP,False,0.3602294921875,0.0,5.747734967515882,False,False,False,0.831343739467884,2.1345854269117352e-05,0.00011743349894378384,0.0021730875508046187,0.2349483250516356,6.641061438839285e-05,0.005437730929246319,0.0,0.0,0.0,0.0,5.64367525838081e-07,0.0,0.0,0.5908396856205326,0.0,0.0,0.0,0.0,0.0,0.0,0.0,False,-40.584775556584646,0.6644665012329267,0.06812435060899805,0.14447072123607435
288,24.292022737949992,-2574.4178665660556,9.470824146593039,5.263566679609246,36.41363320156876,23.555326661867554,0.1,0.0,0.0,25.3882711923689,50.15966810191447,194.21839616072205,212.34558252004544,0.0,0.0,0.0,0.0,-1.1362438767648086e-16,-7.632783294297951e-17,0.26014284641297625,-0.05033574002966734,nan,nan,0.0006010061535699212,-6.355999606893082e-05,6159.25537641848,True,True,True,Z_mode_existing_controller,False,0.05060201485354432,0.0,0.0,False,False,False,0.3715121436354684,2.9818768246346928e-06,1.640469500641406e-05,0.023990318257282872,2.5937680651280206,0.001104289021230593,0.09041968096326264,0.0,0.0,0.0,0.0,3.485481809510181e-35,0.0,0.0,-2.312692007150821,0.0,0.0,0.0,0.0,0.0,0.0,0.0,False,0.1,-0.09361778944730759,-0.000578097184188664,25.32153699760581,50.13933779860522,195.02005410782766,213.13530999841845,-0.9361779093742371,-0.005780971609055996,-0.03151072685890017,-0.0017888811835257284,-0.031510726858900204,-0.0017888811835258187,0.23243288547547625,-0.05033574002966734,-0.32560894130464346,-0.05378169202902171,0.0005988640090071927,-6.369926937984348e-05,6183.54739915643,True,True,True,Z_mode_existing_controller,False,0.07831197579104432,0.0,3.1561463892934247,False,False,False,0.25005202994571846,1.599220545280231e-05,8.798058013857555e-05,0.016030535545220315,1.7331779728044892,0.0002897583409678437,0.023725543080705642,0.0,0.0,0.0,0.0,7.810001920625012e-06,0.0,0.0,-1.5069472765215357,0.0,0.0,0.0,0.0,0.0,0.0,0.0,False,24.292022737949992,-0.39439869356538126,0.045035476634155,0.1426318587753805
289,14.83885485785504,-2559.5790117082006,11.740460072711043,3.9040800195788803,40.553239870194446,26.831102907716854,0.1,0.0,0.0,25.396661290086794,50.15837462775283,192.57705165570763,211.91485060994586,0.0,0.0,0.0,0.0,1.214306433183765e-16,-9.71445146547012e-17,0.26014284641297625,-0.05033574002966734,nan,nan,-0.0025051632561513665,8.144529435014959e-05,6351.608287569883,True,True,True,Z_mode_existing_controller,False,0.05060201485354432,0.0,0.0,False,False,False,-0.5902524121215447,7.824598070849723e-06,4.304676297814241e-05,0.0002694011784141019,0.029126923860888176,1.855299783780337e-05,0.0015191277945848399,0.0,0.0,0.0,0.0,5.568420183348048e-34,0.0,0.0,-0.6209415105399959,0.0,0.0,0.0,0.0,0.0,0.0,0.0,False,0.1,-0.09265675395727158,-0.000200149355805479,25.33083583776809,50.13818909544714,192.95899693557692,212.65147631161028,-0.9265674948692322,-0.0020014934707432985,-0.031214601686040313,-0.001562918369724678,-0.03121460168604024,-0.001562918369724768,0.23243288547547625,-0.05033574002966734,-0.32560894130464346,-0.05154117522324276,-0.002498004297746515,8.160374094895982e-05,6366.447142427738,True,True,True,Z_mode_existing_controller,False,0.07831197579104432,0.0,3.1253704936352187,False,False,False,-0.6644466864108199,4.32328943746847e-05,0.0002378443135551392,0.00042479566672862235,0.04592775396929052,2.3409503649038472e-05,0.0019167806713278868,0.0,0.0,0.0,0.0,1.3874931122223162e-09,20.0,0.0,-20.712529066752488,20.0,20.0,0.0,0.0,0.0,0.0,0.0,False,14.83885485785504,-0.2336235829733821,0.025148162564604098,0.14131245296793787
290,-26.71511059990553,-2586.294122308106,7.783322973221682,4.544976729231918,42.73580549755619,28.712118225314796,0.1,0.0,0.0,25.357105225569548,50.15972990081851,200.35653469528214,213.64856168034183,0.0,0.0,0.0,0.0,1.3877787807814457e-17,4.163336342344337e-17,0.26014284641297625,-0.05033574002966734,nan,nan,0.002144855593694825,8.736749032058912e-05,6127.320332137885,True,True,True,Z_mode_existing_controller,False,0.05060201485354432,0.0,0.0,False,False,False,0.531187365038445,3.5602426890561053e-06,1.958655534671053e-05,0.006052035636302733,0.6543296589111888,0.00030057540756135383,0.02461124935102028,0.0,0.0,0.0,0.0,3.0826916172348193e-34,0.0,0.0,-0.14777312977911078,0.0,0.0,0.0,0.0,0.0,0.0,0.0,False,0.1,-0.09489218145608902,-0.005729502998292446,25.291984598284838,50.13962918002832,198.96388155554192,214.40583106422784,-0.948921799659729,-0.05729502812027931,-0.04497289009582904,-0.0006697548361189985,-0.04497289009582906,-0.0006697548361190159,0.0277099609375,0.0,-0.387939453125,-0.02509653090029978,0.0021388397233189325,8.77454557656074e-05,6100.60522153798,False,True,True,Omega_safe_one_step_QP,False,0.3602294921875,0.0,4.4977876952030895,False,False,False,0.6647629180379727,1.799530123206468e-05,9.900054416122097e-05,0.003605863929909217,0.38985621650751867,0.0003077760598031815,0.025200841990189973,0.0,0.0,0.0,0.0,1.9008824106469257e-06,0.0,0.0,0.24960495811369215,0.0,0.0,0.0,0.0,0.0,0.0,0.0,False,-26.71511059990553,0.43599990129101596,0.08318953265100486,0.14230597487058547
291,12.237353260550663,-2574.0567690475555,8.63319047603986,6.304350139854909,38.174843964526296,30.565586082463827,0.1,0.0,0.0,25.393729621148662,50.16240812819874,193.10241952709464,212.24739164895948,0.0,0.0,0.0,0.0,-1.4224732503009818e-16,2.0816681711721685e-17,0.26014284641297625,-0.05033574002966734,nan,nan,0.002005400797111953,0.0001427070277092706,6045.586989025219,True,True,True,Z_mode_existing_controller,False,0.05060201485354432,0.0,0.0,False,False,False,0.9398540806017763,8.63589553851743e-06,4.751008869522508e-05,0.005262218687332792,0.5689367951081763,0.00019632774568440148,0.01607540398186506,0.0,0.0,0.0,0.0,2.480838509613808e-34,20.0,0.0,-19.64520562857696,20.0,20.0,0.0,0.0,0.0,0.0,0.0,False,0.1,-0.09469382464885712,-0.0009009178611449897,25.327676478327927,50.14211251256856,193.4034199494254,212.93814270936335,-0.9469382166862488,-0.009009178727865219,-0.03190739295016039,-0.001985881911918258,-0.03190739295016034,-0.0019858819119181956,0.23243288547547625,-0.05033574002966734,-0.32560894130464346,-0.05564495476332586,0.0020003239323875656,0.00014267107313411913,6057.8243422857695,True,True,True,Z_mode_existing_controller,False,0.07831197579104432,0.0,3.196913279781033,False,False,False,0.878667314299023,5.924211718831635e-06,3.259185141316594e-05,0.0030918733273095893,0.33428494827750665,0.000215410910700484,0.01763794210309045,0.0,0.0,0.0,0.0,1.7243940614312924e-06,20.0,0.0,-19.47328989232705,20.0,20.0,0.0,0.0,0.0,0.0,0.0,False,12.237353260550663,-0.20241795019682274,0.10097980891739869,0.14116306271374585
292,6.9232568218385495,-2567.133512225717,9.515443143369028,5.375371731766953,40.60921963671778,24.066804629506272,0.1,0.0,0.0,25.422254655148237,50.16506025944188,187.44530080446768,211.18581751529246,0.0,0.0,0.0,0.0,1.1102230246251565e-16,-6.938893903907228e-17,0.055419921875,0.0,nan,nan,0.0007193610854334068,-3.199371505450033e-05,6000.49640969273,False,True,True,Omega_safe_one_step_QP,False,0.33251953125,0.0,0.0,False,False,False,1.165306977264222,9.693289457782315e-06,5.332730575928081e-05,0.0032002992241896506,0.3460076618215419,0.00011269396412708896,0.009227432390391362,0.0,0.0,0.0,0.0,7.228255822528345e-34,20.0,0.0,-19.18998144425347,20.0,20.0,0.0,0.0,0.0,0.0,0.0,False,0.1,-0.0891636535525322,9.165366645902395e-05,25.356658373958055,50.14483413935017,187.50130845037862,212.39831133687292,-0.8916365504264832,0.0009165366645902395,-0.030771207434309195,0.003838414420950821,-0.03077120743430929,0.0038384144209508697,0.0277099609375,0.0,-0.387939453125,0.00042725697346989453,0.0007185644740072194,-3.210814970007101e-05,6007.419666514568,False,True,True,Omega_safe_one_step_QP,False,0.3602294921875,0.0,3.100968610341374,False,False,False,1.1306906931550293,4.424076454704472e-06,2.4338907739214097e-05,0.0034834920147180258,0.3766256973335969,2.914179107248966e-05,0.0023861429397678876,0.0,0.0,0.0,0.0,3.521334529950175e-07,20.0,0.0,-19.248345838159526,20.0,20.0,0.0,0.0,0.0,0.0,0.0,False,6.9232568218385495,-0.11537806789877027,0.10994311094444723,0.14032162815772126
293,12.063344432547638,-2555.0701677931693,10.392913600741245,5.63547889604977,45.56922813034839,27.51585311012223,0.1,0.0,0.0,25.426802454269605,50.16333349536742,186.56651853716915,210.89305285917126,0.0,0.0,0.0,0.0,0.0,1.3183898417423734e-16,0.055419921875,0.0,nan,nan,0.00010251600596557827,0.00010261426734782097,6065.693540889494,False,True,True,Omega_safe_one_step_QP,False,0.33251953125,0.0,0.0,False,False,False,0.8393213212803994,8.210469270459911e-06,4.516962039769386e-05,7.722582733183499e-05,0.008349446747151688,8.571114387376037e-06,0.0007018066950828988,0.0,0.0,0.0,0.0,5.281862872481995e-34,20.0,0.0,-19.169775101782232,20.0,20.0,0.0,0.0,0.0,0.0,0.0,False,0.1,-0.088843934237957,-0.004636950325220823,25.36152709391918,50.14312111459026,186.83819409930982,211.95554397698203,-0.8884392976760864,-0.04636950418353081,-0.030003528857568476,0.0020981016246728393,-0.03000352885756853,0.0020981016246727907,0.0277099609375,0.0,-0.387939453125,-0.02169361028691962,0.0001048129909490712,0.00010265627545592458,6077.756885322042,False,True,True,Omega_safe_one_step_QP,False,0.3602294921875,0.0,3.007679794017978,False,False,False,0.7790045991176612,5.849219198256383e-06,3.2179282584824096e-05,4.397206425933945e-05,0.004754140183155264,1.9604293498475236e-05,0.0016052083553877378,0.0,0.0,0.0,0.0,3.6180190260759455e-08,20.0,0.0,-19.227386964883657,20.0,20.0,0.0,0.0,0.0,0.0,0.0,False,12.063344432547638,-0.19887823793317833,0.10758601649601261,0.13920070782002378
294,12.50978632283568,-2542.5603814703336,9.580246532469108,3.2067266519858872,43.3981860450166,25.170166553111137,0.1,0.0,0.0,25.42137593137614,50.16416702731484,187.6239269791987,211.16104040116235,0.0,0.0,0.0,0.0,-4.163336342344337e-17,2.0816681711721685e-17,0.055419921875,0.0,nan,nan,-0.0004309887628376845,1.2257116315926402e-05,6011.517204756723,False,True,True,Omega_safe_one_step_QP,False,0.33251953125,0.0,0.0,False,False,False,1.1102030019442555,5.2518992491420955e-06,2.8893146985421162e-05,0.00011181126132753706,0.012088729955260539,7.181732266242622e-06,0.000588043463072362,0.0,0.0,0.0,0.0,1.4059288594026821e-34,20.0,0.0,-18.902502664621064,20.0,20.0,0.0,0.0,0.0,0.0,0.0,False,0.1,-0.08785151690244675,-0.0015544825000688434,25.356641398522214,50.14401008046293,187.9192759796387,212.33852645402789,-0.8785151243209839,-0.015544825233519077,-0.030677319467636577,0.0030845686462604854,-0.030677319467636674,0.0030845686462603675,0.0277099609375,0.0,-0.387939453125,-0.007354679385234722,-0.0004318534153651861,1.2169166947349525e-05,6024.026991079559,False,True,True,Omega_safe_one_step_QP,False,0.3602294921875,0.0,3.0832004369695714,False,False,False,1.047654070330077,9.995553527296229e-06,5.499020136610412e-05,0.00011687380319754598,0.012636078235094899,1.4667557772418053e-05,0.001200986217190078,0.0,0.0,0.0,0.0,1.427110970895864e-08,0.0,0.0,1.0337620014053164,0.0,0.0,0.0,0.0,0.0,0.0,0.0,False,12.50978632283568,-0.20809698944115276,0.09833962648504256,0.13806699101876724
295,13.265769442652527,-2529.294612027681,11.052355974095772,5.8387520728849225,41.2002524135225,22.536702700713136,0.1,0.0,0.0,25.40881895593817,50.163355627799824,190.1063703541825,211.63881744247925,0.0,0.0,0.0,0.0,7.632783294297951e-17,1.3877787807814457e-17,0.055419921875,0.0,nan,nan,-0.0005489863934365793,-5.49741647533845e-05,6219.507227969666,False,True,True,Omega_safe_one_step_QP,False,0.33251953125,0.0,0.0,False,False,False,0.07025288587954037,3.5371058793421846e-06,1.9459268966655312e-05,0.000616252511000097,0.06662754807772364,2.2827090120952893e-05,0.0018690923901028308,0.0,0.0,0.0,0.0,1.396299209680746e-34,0.0,0.0,0.0017367861427472456,0.0,0.0,0.0,0.0,0.0,0.0,0.0,False,0.1,-0.09297605603933334,0.0002416438510408625,25.344594984797748,50.14325177680848,190.43291237311456,212.3925032050591,-0.9297605752944946,0.0024164384230971336,-0.03129659749233519,-0.0013213803167737709,-0.03129659749233511,-0.001321380316773861,0.23243288547547625,-0.05033574002966734,-0.32560894130464346,-0.04888539483533065,-0.0005443817127046124,-5.497420973927321e-05,6232.772997412319,True,True,True,Z_mode_existing_controller,False,0.07831197579104432,0.0,3.1324480211789667,False,False,False,0.003924038666277738,1.5155806503709954e-05,8.337915946613504e-05,0.0006318367918606274,0.06831247820580806,2.913489651887258e-07,2.3855784106215725e-05,0.0,0.0,0.0,0.0,1.9795891536736792e-07,0.0,0.0,-0.06449587244201804,0.0,0.0,0.0,0.0,0.0,0.0,0.0,False,13.265769442652527,-0.21329293393205181,0.08213306232314026,0.13688432396360384
296,2.5058450128053664,-2526.7887670148757,8.01579092250973,4.106660013377573,38.181014694696685,26.93345229695967,0.1,0.0,0.0,25.39654761370466,50.161587249208836,192.5437649959827,212.0519515013425,0.0,0.0,0.0,0.0,-1.0755285551056204e-16,1.1102230246251565e-16,0.26014284641297625,-0.05033574002966734,nan,nan,0.001630080042321967,2.5744436435961443e-05,5970.262335495108,True,True,True,Z_mode_existing_controller,False,0.05060201485354432,0.0,0.0,False,False,False,1.3164773482523286,7.122117941273574e-06,3.918209218471528e-05,0.0005940892639876376,0.06423131799423945,1.7067975059282313e-05,0.0013975334625978945,0.0,0.0,0.0,0.0,4.3249164313645865e-34,20.0,0.0,-18.749190685296693,20.0,20.0,0.0,0.0,0.0,0.0,0.0,False,0.1,-0.09435328096151352,-0.00039190115057863295,25.33293957839733,50.14155507977686,192.4336267428562,212.70136168143694,-0.9435328245162964,-0.003919011447578669,-0.03178770706756773,-0.0016964955672282844,-0.031787707067567596,-0.0016964955672282497,0.23243288547547625,-0.05033574002966734,-0.32560894130464346,-0.052653595135048754,0.0016236373627622818,2.5701709093710443e-05,5972.768180507914,True,True,True,Z_mode_existing_controller,False,0.07831197579104432,0.0,3.183294547827936,False,False,False,1.3039481231883019,6.003891990024818e-06,3.303020974378299e-05,0.0004002857989290703,0.043277813618470516,9.539355843042932e-06,0.0007810867402827,0.0,0.0,0.0,0.0,3.819000660084888e-09,20.0,0.0,-18.740143811199196,20.0,20.0,0.0,0.0,0.0,0.0,0.0,False,2.5058450128053664,-0.04197210896257139,0.07028395296330578,0.13630828574574522
297,-2.9846761218368556,-2529.7734431367126,8.700266492120106,6.206981716416873,40.69073700769743,27.31905871518783,0.1,0.0,0.0,25.41898344601824,50.16181633438678,188.11556940852134,211.1135494966117,0.0,0.0,0.0,0.0,-6.938893903907228e-17,-1.249000902703301e-16,0.055419921875,0.0,nan,nan,0.0019563883793335133,5.5090897455931445e-05,5934.422025289284,False,True,True,Omega_safe_one_step_QP,False,0.33251953125,0.0,0.0,False,False,False,1.4956788992814518,1.5732728349038404e-05,8.655307558398484e-05,0.0019608916160812383,0.21200627679979928,8.805983224827654e-05,0.007210378609663754,0.0,0.0,0.0,0.0,5.711585991323397e-34,20.0,0.9556030874906646,-19.67922739669426,20.955603087490665,20.955603087490665,0.0,0.0,0.0,0.0,0.0,False,0.1,-0.09021102637052536,-0.001066667027771473,25.355469688299145,50.14178799950215,187.7562757681465,212.23567203074876,-0.9021102786064148,-0.01066667027771473,-0.031421321655933206,0.0035195539089676806,-0.0314213216559333,0.0035195539089675557,0.0277099609375,0.0,-0.387939453125,-0.004914693280087322,0.0019530828239184546,5.511383337717757e-05,5931.437349167447,False,True,True,Omega_safe_one_step_QP,False,0.3602294921875,0.0,3.161782273218301,False,False,False,1.510602279890636,1.2416602250786855e-06,6.830951944672185e-06,0.0021877612140617747,0.23653480167719265,2.168668507580758e-05,0.0017757155128827484,0.0,0.0,0.0,0.0,2.7341410407980964e-07,20.0,0.0,-18.727715341665487,20.0,20.0,0.0,0.0,0.0,0.0,0.0,False,-2.9846761218368556,0.050294301772233034,0.05947238508920371,0.1360338044807486
298,12.978707563411263,-2516.7947355733013,8.556768891207941,7.906382513037165,37.7195646352857,25.785507843616383,0.1,0.0,0.0,25.44265085333453,50.161944439285186,183.44577289434844,210.11774121601684,0.0,0.0,0.0,0.0,-8.326672684688674e-17,-6.938893903907228e-17,0.055419921875,0.0,nan,nan,0.0028451489642900662,-1.6559231872034785e-06,5810.029850816298,False,True,True,Omega_safe_one_step_QP,False,0.33251953125,0.0,0.0,False,False,False,2.1176397716463815,3.580835228732648e-05,0.00019699844510773354,0.0021806999483781377,0.2357713568060917,9.916341317013156e-05,0.008119544801848738,0.0,0.0,0.0,0.0,3.274080905458301e-35,20.0,92.67121410274034,-110.797662231147,112.67121410274034,112.67121410274034,0.0,0.0,0.0,0.0,0.0,False,0.1,-0.08769078552722931,-0.008020850829780102,25.37907635500525,50.14186798575455,183.77870919150544,211.06035087630403,-0.8769078254699707,-0.08020851016044617,-0.02663590226787546,0.0013595771953403626,-0.02663590226787535,0.0013595771953403418,0.0277099609375,0.0,-0.387939453125,-0.0380183838887565,0.0028412774428898096,-1.8166295315057797e-06,5823.008558379709,False,True,True,Omega_safe_one_step_QP,False,0.3602294921875,0.0,2.6670578167221954,False,False,False,2.052746233829325,2.8686301766334855e-06,1.578167238334306e-05,0.0015821035871612134,0.17105274369828277,0.00013813798160852955,0.011310799967958834,0.0,0.0,0.0,0.0,2.7565738123012773e-07,20.0,48.319893750204585,-66.44952711737126,68.31989375020459,68.31989375020459,0.0,0.0,0.0,0.0,0.0,False,12.978707563411263,-0.2233845246352354,0.041269531365194304,0.134914394751725
299,24.023073943351847,-2492.7716616299494,9.325617208383118,5.93239710384032,39.33501662702845,30.895693519533317,0.1,0.0,0.0,25.475787098748278,50.160212446107764,176.9311985708999,208.62096852120627,0.0,0.0,0.0,0.0,8.326672684688674e-17,-1.249000902703301e-16,0.055419921875,0.0,nan,nan,0.00117637875139399,0.00016687891341659938,5730.447566066692,False,True,True,Omega_safe_one_step_QP,False,0.33251953125,0.0,0.0,False,False,False,2.51555119539441,3.802910525071079e-05,0.000209215842804358,0.004243967861573485,0.45884628085070284,0.00022403284999305062,0.01834391036423438,0.0,0.0,0.0,0.0,3.0814879110195775e-34,20.0,106.9556060602552,-124.91745427191854,126.9556060602552,126.9556060602552,0.0,0.0,0.0,0.0,0.0,False,0.1,-0.09457926452159882,-0.04325765371322632,25.412704281951694,50.14019984624487,177.76111868331645,208.29430113811495,-0.9457926154136658,-0.4325765371322632,-0.022660920400827983,-0.011519913174703647,-0.022660920400827983,-0.011519913174703772,0.0277099609375,0.0,-0.387939453125,-0.19010528904583518,0.0011760115957041043,0.00016675282617913817,5754.470640010044,False,True,True,Omega_safe_one_step_QP,False,0.3602294921875,0.0,2.5420969945408927,False,False,False,2.3954358256776502,3.731703764993371e-06,2.052984268607507e-05,0.00362113955242462,0.39150777533347864,0.0007651031154135889,0.06264698667618925,0.0,0.0,0.0,0.0,1.8168175303541444e-06,20.0,58.25276327514868,-76.31150455814091,78.25276327514868,78.25276327514868,0.0,0.0,0.0,0.0,0.0,False,24.023073943351847,-0.4192181093429145,0.009938325921890525,0.13321739952197525
300,28.854642488528043,-2463.9170191414214,9.79190715871337,5.325762753576167,37.53154040204281,23.88888172629629,0.1,0.0,0.0,25.47850898305751,50.160844320164614,176.38462642688162,208.53478785896988,0.0,0.0,0.0,0.0,5.551115123125783e-17,-1.3877787807814457e-16,0.055419921875,0.0,nan,nan,0.0003319034053633641,-4.4517008083533836e-05,5762.949443137222,False,True,True,Omega_safe_one_step_QP,False,0.33251953125,0.0,0.0,False,False,False,2.353041810041759,2.9702201554891427e-05,0.00016340566233372992,2.987411086167445e-05,0.0032299077442868983,7.427106543502256e-07,6.0813481908501435e-05,0.0,0.0,0.0,0.0,9.62964972193618e-36,20.0,58.28736489336951,-75.93777721021627,78.2873648933695,78.2873648933695,0.0,0.0,0.0,0.0,0.0,False,0.1,-0.09112673997879028,0.015292370691895485,25.416370931659014,50.141011513111046,177.35152779784624,210.63081363505339,-0.9112673997879028,0.15292370319366455,-0.021340096202306785,0.012654277820378562,-0.021340096202306785,0.01265427782037852,0.0277099609375,0.0,-0.387939453125,0.06975191825354801,0.00033366369644024043,-4.4774130395822424e-05,5791.80408562575,False,True,True,Omega_safe_one_step_QP,False,0.3602294921875,0.0,2.480988619641428,False,False,False,2.208768597599119,1.6809255276788967e-06,9.247555225037211e-06,1.6776469346026972e-05,0.0018138263097912033,0.0005459290648349502,0.04470091698995603,0.0,0.0,0.0,0.0,5.8613608683011704e-06,20.0,24.330910862504997,-42.168672117121716,44.33091086250499,44.33091086250499,0.0,0.0,0.0,0.0,0.0,False,28.854642488528043,-0.5006922717826275,-0.022581083919610327,0.1312710754535369
301,23.036896630314914,-2440.8801225111065,10.620808822348925,2.89282758196048,41.213253804773395,26.279485179869173,0.1,0.0,0.0,25.468109854885142,50.157161976712956,178.47546012728662,208.76386507679567,0.0,0.0,0.0,0.0,-1.3877787807814457e-16,8.326672684688674e-17,0.055419921875,0.0,nan,nan,-0.0018654798259071861,5.0998176291196934e-05,5893.5986448147,False,True,True,Omega_safe_one_step_QP,False,0.33251953125,0.0,0.0,False,False,False,1.6997958016543726,8.277859533336303e-06,4.5540365661132e-05,0.00043715855627492634,0.04726439601605343,5.247637172680427e-06,0.0004296788882641991,0.0,0.0,0.0,0.0,8.705203348630307e-34,20.0,0.0,-18.347943813615608,20.0,20.0,0.0,0.0,0.0,0.0,0.0,False,0.1,-0.09078802168369293,-0.03211505338549614,25.40705572968808,50.13745866613406,179.23704180414154,208.86259925811964,-0.9078801870346069,-0.3211505115032196,-0.023135606730973007,-0.00727831364146847,-0.023135606730973007,-0.007278313641468442,0.0277099609375,0.0,-0.387939453125,-0.14703044382632488,-0.0018608709977824109,5.107681113284226e-05,5916.6355414450145,False,True,True,Omega_safe_one_step_QP,False,0.3602294921875,0.0,2.425345641911333,False,False,False,1.584611318502798,2.789515953287547e-06,1.534642814590933e-05,0.00035551630679357357,0.03843745769873194,0.00031265820827951793,0.02560059449986691,0.0,0.0,0.0,0.0,4.005320604434457e-06,20.0,0.0,-18.47944608544455,20.0,20.0,0.0,0.0,0.0,0.0,0.0,False,23.036896630314914,-0.39087997026372356,-0.04172887246599052,0.1296366762349436
302,8.744772770807685,-2432.135349740299,9.050251593331382,5.086408293120294,43.84131074446154,26.54302172503468,0.1,0.0,0.0,25.42649020445976,50.1557241019682,186.69462550895074,210.4309132338494,0.0,0.0,0.0,0.0,8.326672684688674e-17,1.0408340855860843e-16,0.055419921875,0.0,nan,nan,0.0011261851186150679,4.747100966687526e-05,5935.890492082421,False,True,True,Omega_safe_one_step_QP,False,0.33251953125,0.0,0.0,False,False,False,1.488336565315767,1.1954650535385303e-05,6.576810762975968e-05,0.006755467957114577,0.7303828512921096,0.00027790495579362305,0.022754982579621122,0.0,0.0,0.0,0.0,4.973714081380037e-34,20.0,0.0,-19.264867036663592,20.0,20.0,0.0,0.0,0.0,0.0,0.0,False,0.1,-0.08659865707159042,-0.003791867522522807,25.36639227680221,50.13618065749656,186.8469077098944,211.53666795918738,-0.8659865260124207,-0.03791867569088936,-0.029181647221969934,0.002768417556961701,-0.029181647221969934,0.0027684175569616318,0.0277099609375,0.0,-0.387939453125,-0.018199907102904485,0.0011236978584711244,4.739613911146573e-05,5944.635264853228,False,True,True,Omega_safe_one_step_QP,False,0.3602294921875,0.0,2.9312670815829747,False,False,False,1.4446127014617287,1.0756641559898758e-06,5.917730156579322e-06,0.005791005910353972,0.6261078337584741,0.0007150643418030105,0.058549789421960055,0.0,0.0,0.0,0.0,1.3749141339228253e-06,20.0,0.0,-19.240052214362997,20.0,20.0,0.0,0.0,0.0,0.0,0.0,False,8.744772770807685,-0.14732031836624832,-0.04356811779640483,0.1287662887119767
303,16.973999780659142,-2415.1613499596397,10.450044662207901,6.373545288731273,40.25879426338917,22.090499091523043,0.1,0.0,0.0,25.43654763744613,50.15549557545016,184.71206633532756,209.988563336013,0.0,0.0,0.0,0.0,9.71445146547012e-17,-1.1102230246251565e-16,0.055419921875,0.0,nan,nan,0.0003300521613404791,-8.052399570149097e-05,6027.78351637008,False,True,True,Omega_safe_one_step_QP,False,0.33251953125,0.0,0.0,False,False,False,1.0288714438774695,1.010390121461797e-05,5.5586272521853906e-05,0.0003930540876917398,0.04249594063694302,1.9567343211588057e-05,0.0016021828493040888,0.0,0.0,0.0,0.0,4.646305990834207e-34,20.0,0.0,-19.0152822658813,20.0,20.0,0.0,0.0,0.0,0.0,0.0,False,0.1,-0.08466801047325134,-0.0037942228373140097,25.37680234523615,50.13598251894457,185.1999090491692,211.14028182760802,-0.8466801047325134,-0.037942226976156235,-0.026947417343523475,0.0030281878515241514,-0.026947417343523433,0.003028187851524179,0.0277099609375,0.0,-0.387939453125,-0.01862647404063377,0.0003330264384711439,-8.0643499752202e-05,6044.757516150739,False,True,True,Omega_safe_one_step_QP,False,0.3602294921875,0.0,2.711702828759342,False,False,False,0.9440014449741738,1.2988313840294826e-06,7.1454771517507645e-06,0.0002712604588430564,0.029327944212057366,1.5712196530845144e-05,0.0012865217078477473,0.0,0.0,0.0,0.0,5.059263755680177e-08,20.0,0.0,-19.086620217015522,20.0,20.0,0.0,0.0,0.0,0.0,0.0,False,16.973999780659142,-0.28159604163888174,-0.051158646659825835,0.1274608520620061
304,12.989190476690965,-2402.1721594829487,9.10565598807082,5.764273119805961,42.01728323643557,24.064180326051698,0.1,0.0,0.0,25.433024088485364,50.15240010002553,185.4405620343042,209.9604150975515,0.0,0.0,0.0,0.0,-1.3877787807814457e-17,-5.551115123125783e-17,0.055419921875,0.0,nan,nan,0.0013700049173287418,-3.229847191681557e-05,5911.975628240716,False,True,True,Omega_safe_one_step_QP,False,0.33251953125,0.0,0.0,False,False,False,1.60791088452429,1.5406241980969287e-05,8.47569218167742e-05,5.3070598342746936e-05,0.005737848981510073,7.92323328484527e-08,6.487578994626387e-06,0.0,0.0,0.0,0.0,1.5407439555097888e-34,20.0,3.287884865423627,-21.68580307438166,23.287884865423628,23.287884865423628,0.0,0.0,0.0,0.0,0.0,False,0.1,-0.08844339847564697,-0.007951187901198864,25.373983793320658,50.13296862570181,185.77888100940635,210.9690498099859,-0.8844339847564697,-0.07951187342405319,-0.028827345584597583,0.0015241165399159859,-0.02882734558459757,0.0015241165399160206,0.0277099609375,0.0,-0.387939453125,-0.03736747625255669,0.001367857060820871,-3.246327941353337e-05,5924.964818717407,False,True,True,Omega_safe_one_step_QP,False,0.3602294921875,0.0,2.8867607879439268,False,False,False,1.5429649321408352,1.260347746198885e-07,6.933760713253814e-07,3.352085307408371e-05,0.0036241836096948103,2.932040385894096e-06,0.000240076783493246,0.0,0.0,0.0,0.0,5.796360701990781e-08,20.0,0.0,-18.46090007959203,20.0,20.0,0.0,0.0,0.0,0.0,0.0,False,12.989190476690965,-0.2197098109580043,-0.06247465620125816,0.12638102699541984
305,17.822644937468795,-2384.34951454548,5.811635212054438,6.696589802412019,37.675991888179496,28.880600582521925,0.1,0.0,0.0,25.445711571442178,50.150390295719646,182.96048071342196,209.30938818665007,0.0,0.0,0.0,0.0,9.71445146547012e-17,-4.163336342344337e-17,0.055419921875,0.0,nan,nan,0.004920057804651163,5.9852982221296046e-05,5529.636692884455,False,True,True,Omega_safe_one_step_QP,False,0.33251953125,0.0,0.0,False,False,False,3.5196055613055934,6.512203059000124e-05,0.00035826665984374273,0.000615080335818904,0.06650081568013275,4.238360387178662e-05,0.0034703885182971513,0.0,0.0,0.0,0.0,1.2518544638517033e-34,20.0,341.7067013883337,-358.2574252978864,361.7067013883337,361.7067013883337,0.0,0.0,0.0,0.0,0.0,False,0.1,-0.08966580778360367,-0.00973887275904417,25.38717569340276,50.13101939332997,183.54936153301622,210.3214977168789,-0.8966580629348755,-0.09738872945308685,-0.027068998890953988,0.0014190192980888042,-0.02706899889095385,0.0014190192980889221,0.0277099609375,0.0,-0.387939453125,-0.045144931562933664,0.004905706481462208,5.940639198605808e-05,5547.459337821924,False,True,True,Omega_safe_one_step_QP,False,0.3602294921875,0.0,2.7106167503481706,False,False,False,3.4304923366182494,1.6937351548167605e-05,9.318026957674351e-05,0.000497075709560289,0.05374247592638456,4.193237132872689e-05,0.0034334413950356745,0.0,0.0,0.0,0.0,3.102828525287465e-08,20.0,233.48710474467057,-250.1138815366716,253.48710474467057,253.48710474467057,0.0,0.0,0.0,0.0,0.0,False,17.822644937468795,-0.32231131857908496,-0.11073290724692839,0.1250794753890699
306,47.61502208129423,-2336.7344924641857,11.524573583900636,6.996352371381638,40.23718167049982,26.929023468766196,0.1,0.0,0.0,25.509604659744337,50.149843769626,170.36863321612304,206.58277715409366,0.0,0.0,0.0,0.0,-1.3877787807814457e-16,2.7755575615628914e-17,0.055419921875,0.0,nan,nan,-0.00034708193125610343,7.534332370151726e-05,5778.95843174083,False,True,True,Omega_safe_one_step_QP,False,0.33251953125,0.0,0.0,False,False,False,2.2729968670237213,4.061929736710912e-05,0.00022346569756914638,0.015855462339523292,1.7142495332095424,0.0007434407722858309,0.060873264292944075,0.0,0.0,0.0,0.0,6.047420025375921e-34,20.0,139.99426172992847,-159.4966111261048,159.99426172992847,159.99426172992847,0.0,0.0,0.0,0.0,0.0,False,0.1,-0.0908200666308403,-0.03307429701089859,25.45159114000059,50.13056745651328,172.12747508644028,206.89278725472056,-0.9082006216049194,-0.3307429552078247,-0.016042679417001604,-0.005746803685483484,-0.01604267941700152,-0.005746803685483373,0.0277099609375,0.0,-0.387939453125,-0.1513686642511319,-0.00033650839420751354,7.573347724382511e-05,5826.573453822124,False,True,True,Omega_safe_one_step_QP,False,0.3602294921875,0.0,1.7040930593021382,False,False,False,2.03492175661725,6.420213919470274e-06,3.5320590828813636e-05,0.013045948999847514,1.4104925800565769,0.0011756055433314026,0.09625910981910575,0.0,0.0,0.0,0.0,1.729287401735533e-06,20.0,78.55630019831746,-98.02816718145412,98.55630019831746,98.55630019831746,0.0,0.0,0.0,0.0,0.0,False,47.61502208129423,-0.8239377847012973,-0.18545840130217153,0.12221117112592576
307,28.923061265712022,-2307.8114311984737,7.785354484037759,5.443180444717374,35.032140270761104,23.90237733921006,0.1,0.0,0.0,25.48407801558583,50.14765367827997,175.4241159940374,207.53087083743753,0.0,0.0,0.0,0.0,-8.326672684688674e-17,-1.1102230246251565e-16,0.055419921875,0.0,nan,nan,0.0024367595753928845,-7.217208017464157e-05,5549.489030794699,False,True,True,Omega_safe_one_step_QP,False,0.33251953125,0.0,0.0,False,False,False,3.4203438717543757,5.9102060357051e-05,0.0003251479961875608,0.002555790611778873,0.27632514078772613,8.988816323965472e-05,0.00736008317228943,0.0,0.0,0.0,0.0,2.2340787354891934e-34,20.0,294.58698206520506,-311.4506485654069,314.58698206520506,314.58698206520506,0.0,0.0,0.0,0.0,0.0,False,0.1,-0.0923544391989708,-0.041717108339071274,25.427906038878408,50.128695125540965,176.50856355998167,207.3809179174714,-0.9235443472862244,-0.41717109084129333,-0.02079912313507637,-0.010052475676488634,-0.020799123135076425,-0.010052475676488676,0.0277099609375,0.0,-0.387939453125,-0.1877515773785354,0.002430290182732824,-7.255072646917413e-05,5578.412092060411,False,True,True,Omega_safe_one_step_QP,False,0.3602294921875,0.0,2.310099111325018,False,False,False,3.275728565425816,1.5659544857012427e-05,8.615045906533049e-05,0.0019193936212997158,0.20751962629033857,2.3827154391758205e-05,0.0019509781016968902,0.0,0.0,0.0,0.0,4.116256813734179e-07,20.0,202.3479562265885,-219.28178482763948,222.3479562265885,222.3479562265885,0.0,0.0,0.0,0.0,0.0,False,28.923061265712022,-0.5211842226413083,-0.24483016405198024,0.12034919624154897
308,40.65851800364999,-2267.1529131948237,9.262398369261648,4.902247298876387,42.800636228315035,23.783740908449666,0.1,0.0,0.0,25.504496757078847,50.14330391330419,171.4474465977175,206.42566108645227,0.0,0.0,0.0,0.0,-1.3877787807814457e-16,-1.1102230246251565e-16,0.055419921875,0.0,nan,nan,0.0007962415893137285,-3.398290296339568e-05,5594.499882045482,False,True,True,Omega_safe_one_step_QP,False,0.33251953125,0.0,0.0,False,False,False,3.19528961550046,5.141245900271672e-05,0.00028284391310250036,0.0015813899487627436,0.1709755870524997,0.00012214885936729164,0.010001603458584639,0.0,0.0,0.0,0.0,3.0814879110195774e-35,20.0,231.6961525267923,-248.68212294571603,251.6961525267923,251.6961525267923,0.0,0.0,0.0,0.0,0.0,False,0.1,-0.08712197840213776,-0.0009897315176203847,25.44935726448606,50.12455229859214,172.95851041754162,208.02170040269183,-0.8712197542190552,-0.009897314943373203,-0.01612020898962563,0.007427604754737915,-0.016120208989625656,0.007427604754737874,0.0277099609375,0.0,-0.387939453125,-0.004721900637738588,0.000795760917570549,-3.437598887810875e-05,5635.158400049132,False,True,True,Omega_safe_one_step_QP,False,0.3602294921875,0.0,1.774909716751269,False,False,False,2.99199702548221,1.2701416473432119e-05,6.987641530820897e-05,0.0012602877314148466,0.13625888725440785,4.106021933652669e-05,0.0033620291982555807,0.0,0.0,0.0,0.0,3.274454494626487e-06,20.0,154.51082402769106,-171.6585210695313,174.51082402769106,174.51082402769106,0.0,0.0,0.0,0.0,0.0,False,40.65851800364999,-0.7267587605844094,-0.2598398349842821,0.11788498624987276
309,36.2113353653358,-2230.941577829488,10.647550886268807,4.732039803304931,40.19416605036976,27.730632024113433,0.1,0.0,0.0,25.497031703201007,50.139111793995916,172.9658676923027,206.50318567278606,0.0,0.0,0.0,0.0,8.326672684688674e-17,1.3877787807814457e-16,0.055419921875,0.0,nan,nan,-0.0008452463337471385,9.015836216986909e-05,5762.007424726621,False,True,True,Omega_safe_one_step_QP,False,0.33251953125,0.0,0.0,False,False,False,2.3577519020947646,2.621496469136147e-05,0.00014422074607940363,0.0002305602620481382,0.024927549454516494,6.01006148622593e-07,4.921065334404555e-05,0.0,0.0,0.0,0.0,1.1170393677445968e-33,20.0,51.66196310385934,-69.32933218261851,71.66196310385934,71.66196310385934,0.0,0.0,0.0,0.0,0.0,False,0.1,-0.08632180839776993,0.01423189789056778,25.443355902599254,50.12058459981103,174.24211695454474,208.6999362657214,-0.8632180690765381,0.1423189789056778,-0.01717088159955027,0.01363263288105071,-0.017170881599550242,0.013632632881050766,0.0277099609375,0.0,-0.387939453125,0.06852822165116562,-0.0008399449111982729,9.023652059926427e-05,5798.218760091957,False,True,True,Omega_safe_one_step_QP,False,0.3602294921875,0.0,2.1924594732292735,False,False,False,2.1766952252680856,2.6181075956903057e-06,1.4403430834718386e-05,0.0001647645741837151,0.017813898348447318,4.600038858994469e-05,0.0037665324752154446,0.0,0.0,0.0,0.0,3.960628698157982e-07,20.0,20.428374826839928,-38.27327483188921,40.42837482683993,40.42837482683993,0.0,0.0,0.0,0.0,0.0,False,36.2113353653358,-0.6284499948740321,-0.2793061743891614,0.11565559616444182
310,22.627317119874533,-2208.3142607096133,10.474019590140152,4.696777907329453,37.58655497608188,26.947726326904565,0.1,0.0,0.0,25.466212645170454,50.137649094595886,179.0561281402135,207.714121188851,0.0,0.0,0.0,0.0,-5.551115123125783e-17,1.249000902703301e-16,0.055419921875,0.0,nan,nan,-0.0007434859898192733,5.4811940300337255e-05,5894.4765130204805,False,True,True,Omega_safe_one_step_QP,False,0.33251953125,0.0,0.0,False,False,False,1.6954064606254677,1.2326505004180816e-05,6.781385247641672e-05,0.003709127232338658,0.40102076435839307,0.00014663648240674867,0.01200666102975286,0.0,0.0,0.0,0.0,1.9451892438311082e-34,20.0,0.7515594956181401,-19.469248274233294,20.75155949561814,20.75155949561814,0.0,0.0,0.0,0.0,0.0,False,0.1,-0.08163890242576599,-0.03336210921406746,25.41389145029567,50.11930043872255,179.8264827396755,207.77510795365762,-0.8163890242576599,-0.333621084690094,-0.02112085834343147,-0.007542101562758766,-0.02112085834343158,-0.007542101562758821,0.0277099609375,0.0,-0.387939453125,-0.16985702569097422,-0.0007398436474465849,5.487095881755746e-05,5917.103830140355,False,True,True,Omega_safe_one_step_QP,False,0.3602294921875,0.0,2.242708079858534,False,False,False,1.5822698750260953,1.1568418180285676e-07,6.364326332543647e-07,0.003118514122213906,0.3371652786804376,8.553074067947156e-05,0.007003295456266659,0.0,0.0,0.0,0.0,4.639716950430595e-06,20.0,0.0,-18.761903975260193,20.0,20.0,0.0,0.0,0.0,0.0,0.0,False,22.627317119874533,-0.3838732255509441,-0.32187885869689664,0.11413379063748687
311,10.80759827039492,-2197.5066624392184,10.879048276681097,6.227878032650417,43.57666556407954,26.952124383905762,0.1,0.0,0.0,25.44196142810045,50.13642890026421,183.84876765108356,208.66184987620647,0.0,0.0,0.0,0.0,1.3877787807814457e-17,1.3877787807814457e-17,0.055419921875,0.0,nan,nan,-8.352558448806741e-05,8.442554206891857e-05,6049.10264869688,False,True,True,Omega_safe_one_step_QP,False,0.33251953125,0.0,0.0,False,False,False,0.9222757822434687,8.016327379544686e-06,4.410155531796913e-05,0.002296939348115281,0.24833884506174772,8.981896648365121e-05,0.00735441731083356,0.0,0.0,0.0,0.0,1.71407765050464e-34,20.0,0.0,-19.333461581684432,20.0,20.0,0.0,0.0,0.0,0.0,0.0,False,0.1,-0.08467122167348862,-0.0175130944699049,25.390555010385757,50.11823789587285,184.11009110296357,209.32349465853267,-0.8467122316360474,-0.1751309484243393,-0.025940412912680955,-0.001520746367213402,-0.025940412912681093,-0.0015207463672133464,0.0277099609375,0.0,-0.387939453125,-0.08597144709813963,-7.97696736958343e-05,8.44635680209945e-05,6059.910246967275,False,True,True,Omega_safe_one_step_QP,False,0.3602294921875,0.0,2.598495125248032,False,False,False,0.8682377908914941,4.951502931295482e-07,2.7240526751543047e-06,0.0018349300610031477,0.1983876555088444,0.0002397501387833792,0.019630849028575422,0.0,0.0,0.0,0.0,5.948482463689633e-07,20.0,0.0,-19.349784032546847,20.0,20.0,0.0,0.0,0.0,0.0,0.0,False,10.80759827039492,-0.1786644879091799,-0.32065171275783066,0.11322123956861153
312,9.055883381467538,-2188.450779057751,9.293442858920553,6.6684441738926035,35.03097817916339,24.662798003980132,0.1,0.0,0.0,25.431577114126156,50.136548332546354,185.89195811326965,209.09936432323062,0.0,0.0,0.0,0.0,-1.3877787807814457e-17,-1.249000902703301e-16,0.055419921875,0.0,nan,nan,0.0014812044552277698,-3.6410921200396575e-05,5943.109235451989,False,True,True,Omega_safe_one_step_QP,False,0.33251953125,0.0,0.0,False,False,False,1.4522428484679266,1.4343067125564565e-05,7.890790112708172e-05,0.00041746272647682055,0.045134936381602146,1.9141889135484103e-05,0.0015673464784933299,0.0,0.0,0.0,0.0,2.0029671421627254e-34,20.0,4.093268801563796,-22.687807143857093,24.093268801563795,24.093268801563795,0.0,0.0,0.0,0.0,0.0,False,0.1,-0.08323471248149872,-0.0018193203723058105,25.38067138218176,50.118415748681,186.0754999216235,210.37626017829447,-0.8323470950126648,-0.018193203955888748,-0.027244786367308968,0.004532213458313415,-0.02724478636730894,0.004532213458313505,0.0277099609375,0.0,-0.387939453125,-0.009085145177968462,0.001480284499761266,-3.6557374958809115e-05,5952.165118833456,False,True,True,Omega_safe_one_step_QP,False,0.3602294921875,0.0,2.7619184329592854,False,False,False,1.406963431560589,3.325209619782665e-07,1.8293528825293261e-06,0.00038628318244662537,0.041763888747991765,0.00011083152395993455,0.009074934953135664,0.0,0.0,0.0,0.0,3.8339712758579847e-07,20.0,0.0,-18.643877604890548,20.0,20.0,0.0,0.0,0.0,0.0,0.0,False,9.055883381467538,-0.1523761893428973,-0.3226254145375983,0.11241045124204649
313,15.263235141610494,-2173.1875439161404,8.316435803100562,5.400419385358819,40.15266880519006,26.743584595258547,0.1,0.0,0.0,25.44635329550018,50.13456811273822,182.99977366254805,208.36203598085882,0.0,0.0,0.0,0.0,8.326672684688674e-17,-1.3877787807814457e-17,0.055419921875,0.0,nan,nan,0.0019567874441433386,3.226089454346024e-05,5777.495771338809,False,True,True,Omega_safe_one_step_QP,False,0.33251953125,0.0,0.0,False,False,False,2.2803101690338234,2.5769528976063283e-05,0.0001417701964812237,0.0008364730896995808,0.09043719904562317,5.436530844647411e-05,0.004451455869516502,0.0,0.0,0.0,0.0,2.1763008371575767e-34,20.0,50.71358386067561,-68.5283041167534,70.71358386067561,70.71358386067561,0.0,0.0,0.0,0.0,0.0,False,0.1,-0.08420261740684509,-0.009917906485497952,25.395813262692723,50.11646008656713,183.4653651325674,209.38267517590288,-0.8420261740684509,-0.09917905926704407,-0.02519085768052702,0.0018372384648669554,-0.025190857680527146,0.0018372384648668444,0.0277099609375,0.0,-0.387939453125,-0.04895776576048302,0.001952599875630971,3.2064815698094895e-05,5792.75900648042,False,True,True,Omega_safe_one_step_QP,False,0.3602294921875,0.0,2.525776624837125,False,False,False,2.203993993325771,3.203292984462685e-06,1.7622808558745194e-05,0.0006812803617040955,0.073658182715042,9.872111569775107e-05,0.008083329286186963,0.0,0.0,0.0,0.0,1.148151326568802e-07,20.0,17.514385853837034,-35.39215111013618,37.514385853837034,37.514385853837034,0.0,0.0,0.0,0.0,0.0,False,15.263235141610494,-0.26418427197002636,-0.3261524366065256,0.11129616476860354
314,25.989905938814445,-2147.197637977326,9.66937017600621,6.2622808262326295,40.123799908787,25.076255985485425,0.1,0.0,0.0,25.46587710899323,50.13351752185597,179.16071533498584,207.4759225636797,0.0,0.0,0.0,0.0,8.326672684688674e-17,-6.938893903907228e-17,0.055419921875,0.0,nan,nan,0.0010264605305729526,-8.348163689450051e-07,5818.201259341861,False,True,True,Omega_safe_one_step_QP,False,0.33251953125,0.0,0.0,False,False,False,2.0767827290185643,2.7326788387965303e-05,0.00015033740673185168,0.001473836884242478,0.15934724177306053,7.851969881048785e-05,0.006429228199574076,0.0,0.0,0.0,0.0,3.0814879110195774e-35,20.0,60.09191248883287,-78.18105656719366,80.09191248883286,80.09191248883286,0.0,0.0,0.0,0.0,0.0,False,0.1,-0.08066795021295547,-0.020021995529532433,25.4158808275016,50.11548522184888,180.0766817757555,208.13043348095107,-0.8066794872283936,-0.20021995902061462,-0.021067161421071984,-0.0019043630614204304,-0.02106716142107204,-0.0019043630614204166,0.0277099609375,0.0,-0.387939453125,-0.10316526809274985,0.0010269921198356434,-9.489654725321813e-07,5844.191165280676,False,True,True,Omega_safe_one_step_QP,False,0.3602294921875,0.0,2.1153058620710192,False,False,False,1.9468331993244918,4.1437192288651735e-06,2.2796531895670835e-05,0.001148317489273394,0.12415296872525346,0.00015681092625757721,0.01283974906131307,0.0,0.0,0.0,0.0,3.100445282175919e-07,20.0,23.643182794891864,-41.83336541993036,43.643182794891864,43.643182794891864,0.0,0.0,0.0,0.0,0.0,False,25.989905938814445,-0.4467000156978817,-0.3382237517804283,0.10963844614236862
315,25.12830001033217,-2122.0693379669938,7.598820196025006,4.39542358271217,37.80686510677216,29.968837029095045,0.1,0.0,0.0,25.46827402038481,50.13121183388065,178.7127814006265,207.24193983934865,0.0,0.0,0.0,0.0,8.326672684688674e-17,-6.938893903907228e-17,0.055419921875,0.0,nan,nan,0.0022365857114935066,0.0001146649424578952,5608.221825080121,False,True,True,Omega_safe_one_step_QP,False,0.33251953125,0.0,0.0,False,False,False,3.126679900327267,4.318005182166152e-05,0.0002375536020279078,2.0064480955062563e-05,0.002169317196482451,5.474791528537658e-06,0.00044827838893037237,0.0,0.0,0.0,0.0,0.0,20.0,169.58767715926183,-186.463852408122,189.58767715926183,189.58767715926183,0.0,0.0,0.0,0.0,0.0,False,0.1,-0.07988091558218002,-0.02535511925816536,25.41925487856765,50.11333894180622,179.6378751957235,207.68156867809378,-0.7988091707229614,-0.253551185131073,-0.02046282237150479,-0.003991883301158905,-0.020462822371504735,-0.003991883301159016,0.0277099609375,0.0,-0.387939453125,-0.13193189369867794,0.0022298322367551252,0.00011430913701462615,5633.350125090453,False,True,True,Omega_safe_one_step_QP,False,0.3602294921875,0.0,2.0848554666878663,False,False,False,3.0010384002756063,1.1583985536445837e-05,6.372890661148834e-05,1.925512146793868e-05,0.0020818114465212963,2.0147961124411092e-05,0.0016497241047450878,0.0,0.0,0.0,0.0,4.722966438150212e-08,20.0,103.15449290856651,-120.15724981997845,123.15449290856651,123.15449290856651,0.0,0.0,0.0,0.0,0.0,False,25.12830001033217,-0.4480618062922855,-0.3502032293606955,0.10804596243996253
316,28.53883438338198,-2093.530503583612,9.318067156563217,3.312167686292918,43.96790083893164,24.546276858905326,0.1,0.0,0.0,25.488459221080994,50.13115264264782,174.73167570751033,206.3824937914254,0.0,0.0,0.0,0.0,-1.1102230246251565e-16,5.551115123125783e-17,0.055419921875,0.0,nan,nan,-5.797605806143191e-05,-6.594885985364567e-06,5678.980522482886,False,True,True,Omega_safe_one_step_QP,False,0.33251953125,0.0,0.0,False,False,False,2.77288641331344,2.913545616363157e-05,0.0001602877316354866,0.0015849202539762036,0.17135727406576173,7.386475092909048e-05,0.006048078976640097,0.0,0.0,0.0,0.0,5.334825945952643e-34,20.0,71.50835228632081,-88.9130315137814,91.50835228632081,91.50835228632081,0.0,0.0,0.0,0.0,0.0,False,0.1,-0.08882106840610504,-0.008333024568855762,25.44031149246686,50.113441417122054,175.75099519212364,207.67737837847727,-0.888210654258728,-0.08333024382591248,-0.019187332153165787,0.004581264029054025,-0.019187332153165843,0.004581264029054025,0.0277099609375,0.0,-0.387939453125,-0.038995441527195654,-5.8459928959064475e-05,-6.862481185619836e-06,5707.519356866268,False,True,True,Omega_safe_one_step_QP,False,0.3602294921875,0.0,1.972667471369211,False,False,False,2.6301922413965304,5.610913094798772e-06,3.0868249575984773e-05,0.0015107836162384417,0.1633418221089376,1.7558610876129123e-09,1.437706943611951e-07,0.0,0.0,0.0,0.0,7.512573044261718e-07,20.0,32.04844141293559,-49.58162275692557,52.04844141293559,52.04844141293559,0.0,0.0,0.0,0.0,0.0,False,28.53883438338198,-0.5025344649518999,-0.3735265934315941,0.10628557488157028
317,22.190761821022534,-2071.3397417625893,10.781414965588896,4.8677089236325894,40.77146413884596,23.008497673875095,0.1,0.0,0.0,25.470933573343427,50.12805049145225,178.22059986883815,206.94357430455176,0.0,0.0,0.0,0.0,-1.1102230246251565e-16,1.1102230246251565e-16,0.055419921875,0.0,nan,nan,-0.0008852690982531471,-4.680299556940767e-05,5903.710343526148,False,True,True,Omega_safe_one_step_QP,False,0.33251953125,0.0,0.0,False,False,False,1.649237308097131,1.290909249936347e-05,7.10189379762824e-05,0.0012172591803497003,0.13160675715573247,3.14811342210151e-05,0.002577689407301857,0.0,0.0,0.0,0.0,3.0814879110195774e-35,20.0,1.9825394367606126,-20.46755759416449,21.98253943676061,21.98253943676061,0.0,0.0,0.0,0.0,0.0,False,0.1,-0.08419914543628693,-0.03697093203663826,25.423824164366962,50.11049290740782,178.98289170750942,206.9498420153793,-0.8419914245605469,-0.369709312915802,-0.02106851710036392,-0.008204677501694041,-0.02106851710036381,-0.008204677501694152,0.0277099609375,0.0,-0.387939453125,-0.18250715204706316,-0.0008809939289822741,-4.670376497040976e-05,5925.90110534717,False,True,True,Omega_safe_one_step_QP,False,0.3602294921875,0.0,2.26097135257201,False,False,False,1.5382834989920184,1.0461287484830897e-06,5.755242106088392e-06,0.0010445155086162778,0.11293018044716421,5.293091596298395e-05,0.004334007168823317,0.0,0.0,0.0,0.0,1.6701915763327525e-06,20.0,0.0,-18.57898811405765,20.0,20.0,0.0,0.0,0.0,0.0,0.0,False,22.190761821022534,-0.3758782279241788,-0.39533586480071925,0.10484473757695709
318,7.86146725404069,-2063.4782745085486,10.314565959502602,4.1173588250870665,37.6193985838889,26.952603486964577,0.1,0.0,0.0,25.443893349453838,50.12469392229485,183.5881989606622,207.8912851541898,0.0,0.0,0.0,0.0,-8.326672684688674e-17,5.551115123125783e-17,0.055419921875,0.0,nan,nan,-0.0008992718389166819,5.35747479606037e-05,5989.841929317875,False,True,True,Omega_safe_one_step_QP,False,0.33251953125,0.0,0.0,False,False,False,1.2185793791384958,4.298276350052435e-06,2.3646822696819876e-05,0.0028811120010550336,0.31149800599769173,8.981558545216603e-05,0.007354140470457228,0.0,0.0,0.0,0.0,3.851859888774472e-35,20.0,0.0,-19.10029641415235,20.0,20.0,0.0,0.0,0.0,0.0,0.0,False,0.1,-0.08786163479089737,-0.023306872695684433,25.397681427189465,50.10729251785303,183.74720073596825,208.40933731695796,-0.8786163330078125,-0.23306871950626373,-0.02666244569806435,-0.003042449992524357,-0.026662445698064224,-0.00304244999252426,0.0277099609375,0.0,-0.387939453125,-0.11025845356333112,-0.0008971835025280455,5.356901139992902e-05,5997.703396571916,False,True,True,Omega_safe_one_step_QP,False,0.3602294921875,0.0,2.683547116335458,False,False,False,1.1792720428682923,1.7920555857354684e-06,9.858933499754003e-06,0.0022698640518654277,0.24541153755321016,0.00021301265353302132,0.017441571729229284,0.0,0.0,0.0,0.0,5.794063001260093e-07,0.0,0.0,0.916408495246053,0.0,0.0,0.0,0.0,0.0,0.0,0.0,False,7.86146725404069,-0.13124665636937696,-0.39031771167821905,0.10413110267097347
319,0.5867744815604965,-2062.891500026988,9.93234964501816,4.763995556977706,37.667068852945455,27.671286709295437,0.1,0.0,0.0,25.42109244857493,50.12418697232294,188.08654082314362,208.81718216218985,0.0,0.0,0.0,0.0,2.7755575615628914e-17,-2.7755575615628914e-17,0.055419921875,0.0,nan,nan,-0.00011925125848347433,7.076457390746778e-05,6060.277531783041,False,True,True,Omega_safe_one_step_QP,False,0.33251953125,0.0,0.0,False,False,False,0.8664013668126654,2.4995060654467403e-06,1.3750948507190307e-05,0.002023507951175285,0.21877618491775386,8.572852694234436e-05,0.007019490284290889,0.0,0.0,0.0,0.0,1.925929944387236e-34,20.0,0.0,-19.359408059337888,20.0,20.0,0.0,0.0,0.0,0.0,0.0,False,0.1,-0.09090675413608551,-0.0016211805632337928,25.37525314526579,50.10682833550149,187.9398681987075,209.41757928608052,-0.9090675115585327,-0.01621180586516857,-0.030301596238855366,-0.0023285040326016526,-0.030301596238855255,-0.0023285040326015832,0.23243288547547625,-0.05033574002966734,-0.32560894130464346,-0.06028754802946802,-0.00011864557479642065,7.075761906703295e-05,6060.8643062646015,True,True,True,Z_mode_existing_controller,False,0.07831197579104432,0.0,3.039093064801498,False,False,False,0.8634674944048629,2.9340462722421853e-06,1.6141556831991476e-05,0.0017578460453112395,0.1900535410511172,0.00010165518683001477,0.008323572348104904,0.0,0.0,0.0,0.0,1.3753135492229564e-07,0.0,0.0,0.665074101917454,0.0,0.0,0.0,0.0,0.0,0.0,0.0,False,0.5867744815604965,-0.009682303796866826,-0.3690902364957542,0.10378409398376129
320,-8.470413388389716,-2071.361913415378,12.10043389515474,4.5696040982806485,41.015987562472205,26.36149809598725,0.1,0.0,0.0,25.41371383375516,50.12472366410727,189.5322916857233,209.15110017890316,0.0,0.0,0.0,0.0,-1.1796119636642288e-16,-2.7755575615628914e-17,0.055419921875,0.0,nan,nan,-0.0024468798964951068,7.36341966032177e-05,6313.613329950738,False,True,True,Omega_safe_one_step_QP,False,0.33251953125,0.0,0.0,False,False,False,-0.40027762402582084,1.3440167795970036e-06,7.394063084913904e-06,0.00020901955566498658,0.022598626773386296,1.1150124188575186e-05,0.0009129771757652927,0.0,0.0,0.0,0.0,2.1233377636869276e-34,0.0,0.0,-0.42379662203805735,0.0,0.0,0.0,0.0,0.0,0.0,0.0,False,0.1,-0.09192705154418945,-0.00014163284504320472,25.36797597737306,50.10735647610998,189.01682575301547,209.77444821792375,-0.9192705154418945,-0.0014163283631205559,-0.03067314832045569,-0.001518834821911702,-0.03067314832045558,-0.001518834821911591,0.23243288547547625,-0.05033574002966734,-0.32560894130464346,-0.05119552015153911,-0.0024419331499517796,7.352639579123548e-05,6305.142916562349,True,True,True,Z_mode_existing_controller,False,0.07831197579104432,0.0,3.0710729185496644,False,False,False,-0.35792555708387225,1.8496958280037418e-05,0.00010176039352918372,0.00011598375737809972,0.012539848897983891,1.2735543451492327e-05,0.001042792016979805,0.0,0.0,0.0,0.0,7.936151800808891e-09,0.0,0.0,-0.3716099663285169,0.0,0.0,0.0,0.0,0.0,0.0,0.0,False,-8.470413388389716,0.13416110467531286,-0.33545734494470064,0.1038802773845826
321,-16.440989283576528,-2087.8029026989543,9.781029910750732,4.317382226381703,34.22705304090228,22.397635296164797,0.1,0.0,0.0,25.372614973732972,50.125541006640425,197.62226954816757,210.92026309421337,0.0,0.0,0.0,0.0,2.0816681711721685e-17,1.1796119636642288e-16,0.26014284641297625,-0.05033574002966734,nan,nan,-0.0002882648927512979,-0.0001024623129160686,6275.4855436481985,True,True,True,Z_mode_existing_controller,False,0.05060201485354432,0.0,0.0,False,False,False,-0.2096386925131219,1.6775546073685047e-06,9.229010220385759e-06,0.006544774181483838,0.7076032124023104,0.00031299374209089006,0.025628068159020783,0.0,0.0,0.0,0.0,4.0492677080741634e-34,0.0,0.0,-0.9428792020846734,0.0,0.0,0.0,0.0,0.0,0.0,0.0,False,0.1,-0.09380059689283371,-0.0002438380179228261,25.326744718190714,50.10810371842427,196.75703611644118,211.4837087985454,-0.9380059242248535,-0.0024383801501244307,-0.03133031380687594,-0.0016052137901414812,-0.031330313806876064,-0.0016052137901414465,0.23243288547547625,-0.05033574002966734,-0.32560894130464346,-0.05178638978529265,-0.00028857780785017384,-0.00010251559773378994,6259.044554364622,True,True,True,Z_mode_existing_controller,False,0.07831197579104432,0.0,3.1371408552205504,False,False,False,-0.12743374609523925,2.0084101672075804e-05,0.00011049200949089432,0.005991085647008287,0.6477399115761848,0.00029215717324670445,0.023921960544946348,0.0,0.0,0.0,0.0,4.39327802694727e-09,0.0,0.0,-0.7992061146191394,0.0,0.0,0.0,0.0,0.0,0.0,0.0,False,-16.440989283576528,0.2619875254149451,-0.30074014203132365,0.10437631151688673
322,-22.0738392253279,-2109.876741924282,11.150112119970508,5.122295633717272,37.48807477850022,23.75165180459834,0.1,0.0,0.0,25.370583911402537,50.12409050418522,198.0371991993092,210.91975990456243,0.0,0.0,0.0,0.0,-4.163336342344337e-17,-3.469446951953614e-17,0.26014284641297625,-0.05033574002966734,nan,nan,-0.0011842206816283865,-3.1389529512089456e-05,6427.50877136159,True,True,True,Z_mode_existing_controller,False,0.05060201485354432,0.0,0.0,False,False,False,-0.9697548310800812,5.303850005596662e-06,2.9178952323840552e-05,1.7216661539652975e-05,0.0018614186944399217,2.5319982481533712e-11,2.073211536074494e-09,0.0,0.0,0.0,0.0,2.720376046446971e-34,20.0,0.0,-20.971645430800056,20.0,20.0,0.0,0.0,0.0,0.0,0.0,False,0.1,-0.09369615465402603,-0.0015368562890216708,25.324219794185684,50.106530209686895,196.95666637420283,211.37168275393736,-0.9369615316390991,-0.015368563123047352,-0.031327760961845336,-0.0023251362526318167,-0.031327760961845266,-0.0023251362526317335,0.23243288547547625,-0.05033574002966734,-0.32560894130464346,-0.059489051541660294,-0.0011823726634388682,-3.1562017403119805e-05,6405.434932136262,True,True,True,Z_mode_existing_controller,False,0.07831197579104432,0.0,3.1413927889963396,False,False,False,-0.8593856349534417,3.04114620304102e-05,0.0001673076349721923,3.9852239813979005e-06,0.0004308715951358518,1.2549834670520204e-06,0.00010275860985972576,0.0,0.0,0.0,0.0,5.1829486901582996e-09,20.0,0.0,-20.860086577976357,20.0,20.0,0.0,0.0,0.0,0.0,0.0,False,-22.0738392253279,0.34342760174330844,-0.2733451918654488,0.10514200142847058
323,-54.60996631371836,-2164.4867082380006,7.9010078241282855,5.390237420176448,42.7863641537187,25.655834468788505,0.1,0.0,0.0,25.355461032989215,50.12412974171179,201.0154908989032,211.55240953200385,0.0,0.0,0.0,0.0,1.0408340855860843e-16,1.0408340855860843e-16,0.055419921875,0.0,nan,nan,0.00239132660054713,-2.8959034939245495e-06,6156.490717783792,False,True,True,Omega_safe_one_step_QP,False,0.33251953125,0.0,0.0,False,False,False,0.3853354368089094,1.8411586996769155e-07,1.0129072628714611e-06,0.000887022144787049,0.09590242561753284,4.0024555110177255e-05,0.0032772285463146377,0.0,0.0,0.0,0.0,4.0492677080741634e-34,0.0,0.0,0.2861547697377991,0.0,0.0,0.0,0.0,0.0,0.0,0.0,False,0.1,-0.09411314874887466,-0.030167877674102783,25.30846318730346,50.10641316441342,198.4801767755397,211.33189779873368,-0.9411314725875854,-0.30167877674102783,-0.04406279628987064,-0.008704834797571101,-0.044062796289870504,-0.008704834797571226,0.0277099609375,0.0,-0.387939453125,-0.13323601266608276,0.0023900498556116948,-2.2460633503040795e-06,6101.880751470074,False,True,True,Omega_safe_one_step_QP,False,0.3602294921875,0.0,4.491440933303736,False,False,False,0.6583852683775012,8.795478366089694e-06,4.838802825092918e-05,0.00023210839429816125,0.025094929309491348,1.582842660559299e-07,1.2960386785637335e-05,0.0,0.0,0.0,0.0,2.0288167833035393e-06,0.0,0.0,0.63322696183619,0.0,0.0,0.0,0.0,0.0,0.0,0.0,False,-54.60996631371836,0.8870307585451344,-0.2123945886510078,0.10753348270928113
324,-13.103011689936466,-2177.589719927937,10.151871888170138,4.036661657197925,37.599295444113096,25.63076282027497,0.1,0.0,0.0,25.396434537655637,50.125201310819634,192.9229307017709,209.87985073627044,0.0,0.0,0.0,0.0,-1.1102230246251565e-16,-9.71445146547012e-17,0.26014284641297625,-0.05033574002966734,nan,nan,-0.0007626229986425989,1.2087318190693072e-05,6199.7249438385,True,True,True,Z_mode_existing_controller,False,0.05060201485354432,0.0,0.0,False,False,False,0.1691643065353719,1.9369485628596144e-07,1.0656057337551743e-06,0.00654895305442102,0.7080550207966989,0.00027974529251851893,0.02290567017709866,0.0,0.0,0.0,0.0,8.676314399464497e-34,0.0,0.0,-0.5617974500441594,0.0,0.0,0.0,0.0,0.0,0.0,0.0,False,0.1,-0.09339877218008041,-0.00047453140723519027,25.347580648470412,50.10713227624125,192.19384084085235,210.44405692325782,-0.9339877367019653,-0.00474531389772892,-0.031244512320924723,-0.001727656813264311,-0.031244512320924837,-0.0017276568132643735,0.23243288547547625,-0.05033574002966734,-0.32560894130464346,-0.05317098472482773,-0.0007619234423686359,1.204708044402693e-05,6186.621932148563,True,True,True,Z_mode_existing_controller,False,0.07831197579104432,0.0,3.129224102292533,False,False,False,0.23467936498505423,1.463915176963435e-05,8.053680083277045e-05,0.00395180194837414,0.42725809568165557,7.882614201657406e-05,0.006454319906903374,0.0,0.0,0.0,0.0,2.129894165332257e-06,0.0,0.0,-0.19911571729850283,0.0,0.0,0.0,0.0,0.0,0.0,0.0,False,-13.103011689936466,0.2113482744578643,-0.18982407197751497,0.10785225814209128
325,-18.898624220794773,-2196.488344148732,10.244639894724802,5.160965507416247,40.75013913600811,25.87910370032951,0.1,0.0,0.0,25.38340257390401,50.12531357883232,195.48816680362836,210.42848107861818,0.0,0.0,0.0,0.0,-7.892991815694472e-17,-9.71445146547012e-17,0.26014284641297625,-0.05033574002966734,nan,nan,-0.00014249557385120735,3.291433149311969e-05,6270.239736263826,True,True,True,Z_mode_existing_controller,False,0.05060201485354432,0.0,0.0,False,False,False,-0.18340965559125835,3.031398778621541e-07,1.6677138369789892e-06,0.0006580436258272883,0.07114588993056506,3.009952525445931e-05,0.0024645626446788394,0.0,0.0,0.0,0.0,1.0299211304164554e-35,0.0,0.0,-0.2570217758803392,0.0,0.0,0.0,0.0,0.0,0.0,0.0,False,0.1,-0.09359706938266754,-0.00040478172013536096,25.334192418541793,50.107145128273736,194.51694407429972,210.95409910228432,-0.935970664024353,-0.004047817084938288,-0.031342068133667855,-0.001691839379524343,-0.03134206813366775,-0.0016918393795242181,0.23243288547547625,-0.05033574002966734,-0.32560894130464346,-0.052749118269407036,-0.00014203934361587192,3.286899388474883e-05,6251.341112043031,True,True,True,Z_mode_existing_controller,False,0.07831197579104432,0.0,3.1387697516408872,False,False,False,-0.08891653448728448,1.566405902152158e-05,8.617529358946965e-05,0.0005396808633253624,0.05834882945869623,2.6014302438609914e-05,0.002130062765959308,0.0,0.0,0.0,0.0,1.0800025159660885e-10,0.0,0.0,-0.14948160211352973,0.0,0.0,0.0,0.0,0.0,0.0,0.0,False,-18.898624220794773,0.3014019402080418,-0.15779832454591744,0.10845147381417392
326,-24.117824463452052,-2220.606168612184,11.31039292265307,3.9564866841928215,42.63988373263039,28.718192393478,0.1,0.0,0.0,25.38179385406811,50.126240531401194,195.79186736324976,210.5409255633676,0.0,0.0,0.0,0.0,7.806255641895632e-17,-4.163336342344337e-17,0.26014284641297625,-0.05033574002966734,nan,nan,-0.0019352169920425731,0.00014167556908491424,6387.822652136565,True,True,True,Z_mode_existing_controller,False,0.05060201485354432,0.0,0.0,False,False,False,-0.7713242349549546,5.955366065290334e-06,3.276324600182127e-05,9.223402991435422e-06,0.0009972092856137455,1.2643762150565178e-06,0.00010352769228435091,0.0,0.0,0.0,0.0,2.772812498448451e-34,20.0,0.0,-20.772457735178854,20.0,20.0,0.0,0.0,0.0,0.0,0.0,False,0.1,-0.09389789402484894,-0.0005533594521693885,25.332029232454847,50.10793524020715,194.61924338334467,211.0227328819709,-0.938978910446167,-0.00553359417244792,-0.031473650540751616,-0.0017794636028265892,-0.03147365054075157,-0.0017794636028267002,0.23243288547547625,-0.05033574002966734,-0.32560894130464346,-0.053624394400051116,-0.0019330136671672016,0.00014153050101353563,6363.704827673113,True,True,True,Z_mode_existing_controller,False,0.07831197579104432,0.0,3.152391424101921,False,False,False,-0.6507351126376943,3.406721692354576e-05,0.0001874196474955271,1.0465148631074551e-06,0.00011314634522557484,4.7105957140677573e-07,3.857056924628955e-05,0.0,0.0,0.0,0.0,2.499193436333437e-10,20.0,0.0,-20.651074249449582,20.0,20.0,0.0,0.0,0.0,0.0,0.0,False,-24.117824463452052,0.3775593935029685,-0.09704833117414602,0.1092975671655873
327,-59.01979836357532,-2279.625966975759,10.225555189911635,5.735885966472171,44.11721636666457,24.61489080684405,0.1,0.0,0.0,25.353542787521935,50.1293876641256,201.32165489679824,211.89723864040693,0.0,0.0,0.0,0.0,1.249000902703301e-16,4.163336342344337e-17,0.055419921875,0.0,nan,nan,0.00029224823644164637,7.743275864532278e-06,6408.502212533813,False,True,True,Omega_safe_one_step_QP,False,0.33251953125,0.0,0.0,False,False,False,-0.8747220369411934,3.2574394967463458e-06,1.7920693773968102e-05,0.003057855016618809,0.33060698090112295,0.0001839585162947861,0.015062605924773003,0.0,0.0,0.0,0.0,9.127102377072635e-35,0.0,0.0,-1.2204095444608631,0.0,0.0,0.0,0.0,0.0,0.0,0.0,False,0.1,-0.09465251863002777,-0.029220838099718094,25.303089133106923,50.11091296743233,198.68365613270691,211.66692775802775,-0.9465251564979553,-0.29220837354660034,-0.04455445911300855,-0.008596039502014381,-0.044554459113008586,-0.008596039502014471,0.0277099609375,0.0,-0.387939453125,-0.1283180248170374,0.0002918655103813948,7.684229912590366e-06,6349.4824141702375,False,True,True,Omega_safe_one_step_QP,False,0.3602294921875,0.0,4.537611400255601,False,False,False,-0.5796230451233169,2.823840971393791e-05,0.000155352660779361,0.0016519450997178387,0.1786038183837809,4.149870383378922e-05,0.003397932505802397,0.0,0.0,0.0,0.0,2.175732598934203e-06,20.0,0.0,-20.76178232440628,20.0,20.0,0.0,0.0,0.0,0.0,0.0,False,-59.01979836357532,0.9209608798783561,-0.023386678507546783,0.1118497024543135
328,-41.7196277296307,-2321.34559470539,10.528621737523302,4.851331179977123,37.52452411384324,23.93830252189783,0.1,0.0,0.0,25.363267912232008,50.13070681780676,199.38641553700964,211.55403391151387,0.0,0.0,0.0,0.0,1.3877787807814457e-16,-1.1796119636642288e-16,0.26014284641297625,-0.05033574002966734,nan,nan,-0.0006990485493492727,-3.3932103839797465e-05,6395.179473706304,True,True,True,Z_mode_existing_controller,False,0.05060201485354432,0.0,0.0,False,False,False,-0.8081083428036482,5.0687744024149875e-06,2.7885691803558454e-05,0.0003745151379674977,0.04049155973461149,1.177894859345562e-05,0.0009644656004241205,0.0,0.0,0.0,0.0,2.566301650895992e-34,20.0,0.0,-20.849592253830487,20.0,20.0,0.0,0.0,0.0,0.0,0.0,False,0.1,-0.0942736268043518,-0.0033431195188313723,25.310902640273486,50.11185128684418,197.4472948684072,212.51215453024344,-0.9427362680435181,-0.033431194722652435,-0.043070663227989456,0.0023841240682483528,-0.043070663227989504,0.0023841240682482487,0.0277099609375,0.0,-0.387939453125,-0.014739707341767638,-0.0006984666161621578,-3.4123502807178324e-05,6353.459845976673,False,True,True,Omega_safe_one_step_QP,False,0.3602294921875,0.0,4.313659790099002,False,False,False,-0.5995102041554946,3.421158982139059e-05,0.00018821391013467106,0.00015285891758607943,0.016526691086494735,7.1440829647014e-05,0.0058496072135493255,0.0,0.0,0.0,0.0,1.2276564225812412e-06,20.0,0.0,-20.622075944022097,20.0,20.0,0.0,0.0,0.0,0.0,0.0,False,-41.7196277296307,0.6523605459574732,0.044669209455723925,0.11354040728719421
329,-35.735236970852384,-2357.0808316762423,10.481297949911475,5.249994794730276,33.51461843242646,23.437307043409223,0.1,0.0,0.0,25.356519143025615,50.13088881528234,200.71218046722046,211.84194941580813,0.0,0.0,0.0,0.0,4.85722573273506e-17,6.938893903907228e-18,0.055419921875,0.0,nan,nan,-0.0005246155927201349,-6.550436761172966e-05,6423.188015162745,False,True,True,Omega_safe_one_step_QP,False,0.33251953125,0.0,0.0,False,False,False,-0.9481510500858531,6.00633302189034e-06,3.304363899844703e-05,0.00017576526501769093,0.019003263169435094,8.289533761301884e-06,0.0006787507469700686,0.0,0.0,0.0,0.0,2.373708656457268e-34,20.0,0.0,-20.967866107641257,20.0,20.0,0.0,0.0,0.0,0.0,0.0,False,0.1,-0.0942322388291359,-0.025300994515419006,25.302830436684022,50.11172848054486,199.03977562771925,211.92280493943593,-0.9423223733901978,-0.25300994515419006,-0.044706536647408396,-0.007080859842560523,-0.044706536647408424,-0.007080859842560412,0.0277099609375,0.0,-0.387939453125,-0.11160027264767546,-0.0005239077335488611,-6.560335315457873e-05,6387.452778191892,False,True,True,Omega_safe_one_step_QP,False,0.3602294921875,0.0,4.5263815516547545,False,False,False,-0.7694748652315911,3.7525016452684956e-05,0.00020644261524530995,0.00025359949687790945,0.02741848896209492,3.4733294018496894e-05,0.0028439777119724586,0.0,0.0,0.0,0.0,9.226200227622816e-07,20.0,0.0,-20.799944697140926,20.0,20.0,0.0,0.0,0.0,0.0,0.0,False,-35.735236970852384,0.5563473603216168,0.10340878905233337,0.11492720602877533
330,-30.78808619558822,-2387.8689178718305,12.542425406765677,5.258068752335769,39.742308859199085,28.53263689676153,0.1,0.0,0.0,25.353482868139064,50.13064490103467,201.31108515079444,211.9501320210826,0.0,0.0,0.0,0.0,-1.3877787807814457e-17,4.163336342344337e-17,0.055419921875,0.0,nan,nan,-0.002445305380613206,0.0001427803301795183,6654.061830632977,False,True,True,Omega_safe_one_step_QP,False,0.33251953125,0.0,0.0,False,False,False,-2.102520127437015,2.0704502981733294e-05,0.0001139051264186057,3.5868682000684553e-05,0.003878024497793591,1.1703476083970606e-06,9.582858774549227e-05,0.0,0.0,0.0,0.0,5.103714352626175e-35,20.0,0.0,-22.106607885648973,20.0,20.0,0.0,0.0,0.0,0.0,0.0,False,0.1,-0.09510933607816696,-0.027770226821303368,25.29869403229189,50.11124991554031,199.8859330394956,211.97836435084204,-0.9510933756828308,-0.277702271938324,-0.046055755280596807,-0.008238127020668999,-0.04605575528059677,-0.008238127020669131,0.0277099609375,0.0,-0.387939453125,-0.1213622025199603,-0.002441184201286666,0.000142386945072332,6623.273744437389,False,True,True,Omega_safe_one_step_QP,False,0.3602294921875,0.0,4.678674311463563,False,False,False,-1.9485796964590736,6.803524218303703e-05,0.00037429359538919627,7.159823655040451e-05,0.0077410069133844964,3.0868481957931627e-07,2.5275251648758144e-05,0.0,0.0,0.0,0.0,3.159658241670351e-08,20.0,0.4336290911874088,-22.390349395003486,20.43362909118741,20.43362909118741,0.0,0.0,0.0,0.0,0.0,False,-30.78808619558822,0.462696124250764,0.1462877202795788,0.11605186078007536
331,-38.2140166713898,-2426.0829345432203,11.070351698091143,5.700415024271108,40.91973543108954,23.046879465697796,0.1,0.0,0.0,25.322132347658663,50.134660451939304,207.441677152368,213.48470739671876,0.0,0.0,0.0,0.0,-2.7755575615628914e-17,4.5102810375396984e-17,0.055419921875,0.0,nan,nan,-0.0006400749823352956,-3.820791465897796e-05,6648.616412598049,False,True,True,Omega_safe_one_step_QP,False,0.33251953125,0.0,0.0,False,False,False,-2.075293037262372,2.030187259583509e-05,0.00011169006889966074,0.0037584158289757546,0.4063497135853783,0.00023549215835088797,0.019282203678624706,0.0,0.0,0.0,0.0,2.0463005659114382e-36,20.0,0.0,-22.501036644595274,20.0,20.0,0.0,0.0,0.0,0.0,0.0,False,0.1,-0.09581398218870163,-0.03962702676653862,25.266499291700175,50.11506648406211,205.69166051358752,212.92409665246768,-0.9581397771835327,-0.3962702453136444,-0.052585292876960926,-0.014663721811226292,-0.05258529287696108,-0.014663721811226424,0.0277099609375,0.0,-0.387939453125,-0.17190549938851235,-0.0006395742013601078,-3.837229178464468e-05,6610.402395926659,False,True,True,Omega_safe_one_step_QP,False,0.3602294921875,0.0,5.459155396499346,False,False,False,-1.8842229539054234,6.839185230045305e-05,0.0003762554739497327,0.0033706471503425796,0.3644252170235085,8.944095863381297e-05,0.007323465858336193,0.0,0.0,0.0,0.0,8.3923129634772e-07,20.0,0.8077705661770832,-23.0641192976696,20.807770566177084,20.807770566177084,0.0,0.0,0.0,0.0,0.0,False,-38.2140166713898,0.5747664521445461,0.1853216863317983,0.11752931624538404
332,-26.910143345683537,-2452.993077888904,9.955931847936906,4.07266492480318,42.91152089232179,25.753369792888694,0.1,0.0,0.0,25.322918825483573,50.13599796826161,207.26836834463495,213.51888835273613,0.0,0.0,0.0,0.0,6.938893903907228e-17,-7.632783294297951e-17,0.055419921875,0.0,nan,nan,-0.00039474298942024713,3.306684667652576e-05,6523.985521783726,False,True,True,Omega_safe_one_step_QP,False,0.33251953125,0.0,0.0,False,False,False,-1.4521385831907583,1.7978299246517055e-05,9.890700830987124e-05,3.0035942837846604e-06,0.00032474045781017005,1.1683377542610964e-07,9.5664019986271e-06,0.0,0.0,0.0,0.0,2.418245786421223e-34,20.0,0.0,-21.452571797058877,20.0,20.0,0.0,0.0,0.0,0.0,0.0,False,0.1,-0.09458811581134796,-0.03195926174521446,25.26612765006787,50.11617501628396,205.95257275807333,213.33004254654975,-0.9458811283111572,-0.3195926249027252,-0.05211479265329794,-0.011593292307593907,-0.052114792653297895,-0.011593292307593893,0.0277099609375,0.0,-0.387939453125,-0.14043887336504876,-0.0003962302585723996,3.30745685956028e-05,6497.075378438042,False,True,True,Omega_safe_one_step_QP,False,0.3602294921875,0.0,5.3388725774507355,False,False,False,-1.3175878664623406,6.450900880470711e-05,0.0003548941411209851,6.807519932262244e-06,0.0007360105694998024,1.6479206892208812e-05,0.0013493248606788193,0.0,0.0,0.0,0.0,9.648907797244216e-08,20.0,0.14160007631304347,-21.46162826883576,20.141600076313043,20.141600076313043,0.0,0.0,0.0,0.0,0.0,False,-26.910143345683537,0.4124801205617333,0.21347631325705177,0.1184585665749627
333,-17.580852619537836,-2470.5739305084417,7.098858947000494,4.5343973423668205,38.622042544038116,23.25824918180781,0.1,0.0,0.0,25.32723802113338,50.13873083078895,206.38221146235153,213.48104588829992,0.0,0.0,0.0,0.0,-9.71445146547012e-17,2.7755575615628914e-17,0.055419921875,0.0,nan,nan,0.0027647552409311438,-0.00010103221824750994,6195.497534756347,False,True,True,Omega_safe_one_step_QP,False,0.33251953125,0.0,0.0,False,False,False,0.19030135194613648,1.0828727529489828e-06,5.957388010170508e-06,7.852740200182637e-05,0.008490169466091789,1.4320521146058085e-07,1.1725707023794105e-05,0.0,0.0,0.0,0.0,3.85667471363544e-34,0.0,0.0,0.18179349938501072,0.0,0.0,0.0,0.0,0.0,0.0,0.0,False,0.1,-0.0950419157743454,-0.02814144268631935,25.269615218673245,50.118741650062226,205.41429743917448,213.5040496000291,-0.9504191279411316,-0.2814144194126129,-0.05182576376185194,-0.01001354477413733,-0.05182576376185201,-0.010013544774137247,0.0277099609375,0.0,-0.387939453125,-0.12307174227436418,0.0027567113482969245,-0.00010076591249311238,6177.916682136809,False,True,True,Omega_safe_one_step_QP,False,0.3602294921875,0.0,5.278428618862769,False,False,False,0.2782056150438257,2.1918919886364807e-05,0.00012058620015261349,2.897403189356635e-05,0.0031325936503872292,3.027845466056795e-06,0.000247921346480314,0.0,0.0,0.0,0.0,2.579139969552796e-08,0.0,0.0,0.27470448805540587,0.0,0.0,0.0,0.0,0.0,0.0,0.0,False,-17.580852619537836,0.2837682126562132,0.23917357190775182,0.11895168032369163
334,35.01120932527647,-2435.562721183165,6.5144574843230725,3.778361862160895,34.11252341390199,24.67447476581116,0.1,0.0,0.0,25.37820871604646,50.13863733386393,196.33254501036708,211.32351164591387,0.0,0.0,0.0,0.0,-7.28583859910259e-17,-8.326672684688674e-17,0.26014284641297625,-0.05033574002966734,nan,nan,0.003074163058172139,-7.339435657412077e-05,5904.692397825992,True,True,True,Z_mode_existing_controller,False,0.05060201485354432,0.0,0.0,False,False,False,1.6443270365979106,5.996908749329301e-06,3.2991791680092396e-05,0.010099579579614172,1.0919391191015093,0.0004654954007068342,0.03811497245066697,0.0,0.0,0.0,0.0,1.29157676895469e-34,20.0,0.0,-19.485760046745945,20.0,20.0,0.0,0.0,0.0,0.0,0.0,False,0.1,-0.09405434131622314,-0.0009769467869773507,25.319941015823765,50.118537016770546,197.6812651586589,212.19454241983857,-0.9405434131622314,-0.009769467636942863,-0.03144432516692286,-0.002018293392180258,-0.03144432516692274,-0.0020182933921801954,0.23243288547547625,-0.05033574002966734,-0.32560894130464346,-0.056132146256561766,0.0030585802624107884,-7.419709819750673e-05,5939.703607151268,True,True,True,Z_mode_existing_controller,False,0.07831197579104432,0.0,3.1509031934035705,False,False,False,1.4692709899715282,2.215969176849422e-06,1.2191079855983885e-05,0.005979978825149588,0.6465390721569989,0.00017148090549705698,0.014040933549313574,0.0,0.0,0.0,0.0,4.793270838595584e-06,0.0,0.0,0.8086739999145209,0.0,0.0,0.0,0.0,0.0,0.0,0.0,False,35.01120932527647,-0.5929387505125077,0.2317569596730594,0.1169335452401653
335,31.65095278793069,-2403.9117683952345,10.63615037057219,4.70377732126439,38.86868531613353,27.042274387458768,0.1,0.0,0.0,25.425509101613518,50.137536749264996,187.01828453190177,209.26514660776795,0.0,0.0,0.0,0.0,4.163336342344337e-17,8.326672684688674e-17,0.055419921875,0.0,nan,nan,-0.0008714862946024977,6.520438031260023e-05,6104.035326380109,False,True,True,Omega_safe_one_step_QP,False,0.33251953125,0.0,0.0,False,False,False,0.6476123938273258,1.5344360197330208e-06,8.441648126649212e-06,0.00867554482607009,0.9379763484636583,0.0004236866630261463,0.0346916542342531,0.0,0.0,0.0,0.0,4.084175188316182e-34,0.0,0.0,-0.3250640505187122,0.0,0.0,0.0,0.0,0.0,0.0,0.0,False,0.1,-0.08489244431257248,-0.00675462931394577,25.36836199174203,50.11764975726246,188.13608733732877,209.7396428178022,-0.848924458026886,-0.0675462931394577,-0.028410285739391077,-0.005098984656471253,-0.028410285739391215,-0.005098984656471309,0.23243288547547625,-0.05033574002966734,-0.32560894130464346,-0.09473740277008869,-0.0008678829467839455,6.530984137562682e-05,6135.68627916804,True,True,True,Z_mode_existing_controller,False,0.07831197579104432,0.0,2.8864233582771397,False,False,False,0.4893576298876724,7.232734137909874e-06,3.97906434681206e-05,0.009111041964081258,0.985061116448556,0.0006026532056078294,0.049345515109643315,0.0,0.0,0.0,0.0,1.8696053913695413e-07,0.0,0.0,-0.5450889792745341,0.0,0.0,0.0,0.0,0.0,0.0,0.0,False,31.65095278793069,-0.5185250591709917,0.22561571268760905,0.11507671064506322
336,13.11080134893109,-2390.8009670463034,9.318794573413559,3.057245559038879,39.18186620823257,24.24929057560326,0.1,0.0,0.0,25.40592453758536,50.13776503607567,190.87392825683597,210.0960817490311,0.0,0.0,0.0,0.0,9.020562075079397e-17,6.245004513516506e-17,0.26014284641297625,-0.05033574002966734,nan,nan,-0.0003140535942238575,-3.421514489208822e-05,6064.958143251361,True,True,True,Z_mode_existing_controller,False,0.05060201485354432,0.0,0.0,False,False,False,0.8429983094710632,6.132364211696249e-07,3.373699534803894e-06,0.001486598853362445,0.16072703121964163,6.904532089860183e-05,0.0056534618814742515,0.0,0.0,0.0,0.0,2.792598419361492e-35,0.0,0.0,0.6766144426704126,0.0,0.0,0.0,0.0,0.0,0.0,0.0,False,0.1,-0.09259860962629318,-0.0007034860318526626,25.349994306514976,50.11808339584774,191.22844689714032,210.8115294615209,-0.9259860515594482,-0.007034860085695982,-0.03101576796655202,-0.0018428906084466817,-0.03101576796655208,-0.0018428906084467997,0.23243288547547625,-0.05033574002966734,-0.32560894130464346,-0.054575270535726764,-0.00031592998841618695,-3.4333423361741766e-05,6078.0689446002925,True,True,True,Z_mode_existing_controller,False,0.07831197579104432,0.0,3.1070470037475966,False,False,False,0.7774443027264079,1.020018682385228e-05,5.611598456091143e-05,0.0009562687647157829,0.10338918212751297,0.00011489409769825369,0.009407580315215961,0.0,0.0,0.0,0.0,1.739068608563178e-07,0.0,0.0,0.6645912503922572,0.0,0.0,0.0,0.0,0.0,0.0,0.0,False,13.11080134893109,-0.21617298980900346,0.237232906176787,0.11411776687093023
337,3.657440565079014,-2387.1435264812244,10.577314950011207,4.146695976175806,43.05907462537604,23.05774299455893,0.1,0.0,0.0,25.397889705849284,50.136603121141405,192.4690430770942,210.3642718892035,0.0,0.0,0.0,0.0,9.367506770274758e-17,5.551115123125783e-17,0.26014284641297625,-0.05033574002966734,nan,nan,-0.0010177770941016894,-3.7941754790273246e-05,6230.53693706163,True,True,True,Z_mode_existing_controller,False,0.05060201485354432,0.0,0.0,False,False,False,0.015104340419720757,6.72719143137928e-07,3.7009417280359644e-06,0.0002544391289807451,0.027509267705062627,7.192595128569565e-06,0.0005889329191178957,0.0,0.0,0.0,0.0,6.018531076210112e-37,0.0,0.0,-0.012997561146187801,0.0,0.0,0.0,0.0,0.0,0.0,0.0,False,0.1,-0.09272348880767822,-0.0006080608582124114,25.342471275181847,50.116993074938726,192.42135288925454,211.01735906148102,-0.9272348880767822,-0.00608060834929347,-0.031087466161552522,-0.001791595277263719,-0.031087466161552585,-0.001791595277263608,0.23243288547547625,-0.05033574002966734,-0.32560894130464346,-0.053995259278497014,-0.001015920760676883,-3.8001330718894074e-05,6234.194377626709,True,True,True,Z_mode_existing_controller,False,0.07831197579104432,0.0,3.1139048893362022,False,False,False,-0.003182862405674314,1.872414140302531e-05,0.0001030102338352727,0.0001423024706022011,0.015385356704251249,4.236582421973949e-06,0.00034689327124031946,0.0,0.0,0.0,0.0,7.771842167523602e-11,0.0,0.0,-0.019018122692719575,0.0,0.0,0.0,0.0,0.0,0.0,0.0,False,3.657440565079014,-0.05870185189535032,0.2513675706995772,0.11360533196974443
338,-4.845727072025511,-2391.98925355325,10.243764905622303,4.098488853386202,43.78964008841209,24.36398471540208,0.1,0.0,0.0,25.380621778312225,50.135617450221716,195.88227542828494,211.0309199363693,0.0,0.0,0.0,0.0,-2.0816681711721685e-17,1.3183898417423734e-16,0.26014284641297625,-0.05033574002966734,nan,nan,-0.0006653406557135211,-7.671868799464555e-07,6279.023262704326,True,True,True,Z_mode_existing_controller,False,0.05060201485354432,0.0,0.0,False,False,False,-0.22732728779375974,1.8241059005939588e-06,1.0035257228410196e-05,0.001165015508321509,0.12595831320186338,4.444196187899469e-05,0.0036389277962775913,0.0,0.0,0.0,0.0,1.8934298765757013e-34,0.0,0.0,-0.35693456404912915,0.0,0.0,0.0,0.0,0.0,0.0,0.0,False,0.1,-0.09315677732229233,-0.0007441055495291948,25.325443462396603,50.116017521416865,195.4811390811994,211.61717070524546,-0.9315677881240845,-0.007441055495291948,-0.031262259051012264,-0.001874300241090393,-0.031262259051012195,-0.0018743002410905318,0.23243288547547625,-0.05033574002966734,-0.32560894130464346,-0.054793193712719235,-0.0006649787290075601,-8.150320957270481e-07,6274.1775356323005,True,True,True,Z_mode_existing_controller,False,0.07831197579104432,0.0,3.1318394632649165,False,False,False,-0.2030986524336322,2.438497475646466e-05,0.00013415311803428227,0.0009362291540416377,0.10122255383826895,3.597740079953993e-05,0.0029458457338973573,0.0,0.0,0.0,0.0,3.7392665247252287e-10,0.0,0.0,-0.3074012054977594,0.0,0.0,0.0,0.0,0.0,0.0,0.0,False,-4.845727072025511,0.07717326197543811,0.2608815152085061,0.113496789351907
339,-11.833795031448972,-2403.823048584699,8.20682718911746,5.423397799469307,40.08534508374602,27.833290515722656,0.1,0.0,0.0,25.371466336222543,50.13590786746591,197.68121847018094,211.42615339042703,0.0,0.0,0.0,0.0,-7.28583859910259e-17,2.0816681711721685e-17,0.26014284641297625,-0.05033574002966734,nan,nan,0.0020498768914817885,5.9819312150345303e-05,6110.397274889694,True,True,True,Z_mode_existing_controller,False,0.05060201485354432,0.0,0.0,False,False,False,0.6158026512794004,1.3403324494933653e-06,7.373793866831585e-06,0.0003236196067986017,0.034988873109621225,1.562094832064159e-05,0.0012790502634192954,0.0,0.0,0.0,0.0,1.503429062837286e-34,0.0,0.0,0.579527354112493,0.0,0.0,0.0,0.0,0.0,0.0,0.0,False,0.1,-0.09421849995851517,-0.0008934979559853673,25.316218649551445,50.1162637006368,196.97037946559837,211.95444694190732,-0.9421849846839905,-0.00893497932702303,-0.03164809257410113,-0.0019742965715495303,-0.031648092574101075,-0.0019742965715494123,0.23243288547547625,-0.05033574002966734,-0.32560894130464346,-0.055627792352745266,0.0020451868893697814,5.9938157435785757e-05,6098.563479858245,True,True,True,Z_mode_existing_controller,False,0.07831197579104432,0.0,3.1709613850239453,False,False,False,0.6749716264366452,7.637884132173201e-06,4.201956252769796e-05,0.00022178369225248296,0.023978650560670976,1.1375525981679002e-05,0.00093143317580619,0.0,0.0,0.0,0.0,1.5886677364441885e-09,0.0,0.0,0.6500195215489726,0.0,0.0,0.0,0.0,0.0,0.0,0.0,False,-11.833795031448972,0.19366654080053408,0.2706373849037346,0.11372855390090025
340,-16.516138728849,-2420.339187313548,10.602699562053552,5.249115792517677,40.5050838325873,21.30724953830011,0.1,0.0,0.0,25.404526185561576,50.137688734052375,191.14040465834546,210.12583931302962,0.0,0.0,0.0,0.0,-5.551115123125783e-17,1.0408340855860843e-16,0.26014284641297625,-0.05033574002966734,nan,nan,-0.0004672333034101429,-0.00010051837878377557,6200.860962923726,True,True,True,Z_mode_existing_controller,False,0.05060201485354432,0.0,0.0,False,False,False,0.16348421110923936,3.489075512964477e-07,1.9195031522317165e-06,0.004278224532109775,0.4625500190463255,0.00016908166998778947,0.013844483068386081,0.0,0.0,0.0,0.0,7.234274353604554e-35,0.0,0.0,-0.31291221050862444,0.0,0.0,0.0,0.0,0.0,0.0,0.0,False,0.1,-0.09320471435785294,-0.00028844043845310807,25.34888292918087,50.1179559586103,190.25446651648718,210.65284049615806,-0.9320471286773682,-0.002884404268115759,-0.0313367695499424,-0.001620770858880044,-0.031336769549942474,-0.001620770858880044,0.23243288547547625,-0.05033574002966734,-0.32560894130464346,-0.05206271092701519,-0.00046533277015567464,-0.0001006566629200965,6184.344824194877,True,True,True,Z_mode_existing_controller,False,0.07831197579104432,0.0,3.1378655548050536,False,False,False,0.24606490475348436,1.2094684541824419e-05,6.653850000384485e-05,0.004510348674003931,0.4876466509431337,0.0001694179339616015,0.01387201651356843,0.0,0.0,0.0,0.0,2.2190245488964164e-09,0.0,0.0,-0.2555203034222462,0.0,0.0,0.0,0.0,0.0,0.0,0.0,False,-16.516138728849,0.26635234732084023,0.27727239349180227,0.11417499999221843
341,-19.646255809997456,-2439.9854431235453,9.683868628961282,4.343577701775924,39.97455958206611,24.242328323987262,0.1,0.0,0.0,25.394414451544332,50.13524298711678,193.1600635617108,210.41089744681616,0.0,0.0,0.0,0.0,-3.122502256758253e-17,4.163336342344337e-17,0.26014284641297625,-0.05033574002966734,nan,nan,-2.4636231516706115e-05,-2.6945236378232587e-05,6156.403826660177,True,True,True,Z_mode_existing_controller,False,0.05060201485354432,0.0,0.0,False,False,False,0.38576989242698345,2.603498243088173e-07,1.4323057973002842e-06,0.0004079022085942944,0.04410127914938708,8.125813963787018e-06,0.0006653452964276304,0.0,0.0,0.0,0.0,4.4898241828527436e-35,0.0,0.0,0.3410018356753714,0.0,0.0,0.0,0.0,0.0,0.0,0.0,False,0.1,-0.09180962294340134,-0.0005752880242653191,25.338334317697182,50.1153887756271,192.1307535280318,210.88921957819844,-0.9180962443351746,-0.005752880126237869,-0.030895471650201435,-0.0017589933372158945,-0.030895471650201324,-0.001758993337215957,0.23243288547547625,-0.05033574002966734,-0.32560894130464346,-0.0538324843762121,-2.5040193278218128e-05,-2.6954299186049673e-05,6136.75757085018,True,True,True,Z_mode_existing_controller,False,0.07831197579104432,0.0,3.09455041330523,False,False,False,0.48400117147697075,1.3252995675447238e-05,7.291090972668577e-05,0.00035204529496909846,0.0380621813256779,5.5875070426249e-06,0.00045750758584117853,0.0,0.0,0.0,0.0,2.138492898332719e-09,0.0,0.0,0.4454085695172321,0.0,0.0,0.0,0.0,0.0,0.0,0.0,False,-19.646255809997456,0.3191190240789559,0.2800840673625832,0.11476846854338275
342,-23.073048198412835,-2463.058491321958,8.850228667719062,4.605333480809399,37.4252608796509,26.515051514366444,0.1,0.0,0.0,25.392619364860636,50.134588663509824,193.51912184949273,210.4442797680104,0.0,0.0,0.0,0.0,1.196959198423997e-16,6.938893903907228e-18,0.26014284641297625,-0.05033574002966734,nan,nan,0.0009425802404946888,2.1247328585427213e-05,6079.779800291008,True,True,True,Z_mode_existing_controller,False,0.05060201485354432,0.0,0.0,False,False,False,0.7688900242728323,1.3337623159213106e-06,7.337648498079083e-06,1.2892285402488419e-05,0.0013938788891781028,1.114379368315324e-07,9.12458831138493e-06,0.0,0.0,0.0,0.0,2.398083707315919e-34,0.0,0.0,0.7674796831468448,0.0,0.0,0.0,0.0,0.0,0.0,0.0,False,0.1,-0.09215187281370163,-0.000409876141929999,25.335953555322046,50.11459437377412,192.3295862449151,210.90374978233524,-0.9215186834335327,-0.004098761361092329,-0.03103730592879262,-0.001672047040801268,-0.031037305928792495,-0.0016720470408013305,0.23243288547547625,-0.05033574002966734,-0.32560894130464346,-0.052817816888361374,0.0009405303420549514,2.1376618490006748e-05,6056.706752092595,True,True,True,Z_mode_existing_controller,False,0.07831197579104432,0.0,3.1082311700131244,False,False,False,0.8842552652648965,8.01524212764407e-06,4.4095584841158125e-05,3.9534449303201135e-06,0.0004274357304281957,2.1112683225719782e-08,1.7287159836295968e-06,0.0,0.0,0.0,0.0,2.767662104369809e-10,0.0,0.0,0.8837820049568773,0.0,0.0,0.0,0.0,0.0,0.0,0.0,False,-23.073048198412835,0.3795046688583762,0.28165762149286744,0.11552338057176155
343,-26.577366304853967,-2489.635857626812,9.650118558643106,4.940552445119159,40.102451936771736,24.139122547735607,0.1,0.0,0.0,25.40563147467471,50.134955770684044,190.94710779223448,209.91036056178308,0.0,0.0,0.0,0.0,1.1796119636642288e-16,1.249000902703301e-16,0.26014284641297625,-0.05033574002966734,nan,nan,0.00033515391300036187,-2.9931615488312466e-05,6099.596617166689,True,True,True,Z_mode_existing_controller,False,0.05060201485354432,0.0,0.0,False,False,False,0.6698059398944269,1.5441957779815776e-06,8.495341108224172e-06,0.0006615256310734086,0.07152235488251514,2.8506971877841593e-05,0.0023341636590307954,0.0,0.0,0.0,0.0,1.3917853113735884e-34,0.0,0.0,0.5959409260117727,0.0,0.0,0.0,0.0,0.0,0.0,0.0,False,0.1,-0.09278135746717453,-0.00028932312852703035,25.348227988688283,50.114799472807206,189.62106817713055,210.35380598355826,-0.9278135299682617,-0.0028932311106473207,-0.03127584357734366,-0.001614632654115565,-0.03127584357734354,-0.0016146326541155581,0.23243288547547625,-0.05033574002966734,-0.32560894130464346,-0.05207590003142292,0.0003350170057329874,-2.9924942063251267e-05,6073.019250861835,True,True,True,Z_mode_existing_controller,False,0.07831197579104432,0.0,3.1317493994286876,False,False,False,0.8026927714186968,7.731552898766243e-06,4.253487809502495e-05,0.0007336070123515368,0.07931559809189893,3.024381818132549e-05,0.0024763774143285065,0.0,0.0,0.0,0.0,6.01966215747644e-10,0.0,0.0,0.7208582604324081,0.0,0.0,0.0,0.0,0.0,0.0,0.0,False,-26.577366304853967,0.43572334324625167,0.2594197104535394,0.11643681394466858
344,-29.552874734764373,-2519.1887323615765,12.089843402848386,4.218232093795059,39.144865436458744,22.69106477609896,0.1,0.0,0.0,25.40740391595971,50.13389921437864,190.6076063899359,209.77141805377678,0.0,0.0,0.0,0.0,-6.938893903907228e-17,2.7755575615628914e-17,0.26014284641297625,-0.05033574002966734,nan,nan,-0.0027259492007385916,-4.490536606329375e-05,6339.698984898525,True,True,True,Z_mode_existing_controller,False,0.05060201485354432,0.0,0.0,False,False,False,-0.5307058987647543,3.384649148534952e-06,1.862053339250093e-05,1.1526120216269295e-05,0.0012461728190166902,1.930502053107933e-06,0.00015807037504223531,0.0,0.0,0.0,0.0,4.453712996395483e-34,0.0,0.0,-0.5321287624922058,0.0,0.0,0.0,0.0,0.0,0.0,0.0,False,0.1,-0.09219973534345627,-0.0002161548036383465,25.349183933281292,50.11355753718535,189.20341570950308,210.2004509866938,-0.9219973683357239,-0.0021615480072796345,-0.031105969995685386,-0.0015646920731298974,-0.03110596999568535,-0.001564692073129953,0.23243288547547625,-0.05033574002966734,-0.32560894130464346,-0.05164402384458614,-0.0027209428758587406,-4.5277612633622686e-05,6310.146110163761,True,True,True,Z_mode_existing_controller,False,0.07831197579104432,0.0,3.1145298692679093,False,False,False,-0.3829415250909324,3.3325387606750445e-05,0.00018333849847276874,1.744335837153204e-05,0.0018859285403155642,2.351775506330006e-06,0.0001925644345740268,0.0,0.0,0.0,0.0,3.1351095374560795e-10,0.0,0.0,-0.3852033568778057,0.0,0.0,0.0,0.0,0.0,0.0,0.0,False,-29.552874734764373,0.4661558033774281,0.27224017390965827,0.11747066163560432
345,-31.816973870071706,-2551.005706231648,10.750783265953835,5.1069642627475105,45.72216620271292,23.221986731959433,0.1,0.0,0.0,25.362982197412958,50.132493333545426,199.37882181562944,211.5583036804669,0.0,0.0,0.0,0.0,-1.0408340855860843e-16,-6.938893903907228e-17,0.26014284641297625,-0.05033574002966734,nan,nan,-0.0005537540793219083,-1.911582516337648e-05,6416.271883046262,True,True,True,Z_mode_existing_controller,False,0.05060201485354432,0.0,0.0,False,False,False,-0.9135703895034385,4.596234969834842e-06,2.52860320168297e-05,0.0076934220043924076,0.8317918959031899,0.000319296024287175,0.026144101855428908,0.0,0.0,0.0,0.0,1.0640762942739478e-34,0.0,0.0,-1.7715316732940742,0.0,0.0,0.0,0.0,0.0,0.0,0.0,False,0.1,-0.09307100623846054,-0.00030948291532695293,25.303962947526454,50.11194709478516,197.85197537202285,211.9609299815342,-0.9307100772857666,-0.0030948291532695293,-0.03142557844876145,-0.0016304192517662755,-0.03142557844876141,-0.0016304192517664073,0.23243288547547625,-0.05033574002966734,-0.32560894130464346,-0.052191359931141254,-0.000552982442136838,-1.928062633491589e-05,6384.45490917619,True,True,True,Z_mode_existing_controller,False,0.07831197579104432,0.0,3.1467844663652853,False,False,False,-0.75448552015308,3.7681192478823245e-05,0.00020730181239756866,0.007479758423616412,0.8086911697454852,0.00030992862912743066,0.02537709533311737,0.0,0.0,0.0,0.0,1.0646962528918159e-09,20.0,0.0,-21.588761088108775,20.0,20.0,0.0,0.0,0.0,0.0,0.0,False,-31.816973870071706,0.4958794522741751,0.2822071231211244,0.11859945707487811
346,-61.21178999853964,-2612.217496230188,10.721800472902144,6.034200249293516,37.42486019126874,23.013005326324908,0.1,0.0,0.0,25.358402001817748,50.13296875889817,200.27364068306633,211.7710815732584,0.0,0.0,0.0,0.0,-4.163336342344337e-17,-6.938893903907228e-17,0.26014284641297625,-0.05033574002966734,nan,nan,-0.00019992284721969235,-5.9541907709231704e-05,6436.528417533983,True,True,True,Z_mode_existing_controller,False,0.05060201485354432,0.0,0.0,False,False,False,-1.0148530619420444,4.186351905490093e-06,2.3031074131473804e-05,8.007008055210501e-05,0.008656959681859602,4.5274431660794205e-06,0.00037070907958499207,0.0,0.0,0.0,0.0,3.900008137384153e-35,0.0,0.0,-1.0239037617776203,0.0,0.0,0.0,0.0,0.0,0.0,0.0,False,0.1,-0.09423883259296417,-0.0094290254637599,25.298424007636648,50.112203755384066,197.51793859421653,212.30359661416526,-0.9423882961273193,-0.09429025650024414,-0.043126613339841885,-0.00019321481545266084,-0.04312661333984199,-0.00019321481545273717,0.0277099609375,0.0,-0.387939453125,-0.04158762159246864,-0.00019929038176161578,-5.983315949526511e-05,6375.316627535443,False,True,True,Omega_safe_one_step_QP,False,0.3602294921875,0.0,4.312704615585394,False,False,False,-0.7087941119493462,3.8118197491971985e-05,0.0002097059807715783,1.1158056892722762e-05,0.0012063788119376026,1.1742042111870366e-05,0.0009614436811382651,0.0,0.0,0.0,0.0,1.3897977411404474e-06,20.0,0.0,-20.711173030220934,20.0,20.0,0.0,0.0,0.0,0.0,0.0,False,-61.21178999853964,0.9510062882933968,0.31161428529511687,0.12108293866739848
347,-48.678741223051475,-2660.8962374532393,11.935570072956072,6.245639759303698,37.89910777208648,23.625432361630374,0.1,0.0,0.0,25.35986798278636,50.13277354114897,199.98442226628066,211.69240916330924,0.0,0.0,0.0,0.0,1.3183898417423734e-16,-2.7755575615628914e-17,0.26014284641297625,-0.05033574002966734,nan,nan,-0.0012350129289751812,-2.243636081099683e-05,6556.918578010661,True,True,True,Z_mode_existing_controller,False,0.05060201485354432,0.0,0.0,False,False,False,-1.616803864325434,8.945064930208337e-06,4.92109736996314e-05,8.364729260801105e-06,0.0009043718135553035,6.189348087211489e-07,5.067866008416842e-05,0.0,0.0,0.0,0.0,3.1825992330999074e-34,20.0,0.0,-21.617808125772772,20.0,20.0,0.0,0.0,0.0,0.0,0.0,False,0.1,-0.09484303742647171,-0.00119507173076272,25.297938006229717,50.11158798291852,197.77352266953443,212.6653743853567,-0.9484303593635559,-0.011950717307627201,-0.04369989134305956,0.003235147122162732,-0.04369989134305942,0.0032351471221627667,0.0277099609375,0.0,-0.387939453125,-0.005237399371981095,-0.0012321855841840616,-2.301071770372811e-05,6508.239836787609,False,True,True,Omega_safe_one_step_QP,False,0.3602294921875,0.0,4.381947832068788,False,False,False,-1.3734101582101765,5.2117301022047854e-05,0.00028672157775293364,6.532321955610515e-06,0.0007062569115544599,1.308831557282469e-05,0.0010716771566944604,0.0,0.0,0.0,0.0,1.2082313244263694e-07,20.0,0.0,-21.37547493467931,20.0,20.0,0.0,0.0,0.0,0.0,0.0,False,-48.678741223051475,0.7424027101129625,0.303027793572826,0.12296559320061226
348,-42.527914390909245,-2703.4241518441486,9.536897281641687,3.611483793730476,41.62071667487288,26.1291748755571,0.1,0.0,0.0,25.34556903177647,50.1332761957999,202.7948545493257,212.31590275196018,0.0,0.0,0.0,0.0,0.0,-1.3183898417423734e-16,0.055419921875,0.0,nan,nan,-0.0002196698843766609,3.303028206386269e-05,6372.053770385892,False,True,True,Omega_safe_one_step_QP,False,0.33251953125,0.0,0.0,False,False,False,-0.6924798262015883,7.802117299911106e-06,4.292308577333291e-05,0.0007898529617581708,0.08539675740788447,3.8874425508883344e-05,0.0031830554180700857,0.0,0.0,0.0,0.0,2.8214873685273007e-34,20.0,0.0,-20.781102562113315,20.0,20.0,0.0,0.0,0.0,0.0,0.0,False,0.1,-0.09466513246297836,-0.021422293037176132,25.28216917010045,50.111739877450894,200.78063918950573,212.46119366951706,-0.9466512799263,-0.21422292292118073,-0.04675369985075477,-0.005845630861022716,-0.0467536998507547,-0.005845630861022598,0.0277099609375,0.0,-0.387939453125,-0.09405959002127497,-0.0002212694840682634,3.313311269840646e-05,6329.5258559949825,False,True,True,Omega_safe_one_step_QP,False,0.3602294921875,0.0,4.7117723309788575,False,False,False,-0.47984025424704213,5.021872098708912e-05,0.0002762766035804741,0.0009042749764684331,0.097767754929478,4.16897647207882e-06,0.0003413576657029903,0.0,0.0,0.0,0.0,9.178627518157612e-07,20.0,0.0,-20.578226561308554,20.0,20.0,0.0,0.0,0.0,0.0,0.0,False,-42.527914390909245,0.6674129868231441,0.30372603218994015,0.12456409840503233
349,-30.079206098320356,-2733.503357942469,9.521125798262474,4.913043341809769,39.760718853189104,23.29691052276307,0.1,0.0,0.0,25.34882319432607,50.135323398834906,202.12673609589652,212.28523935591366,0.0,0.0,0.0,0.0,-4.163336342344337e-17,-3.469446951953614e-17,0.055419921875,0.0,nan,nan,0.0004405910259390553,-5.9138678673193086e-05,6354.297039946311,False,True,True,Omega_safe_one_step_QP,False,0.33251953125,0.0,0.0,False,False,False,-0.603696174003685,3.900978646365738e-06,2.146110274960932e-05,4.4638226781259016e-05,0.004826163866084755,9.402438571057736e-08,7.698758925668859e-06,0.0,0.0,0.0,0.0,1.1170393677445967e-34,0.0,0.0,-0.6085514977314451,0.0,0.0,0.0,0.0,0.0,0.0,0.0,False,0.1,-0.09415535628795624,-0.020338334143161774,25.284052395088725,50.11350567400579,200.63325576183436,212.5486733424932,-0.94155353307724,-0.20338334143161774,-0.0463225660365128,-0.005457363687432819,-0.04632256603651266,-0.005457363687432826,0.0277099609375,0.0,-0.387939453125,-0.08978370432542097,0.00043876248254905246,-5.908690211483007e-05,6324.217833847991,False,True,True,Omega_safe_one_step_QP,False,0.3602294921875,0.0,4.6642930253404735,False,False,False,-0.4533001435120832,3.98546750368706e-05,0.00021925915354994695,2.172187475216245e-06,0.00023485101132314365,7.652693184013139e-07,6.266059545146122e-05,0.0,0.0,0.0,0.0,3.3662776387027594e-09,20.0,0.0,-20.453816917638687,20.0,20.0,0.0,0.0,0.0,0.0,0.0,False,-30.079206098320356,0.47336795729295184,0.29939383748913595,0.1255823563550781
350,-16.964898743491176,-2750.46825668596,9.602015610565894,7.04028038239985,36.914788504364736,30.304283527413126,0.1,0.0,0.0,25.361422662366202,50.13541844255336,199.63927604669803,211.75375105711998,0.0,0.0,0.0,0.0,-2.7755575615628914e-17,1.1796119636642288e-16,0.26014284641297625,-0.05033574002966734,nan,nan,0.0014210801758415827,0.0001424033773172981,6302.609752865762,True,True,True,Z_mode_existing_controller,False,0.05060201485354432,0.0,0.0,False,False,False,-0.3452597386009393,5.50353688884318e-07,3.027752299227917e-06,0.0006187457496358551,0.06689711026872165,2.8247981175459537e-05,0.0023129573840143685,0.0,0.0,0.0,0.0,2.3496345321524277e-34,0.0,0.0,-0.4144728340059745,0.0,0.0,0.0,0.0,0.0,0.0,0.0,False,0.1,-0.0953207015991211,-0.0015230325516313314,25.295704741944494,50.11339875933521,198.67757772733077,212.91252491378222,-0.9532070159912109,-0.015230325050652027,-0.044895718679460614,0.002844835062462317,-0.044895718679460524,0.0028448350624622476,0.0277099609375,0.0,-0.387939453125,-0.00664123928027733,0.0014196139199655284,0.00014254959664127437,6285.644854122271,False,True,True,Omega_safe_one_step_QP,False,0.3602294921875,0.0,4.498576043903076,False,False,False,-0.2604352448834834,2.1660690768204358e-05,0.00011916556134882374,0.00038246765746398326,0.04135136454778984,1.3238796592948752e-05,0.0010839986101989797,0.0,0.0,0.0,0.0,7.096239746308601e-07,0.0,0.0,-0.3029904832267957,0.0,0.0,0.0,0.0,0.0,0.0,0.0,False,-16.964898743491176,0.2691726032343559,0.2892077700389265,0.12599692712272692
351,20.60301841873479,-2729.8652382672253,9.496055861197448,5.186173515358635,38.37573470022217,25.043776929001805,0.1,0.0,0.0,25.386671932787273,50.13915806318371,194.6151837770454,210.8900304458705,0.0,0.0,0.0,0.0,1.1275702593849246e-17,-2.0816681711721685e-17,0.26014284641297625,-0.05033574002966734,nan,nan,0.0005815209792953024,-1.1386456447807017e-05,6171.727335084305,True,True,True,Z_mode_existing_controller,False,0.05060201485354432,0.0,0.0,False,False,False,0.30915235030634447,6.106834448198989e-07,3.359654421327091e-06,0.002524150313398343,0.27290427764491954,7.460132942971696e-05,0.006108390355047921,0.0,0.0,0.0,0.0,2.0782740122538043e-34,0.0,0.0,0.030136322651955684,0.0,0.0,0.0,0.0,0.0,0.0,0.0,False,0.1,-0.0945456475019455,-0.0010822101030498743,25.320446862162047,50.11699817357064,195.25614040577696,211.60513252261686,-0.9454564452171326,-0.010822100564837456,-0.03184593449591576,-0.0020847297568027112,-0.03184593449591581,-0.0020847297568028014,0.23243288547547625,-0.05033574002966734,-0.32560894130464346,-0.056723326542874375,0.0005793981419657751,-1.1490304824773238e-05,6192.33035350304,True,True,True,Z_mode_existing_controller,False,0.07831197579104432,0.0,3.1914097857797192,False,False,False,0.20613725821267054,1.631015943830943e-05,8.972979329024794e-05,0.001170623334532131,0.12656461614390474,0.0001709274864477091,0.01399561934902816,0.0,0.0,0.0,0.0,1.945974765444295e-06,0.0,0.0,0.06548534695168196,0.0,0.0,0.0,0.0,0.0,0.0,0.0,False,20.60301841873479,-0.33382904493549465,0.24322066590912436,0.12470056172651718
352,10.719155402762226,-2719.146082864463,10.569717507517636,4.132593863767581,42.396545429186055,26.175327011150088,0.1,0.0,0.0,25.39516150474524,50.13903251106692,192.94053592917177,210.51946701603677,0.0,0.0,0.0,0.0,3.469446951953614e-17,-6.245004513516506e-17,0.26014284641297625,-0.05033574002966734,nan,nan,-0.0010356477490153172,5.2926919932092e-05,6241.073692542914,True,True,True,Z_mode_existing_controller,False,0.05060201485354432,0.0,0.0,False,False,False,-0.03757943698669806,1.1965891178855568e-06,6.5829947651548e-06,0.000280444541438773,0.03032090228325912,1.373172555301431e-05,0.001124359854809573,0.0,0.0,0.0,0.0,2.281775594268159e-35,0.0,0.0,-0.06903128211953191,0.0,0.0,0.0,0.0,0.0,0.0,0.0,False,0.1,-0.09435398876667023,-0.0006076290737837553,25.329719399012944,50.11699611002808,193.157664579776,211.18915507280283,-0.9435398578643799,-0.006076290737837553,-0.031809549619067366,-0.0018168918575049292,-0.03180954961906739,-0.0018168918575049292,0.23243288547547625,-0.05033574002966734,-0.32560894130464346,-0.053929466620045226,-0.00103341293780002,5.29455049506298e-05,6251.792847945676,True,True,True,Z_mode_existing_controller,False,0.07831197579104432,0.0,3.1861395810443955,False,False,False,-0.09117521400050918,2.642802161290281e-05,0.0001453928715636008,0.0004403600792310429,0.04761053598444791,1.7303723875377747e-05,0.0014168366815279004,0.0,0.0,0.0,0.0,7.306099956357188e-10,0.0,0.0,-0.14034798026865858,0.0,0.0,0.0,0.0,0.0,0.0,0.0,False,10.719155402762226,-0.17175178392092863,0.2135768692241129,0.12385779957799598
353,1.421206548322516,-2717.7248763161406,9.773794619011243,5.209388473755881,37.498875854596406,27.398719182549964,0.1,0.0,0.0,25.37800891536847,50.139933716714346,196.30884250724154,211.28503972492496,0.0,0.0,0.0,0.0,-6.071532165918825e-17,-1.3877787807814457e-16,0.26014284641297625,-0.05033574002966734,nan,nan,0.00028504641123292787,5.975125601544e-05,6241.077440993795,True,True,True,Z_mode_existing_controller,False,0.05060201485354432,0.0,0.0,False,False,False,-0.03759817924110394,8.706655894375988e-07,4.789937441179627e-06,0.0011345489203868036,0.12266434844529064,5.861015725943952e-05,0.004799025996563405,0.0,0.0,0.0,0.0,1.4928966334539183e-34,0.0,0.0,-0.16506634362039915,0.0,0.0,0.0,0.0,0.0,0.0,0.0,False,0.1,-0.09482391923666,-0.0007831770926713943,25.3130688687957,50.117956526799965,196.1419534894542,211.88138727166208,-0.9482392072677612,-0.007831770926713943,-0.031995677232156294,-0.0019222152311829596,-0.0319956772321564,-0.0019222152311830845,0.23243288547547625,-0.05033574002966734,-0.32560894130464346,-0.05494476251054494,0.00028421568250307835,5.975301980656216e-05,6242.498647542117,True,True,True,Z_mode_existing_controller,False,0.07831197579104432,0.0,3.205336601574509,False,False,False,-0.04470421198271651,2.2699152049548967e-05,0.00012487862114247074,0.0008905980296428378,0.09628904057795357,4.791854171375044e-05,0.003923591714380862,0.0,0.0,0.0,0.0,4.573650139716104e-10,0.0,0.0,-0.14504172335355844,0.0,0.0,0.0,0.0,0.0,0.0,0.0,False,1.421206548322516,-0.022771814029857815,0.1982559820648323,0.12344213864389442
354,-6.078268006733197,-2723.803144322874,10.242150794630604,4.982064419854652,44.62408185300521,19.39858028430084,0.1,0.0,0.0,25.383449923406065,50.14149222061658,195.2153686508074,211.13543833217062,0.0,0.0,0.0,0.0,1.205632815803881e-16,-6.938893903907228e-18,0.26014284641297625,-0.05033574002966734,nan,nan,-0.0001396994560222154,-0.00014683388492350553,6262.075136940575,True,True,True,Z_mode_existing_controller,False,0.05060201485354432,0.0,0.0,False,False,False,-0.14258665897500578,7.85138467505781e-07,4.319412857978661e-06,0.000119568507470496,0.01292742234371338,2.2380576714036642e-06,0.00018325316718280124,0.0,0.0,0.0,0.0,5.024344974058654e-34,0.0,0.0,-0.15570165389875992,0.0,0.0,0.0,0.0,0.0,0.0,0.0,False,0.1,-0.0953826755285263,-0.0008095821249298751,25.31865307927706,50.11951448541819,194.735489775198,211.67890655963322,-0.9538267254829407,-0.008095821365714073,-0.03221180914514164,-0.001945701805238051,-0.032211809145141705,-0.0019457018052381897,0.23243288547547625,-0.05033574002966734,-0.32560894130464346,-0.055072246794874234,-0.0001392381391772373,-0.00014695151542715672,6255.996868933842,True,True,True,Z_mode_existing_controller,False,0.07831197579104432,0.0,3.227051911447888,False,False,False,-0.11219531894133979,2.4036349196102665e-05,0.00013223516624568705,0.00019781401795193596,0.021387114464087312,4.099843874371354e-06,0.0003356970575572127,0.0,0.0,0.0,0.0,4.726462297153415e-10,0.0,0.0,-0.13405036610187623,0.0,0.0,0.0,0.0,0.0,0.0,0.0,False,-6.078268006733197,0.09706475687072033,0.23055558945665325,0.12336732610485464
355,-10.703473818056409,-2734.50661814093,10.500868384357133,4.280248001126684,40.00916245662793,26.22979444612436,0.1,0.0,0.0,25.38161078741422,50.13874544885517,195.60774074264285,211.05565314467222,0.0,0.0,0.0,0.0,5.4643789493269423e-17,1.1796119636642288e-16,0.26014284641297625,-0.05033574002966734,nan,nan,-0.0009379083662782702,4.422690759433808e-05,6299.403195066113,True,True,True,Z_mode_existing_controller,False,0.05060201485354432,0.0,0.0,False,False,False,-0.32922694960269383,2.6796552269341795e-06,1.4742033056842932e-05,1.539558584513305e-05,0.0016645289354142077,6.365676144155148e-07,5.212244213281639e-05,0.0,0.0,0.0,0.0,1.994541198656031e-34,0.0,0.0,-0.3309583430132977,0.0,0.0,0.0,0.0,0.0,0.0,0.0,False,0.1,-0.0937754437327385,-0.0010351813398301601,25.316722582445404,50.116716292225505,194.93700163758302,211.5459787107494,-0.9377543926239014,-0.010351813398301601,-0.031695945564187006,-0.002046422504386046,-0.031695945564187124,-0.002046422504386039,0.23243288547547625,-0.05033574002966734,-0.32560894130464346,-0.056495929338649935,-0.0009364125097931055,4.419002360257047e-05,6288.699721248056,True,True,True,Z_mode_existing_controller,False,0.07831197579104432,0.0,3.1761939649120365,False,False,False,-0.2757095805124118,3.376019026925941e-05,0.00018573055068884581,4.060703068187863e-06,0.0004390321890388275,1.7669813008877008e-06,0.0001446812224179074,0.0,0.0,0.0,0.0,2.7625989339211558e-09,0.0,0.0,-0.2764790272371563,0.0,0.0,0.0,0.0,0.0,0.0,0.0,False,-10.703473818056409,0.1699125057821303,0.264021146560684,0.12349974843074821
356,-16.926357955057938,-2751.432976095988,11.653773625876795,5.134167444246436,39.638948077884,27.911382677560134,0.1,0.0,0.0,25.36813122656097,50.1398879772125,198.24911842531594,211.67984624808554,0.0,0.0,0.0,0.0,-2.0816681711721685e-17,-2.0816681711721685e-17,0.26014284641297625,-0.05033574002966734,nan,nan,-0.0016322054221354168,0.00010986032167204407,6483.731787480183,True,True,True,Z_mode_existing_controller,False,0.05060201485354432,0.0,0.0,False,False,False,-1.250869911673044,9.229259954155887e-06,5.077446306031995e-05,0.000697687606252349,0.07543208944231464,3.896170303487501e-05,0.003190201741092146,0.0,0.0,0.0,0.0,2.495358215835165e-34,20.0,0.0,-21.329542977319512,20.0,20.0,0.0,0.0,0.0,0.0,0.0,False,0.1,-0.09500043094158173,-0.0009284159168601036,25.303013094005834,50.117780151291775,197.33228428522438,212.13769192022588,-0.9500042796134949,-0.009284159168601036,-0.03213594328443576,-0.0020060291659547147,-0.032135943284435774,-0.002006029165954694,0.23243288547547625,-0.05033574002966734,-0.32560894130464346,-0.05578934596725453,-0.0016278300789718597,0.00010973763572615894,6466.805429525125,True,True,True,Z_mode_existing_controller,False,0.07831197579104432,0.0,3.21984938125238,False,False,False,-1.1662381218977544,5.293658843468753e-05,0.0002912288598834068,0.0005737378962091765,0.06203098337344203,3.5012452226894105e-05,0.002866835311438062,0.0,0.0,0.0,0.0,1.952296156136384e-09,20.0,0.0,-21.231427171394813,20.0,20.0,0.0,0.0,0.0,0.0,0.0,False,-16.926357955057938,0.26105888568281055,0.2870495411020937,0.1239013835700116
357,-57.36369345514231,-2808.7966695511304,12.276589403283635,3.845147584770667,40.016807648130246,22.27071657966415,0.1,0.0,0.0,25.346418460116457,50.14275051153262,202.49333412340548,212.74527833177186,0.0,0.0,0.0,0.0,-1.249000902703301e-16,9.020562075079397e-17,0.055419921875,0.0,nan,nan,-0.0031250313960608676,-4.77423588704089e-05,6655.843699258398,False,True,True,Omega_safe_one_step_QP,False,0.33251953125,0.0,0.0,False,False,False,-2.1114294705641212,3.231838877342479e-05,0.00017779852827814273,0.0018013366891909623,0.19475563137010807,0.00011351455249481689,0.009294622534443903,0.0,0.0,0.0,0.0,2.3159307581256514e-34,20.0,1.2946197022046741,-23.610277225201624,21.294619702204674,21.294619702204674,0.0,0.0,0.0,0.0,0.0,False,0.1,-0.09572342038154602,-0.03762615844607353,25.280915337957893,50.120524108041444,199.97019155135854,212.08549413043912,-0.9572342038154602,-0.37626156210899353,-0.04647379041289339,-0.012858200539987413,-0.046473790412893325,-0.012858200539987544,0.0277099609375,0.0,-0.387939453125,-0.16337998213181545,-0.0031222114913418107,-4.8338287135910924e-05,6598.480005803256,False,True,True,Omega_safe_one_step_QP,False,0.3602294921875,0.0,4.821977308602835,False,False,False,-1.8246110032884097,0.00010191914435471863,0.0005607047429461397,0.0006958554744723418,0.07523400432934844,2.7246092586227913e-07,2.2309222964083133e-05,0.0,0.0,0.0,0.0,3.233434838103965e-06,20.0,6.839643905556405,-28.74007516057491,26.839643905556404,26.839643905556404,0.0,0.0,0.0,0.0,0.0,False,-57.36369345514231,0.8618545754242072,0.33448773767939016,0.12610659083159736
358,-64.87817428876406,-2873.6748438398945,11.851169333406778,4.083906531780987,37.1418310634792,28.11287804048427,0.1,0.0,0.0,25.305815106656308,50.1431127926177,210.49101315230513,214.46863856106455,0.0,0.0,0.0,0.0,-2.7755575615628914e-17,8.326672684688674e-17,0.055419921875,0.0,nan,nan,-0.0025767859983638923,0.0001108147671388829,6809.848468720425,False,True,True,Omega_safe_one_step_QP,False,0.33251953125,0.0,0.0,False,False,False,-2.8814533178742567,5.5039410681184656e-05,0.00030279746570960954,0.0063962869849301315,0.691549179922584,0.00029699704799077695,0.02431825166244158,0.0,0.0,0.0,0.0,9.485204976107136e-35,20.0,38.484565546137546,-62.08218909306254,58.484565546137546,58.484565546137546,0.0,0.0,0.0,0.0,0.0,False,0.1,-0.09680769592523575,-0.045416031032800674,25.238604528189928,50.12053411047215,207.6503595045082,213.40537825498708,-0.9680769443511963,-0.45416030287742615,-0.055288535810980116,-0.017822927854653347,-0.055288535810980005,-0.01782292785465347,0.0277099609375,0.0,-0.387939453125,-0.19499634308419728,-0.002575630752823896,0.00011013317729115334,6744.970294431661,False,True,True,Omega_safe_one_step_QP,False,0.3602294921875,0.0,5.809026553075992,False,False,False,-2.5570624464304363,0.00014263397862745035,0.0007846960335866187,0.005898497978858709,0.6377295843143469,0.0001742094102233757,0.014264344741598692,0.0,0.0,0.0,0.0,1.0234825374208023e-06,20.0,69.06973434987313,-92.27957644487563,89.06973434987313,89.06973434987313,0.0,0.0,0.0,0.0,0.0,False,-64.87817428876406,0.9527109830236018,0.3805078111675493,0.1286261632528982
359,-62.73790213046777,-2936.4127459703623,10.150493715288363,3.7791382814886756,40.536716228129436,23.378966400398607,0.1,0.0,0.0,25.2800490188101,50.14788712937273,215.51179871645877,215.80986098847754,0.0,0.0,0.0,0.0,5.551115123125783e-17,-1.205632815803881e-16,0.055419921875,0.0,nan,nan,-0.0008305349896522681,-4.423007555259557e-05,6744.568892504116,False,True,True,Omega_safe_one_step_QP,False,0.33251953125,0.0,0.0,False,False,False,-2.555055436792709,5.096367245037283e-05,0.0002803749289870738,0.0025208287681213596,0.2725451611891092,0.00017988775997955847,0.014729290569620877,0.0,0.0,0.0,0.0,4.848002013525698e-34,20.0,28.10301704394187,-50.94562730742229,48.10301704394187,48.10301704394187,0.0,0.0,0.0,0.0,0.0,False,0.1,-0.09776514023542404,-0.043068330734968185,25.210855808797056,50.12491620745907,212.6798141092874,214.80576622339683,-0.9776514172554016,-0.43068331480026245,-0.06134446033898916,-0.01824725706691561,-0.061344460338989076,-0.018247257066915646,0.0277099609375,0.0,-0.387939453125,-0.18310541356082619,-0.0008324965047638907,-4.422745352482515e-05,6681.830990373648,False,True,True,Omega_safe_one_step_QP,False,0.3602294921875,0.0,6.400082190681547,False,False,False,-2.24136592614037,0.00013860935790934483,0.0007625547181400611,0.0025295413621534736,0.2734871431971245,0.00019610864620667746,0.01605746401823765,0.0,0.0,0.0,0.0,3.685427716932093e-07,20.0,64.63720774134957,-87.16888119796621,84.63720774134957,84.63720774134957,0.0,0.0,0.0,0.0,0.0,False,-62.73790213046777,0.9301988478491843,0.4186223915984283,0.13103873193324242
360,-43.5775945408468,-2979.990340511209,10.083729166735244,4.72192513508836,41.9375570880263,27.960791993647998,0.1,0.0,0.0,25.284615102991157,50.15032806203998,214.58042778422094,215.74563142055266,0.0,0.0,0.0,0.0,-5.551115123125783e-17,-1.6479873021779667e-17,0.055419921875,0.0,nan,nan,-0.00019499467266431703,9.811486901283657e-05,6713.578078269961,False,True,True,Omega_safe_one_step_QP,False,0.33251953125,0.0,0.0,False,False,False,-2.4001013656219357,3.998981555524816e-05,0.00022000262456413417,8.67451813417557e-05,0.009378653453239679,4.125437395817187e-07,3.377926665865226e-05,0.0,0.0,0.0,0.0,2.3159307581256514e-34,20.0,7.161594981860916,-29.571328782827315,27.161594981860915,27.161594981860915,0.0,0.0,0.0,0.0,0.0,False,0.1,-0.095821313560009,-0.018335098400712013,25.213407526258504,50.12697933657181,212.51664566597935,215.8695056144242,-0.9582130908966064,-0.18335098028182983,-0.05982259472379714,-0.007997134369986631,-0.059822594723796974,-0.007997134369986555,0.0277099609375,0.0,-0.387939453125,-0.07953317089794978,-0.00019733158983442287,9.810455660556688e-05,6670.000483729114,False,True,True,Omega_safe_one_step_QP,False,0.3602294921875,0.0,6.035475952747453,False,False,False,-2.1822133929177014,0.00012061934189038007,0.0006635832504008546,2.6623940891573056e-06,0.0002878508192839602,0.00011315414920233074,0.009265112551008235,0.0,0.0,0.0,0.0,1.0738109025280494e-06,20.0,35.02686979487652,-57.21930080822582,55.02686979487652,55.02686979487652,0.0,0.0,0.0,0.0,0.0,False,-43.5775945408468,0.6490964137573033,0.43812738256404044,0.13258617812883305
361,-28.09712248422602,-3008.087462995435,10.037641087393833,3.599048433685697,39.74834095071473,25.724312694389823,0.1,0.0,0.0,25.29793678825581,50.15546523828235,211.89127604222622,215.46099417038397,0.0,0.0,0.0,0.0,5.551115123125783e-17,1.9081958235744878e-17,0.055419921875,0.0,nan,nan,-0.0008280063390358298,2.1605351947742713e-05,6644.287702088688,False,True,True,Omega_safe_one_step_QP,False,0.33251953125,0.0,0.0,False,False,False,-2.05364948471557,3.921123715923302e-05,0.00021571930171870572,0.000723153709147324,0.07818541533502964,8.101836418359103e-06,0.0006633820042403567,0.0,0.0,0.0,0.0,1.359059548646696e-34,20.0,5.569015106961764,-27.70172910831832,25.569015106961764,25.569015106961764,0.0,0.0,0.0,0.0,0.0,False,0.1,-0.096766896545887,-0.016798531636595726,25.22533940261959,50.13182994656385,210.46907242400422,215.74899703238643,-0.9676689505577087,-0.16798530519008636,-0.05828253567542471,-0.007165041907703273,-0.05828253567542471,-0.007165041907703326,0.0277099609375,0.0,-0.387939453125,-0.07215587231890161,-0.000830131314988861,2.16032165010915e-05,6616.190579604462,False,True,True,Omega_safe_one_step_QP,False,0.3602294921875,0.0,5.872130610175752,False,False,False,-1.91316387229444,0.00011968380315301144,0.0006584364155194042,0.00041925561812525427,0.04532877895809778,1.4522318344757806e-06,0.00011890939476303464,0.0,0.0,0.0,0.0,3.0641597382618406e-08,20.0,35.9679477862709,-57.92721781397532,55.9679477862709,55.9679477862709,0.0,0.0,0.0,0.0,0.0,False,-28.09712248422602,0.4228763675509333,0.4430510053244245,0.13344180067963382
362,-19.321876453434015,-3027.409339448869,10.706545135810558,4.364221829017968,44.911845188107094,27.414584743294455,0.1,0.0,0.0,25.29952399452513,50.158641793957685,211.5385004494441,215.56264390389097,0.0,0.0,0.0,0.0,-5.551115123125783e-17,-6.852157730108388e-17,0.055419921875,0.0,nan,nan,-0.0009658133791562717,0.00010420803057111178,6707.496477691752,False,True,True,Omega_safe_one_step_QP,False,0.33251953125,0.0,0.0,False,False,False,-2.369693362730891,4.070054473953499e-05,0.00022391267725445992,1.2445061886278847e-05,0.0013455262970249533,1.0332668322044688e-06,8.460435223175141e-05,0.0,0.0,0.0,0.0,2.000033108263073e-34,20.0,6.298165445656847,-28.669512851714252,26.29816544565685,26.29816544565685,0.0,0.0,0.0,0.0,0.0,False,0.1,-0.09672386199235916,-0.02038159780204296,25.226065170069585,50.13481855342261,210.4945292325787,215.7491182367832,-0.9672386050224304,-0.20381596684455872,-0.05828109998010736,-0.008813856985782872,-0.05828109998010744,-0.008813856985782803,0.0277099609375,0.0,-0.387939453125,-0.08758541077222413,-0.0009663298930280059,0.00010415210061132725,6688.174601238318,False,True,True,Omega_safe_one_step_QP,False,0.3602294921875,0.0,5.894379263210938,False,False,False,-2.2730839804637206,0.00012187988486729196,0.0006705180851693062,6.480491027981914e-08,7.006530924042818e-06,1.469050579804615e-12,1.2028652118338145e-10,0.0,0.0,0.0,0.0,2.7185932229232742e-08,20.0,41.888247587982704,-64.16200912036874,61.888247587982704,61.888247587982704,0.0,0.0,0.0,0.0,0.0,False,-19.321876453434015,0.28806390756515526,0.4379814356092802,0.13390051589304308
363,-13.389546078337844,-3040.798885527207,11.691625198349506,5.658845457987968,41.023184760286526,23.22975906834767,0.1,0.0,0.0,25.29874294652157,50.163407701932016,211.63389767840115,215.8514014284551,0.0,0.0,0.0,0.0,-5.551115123125783e-17,5.898059818321144e-17,0.055419921875,0.0,nan,nan,-0.001266632091335049,-2.152809758036679e-05,6818.231248842235,False,True,True,Omega_safe_one_step_QP,False,0.33251953125,0.0,0.0,False,False,False,-2.923367218483304,4.550884421530255e-05,0.0002503653750144121,9.100631292687365e-07,9.839355429272534e-05,8.338090799239764e-06,0.0006827266190420117,0.0,0.0,0.0,0.0,1.625680475322804e-34,20.0,12.492250735803731,-35.41664943983538,32.49225073580373,32.49225073580373,0.0,0.0,0.0,0.0,0.0,False,0.1,-0.0970739796757698,-0.013950753025710583,25.224756622795493,50.1394591615057,210.83716537407375,216.3239800410057,-0.9707397818565369,-0.13950753211975098,-0.0588831143555254,-0.006472915766116854,-0.0588831143555254,-0.006472915766116733,0.0277099609375,0.0,-0.387939453125,-0.05973405376224233,-0.0012634494989193206,-2.165351207803715e-05,6804.841702763897,False,True,True,Omega_safe_one_step_QP,False,0.3602294921875,0.0,5.923782402081564,False,False,False,-2.856419488091615,0.0001302577717723788,0.0007166087480500633,1.173995254586056e-05,0.0012692917898380707,3.304660939539566e-05,0.0027058712175906693,0.0,0.0,0.0,0.0,5.8424271021415426e-08,20.0,60.32411660976918,-83.18522792804055,80.32411660976918,80.32411660976918,0.0,0.0,0.0,0.0,0.0,False,-13.389546078337844,0.1963785854375568,0.42537424267210333,0.13408836222445134
364,-10.087340475148267,-3050.886226002355,9.677449265358756,5.411034419703021,38.17385012902524,26.094962479443637,0.1,0.0,0.0,25.293514423610613,50.1656617154855,212.63561471452482,216.1893110118821,0.0,0.0,0.0,0.0,0.0,3.7513395167998453e-17,0.055419921875,0.0,nan,nan,0.0005002600635243826,2.1061690234416668e-05,6621.643077582716,False,True,True,Omega_safe_one_step_QP,False,0.33251953125,0.0,0.0,False,False,False,-1.940426362185708,2.941610127474074e-05,0.00016183169127015435,0.00010034370204603801,0.010848888585491087,1.1418288657181275e-05,0.0009349346028798217,0.0,0.0,0.0,0.0,3.542328716315947e-35,20.0,0.0,-21.95237201706535,20.0,20.0,0.0,0.0,0.0,0.0,0.0,False,0.1,-0.09720654040575027,-0.01655341126024723,25.21925850473024,50.141618086095555,211.9611921928007,216.55877851253328,-0.9720653891563416,-0.165534108877182,-0.06018245500892605,-0.007925023796138676,-0.06018245500892608,-0.007925023796138549,0.0277099609375,0.0,-0.387939453125,-0.07078140691292761,0.0004965871095678771,2.1087032079889346e-05,6611.555737107567,False,True,True,Omega_safe_one_step_QP,False,0.3602294921875,0.0,6.070200897063282,False,False,False,-1.8899896598099668,9.954169608701962e-05,0.0005476252913058434,0.00012634362892174198,0.01365993007742262,5.513032223168244e-06,0.0004514095541795369,0.0,0.0,0.0,0.0,3.796903864433538e-08,20.0,13.552147188751107,-35.45679585145302,33.55214718875111,33.55214718875111,0.0,0.0,0.0,0.0,0.0,False,-10.087340475148267,0.15233893396185183,0.40946024027775946,0.13414149706460782
365,6.2934254785604935,-3044.5928005237947,8.44743157517532,4.026020780237227,41.515680841027226,27.232888921581445,0.1,0.0,0.0,25.315611126982454,50.16891746517672,208.2387167701131,215.43175692220152,0.0,0.0,0.0,0.0,1.1102230246251565e-16,-4.163336342344337e-17,0.055419921875,0.0,nan,nan,0.0011617459391364965,4.7819536662390034e-05,6382.375825627683,False,True,True,Omega_safe_one_step_QP,False,0.33251953125,0.0,0.0,False,False,False,-0.7440901024105461,1.4937635504943807e-05,8.217889905818146e-05,0.001933271153357213,0.20902002737245426,5.7388819879177516e-05,0.004699022343399549,0.0,0.0,0.0,0.0,1.859016103961028e-34,20.0,0.0,-20.957891331025458,20.0,20.0,0.0,0.0,0.0,0.0,0.0,False,0.1,-0.09640523046255112,-0.019852669909596443,25.24108303961239,50.14480440034132,208.26235939772218,215.77676679354738,-0.9640523195266724,-0.19852669537067413,-0.055687104937178294,-0.008598803292137793,-0.055687104937178294,-0.008598803292137894,0.0277099609375,0.0,-0.387939453125,-0.08559442860006856,0.0011530208895003165,4.776177236448195e-05,6388.669251106244,False,True,True,Omega_safe_one_step_QP,False,0.3602294921875,0.0,5.634707689260528,False,False,False,-0.7755572298033485,6.566407309676502e-05,0.0003612486884542174,0.0013681364045948347,0.1479191929394215,6.115423286312809e-05,0.005007336049465674,0.0,0.0,0.0,0.0,2.0662151076791933e-07,20.0,0.0,-20.9288452141022,20.0,20.0,0.0,0.0,0.0,0.0,0.0,False,6.2934254785604935,-0.0986063129233158,0.3802106694453177,0.13349018653245984
366,24.367882976473084,-3020.2249175473216,11.035102537725006,6.778158755716556,38.34254149536103,23.339693565061843,0.1,0.0,0.0,25.343983974793044,50.17201760261888,202.60638649972933,214.40138799206215,0.0,0.0,0.0,0.0,1.3877787807814457e-16,-6.938893903907228e-18,0.055419921875,0.0,nan,nan,-2.346863252024843e-05,-4.1564998201822426e-05,6524.201396525106,False,True,True,Omega_safe_one_step_QP,False,0.33251953125,0.0,0.0,False,False,False,-1.4532179568976609,1.2770993242433722e-05,7.025918956151599e-05,0.003172314427468121,0.34298202159172264,0.00010616601321965302,0.00869292083857277,0.0,0.0,0.0,0.0,1.974078192996917e-35,20.0,0.0,-21.804963158517516,20.0,20.0,0.0,0.0,0.0,0.0,0.0,False,0.1,-0.09522395581007004,-0.022537820041179657,25.269674368797666,50.14794569134212,203.36729277384495,214.75835457526875,-0.9522395133972168,-0.22537820041179657,-0.0497810881385506,-0.008755810283781864,-0.04978108813855066,-0.008755810283781858,0.0277099609375,0.0,-0.387939453125,-0.09837683820914879,-1.9829189314084228e-05,-4.143629467045964e-05,6548.569279501579,False,True,True,Omega_safe_one_step_QP,False,0.3602294921875,0.0,5.0545236669578815,False,False,False,-1.5750573717800262,5.853705118541737e-05,0.000322039617243165,0.0023961677252196793,0.25906714774317363,0.00010371634463391936,0.008492340874696165,0.0,0.0,0.0,0.0,3.4905685621096923e-07,20.0,0.0,-21.842939249071996,20.0,20.0,0.0,0.0,0.0,0.0,0.0,False,24.367882976473084,-0.3734998583803959,0.314076445096714,0.13204405973878422
367,28.646196493635216,-2991.5787210536864,8.728456760266099,4.88312848797193,40.53921476533803,25.2022146199077,0.1,0.0,0.0,25.349911136624797,50.172447871050835,201.4303589187678,214.16931066438514,0.0,0.0,0.0,0.0,-5.551115123125783e-17,9.020562075079397e-17,0.055419921875,0.0,nan,nan,0.0012649857998525394,-1.0929721341032279e-05,6251.76851703379,False,True,True,Omega_safe_one_step_QP,False,0.33251953125,0.0,0.0,False,False,False,-0.09105355944107942,6.944738861187383e-06,3.820624714467452e-05,0.00013830408711821963,0.014953062339430218,5.385988602170611e-06,0.0004410071654405612,0.0,0.0,0.0,0.0,4.718528363748728e-34,0.0,0.0,-0.10648583519309487,0.0,0.0,0.0,0.0,0.0,0.0,0.0,False,0.1,-0.09309543669223785,-0.008134166710078716,25.276601633804205,50.148538037710836,202.4005835792322,215.14585887740637,-0.9309543371200562,-0.08134166896343231,-0.047561772669985306,-0.002567241939527242,-0.04756177266998525,-0.0025672419395272525,0.0277099609375,0.0,-0.387939453125,-0.03631715739309498,0.0012574283818701862,-1.1163083518768522e-05,6280.414713527425,False,True,True,Omega_safe_one_step_QP,False,0.3602294921875,0.0,4.763100828963648,False,False,False,-0.2342845419092555,3.6021024197369605e-05,0.0001981684524641294,9.345266669488261e-05,0.010103848555683683,1.501595841751595e-05,0.001229513418467549,0.0,0.0,0.0,0.0,4.3223739300523893e-07,20.0,0.0,-20.245816504573263,20.0,20.0,0.0,0.0,0.0,0.0,0.0,False,28.646196493635216,-0.45820948769271885,0.25515251138018197,0.1304351352849978
368,38.6482075118447,-2952.9305135418417,10.825553747979379,6.683440988409574,35.80783391843213,24.01958619444636,0.1,0.0,0.0,25.374191227950334,50.17330733038552,196.63122988720957,213.188072890758,0.0,0.0,0.0,0.0,7.632783294297951e-17,3.8163916471489756e-17,0.26014284641297625,-0.05033574002966734,nan,nan,4.003127507211119e-05,-3.505680467963575e-05,6356.273602240398,True,True,True,Z_mode_existing_controller,False,0.05060201485354432,0.0,0.0,False,False,False,-0.6135789854741188,6.600511935883035e-06,3.631249429882874e-05,0.002303163946154511,0.2490118316990764,9.628275683927244e-05,0.007883675367856878,0.0,0.0,0.0,0.0,2.0089856732389356e-34,0.0,0.0,-0.8705108050353508,0.0,0.0,0.0,0.0,0.0,0.0,0.0,False,0.1,-0.09448738396167755,-0.0020054953638464212,25.30187948853555,50.1495675813001,197.96936719667363,214.5138389389506,-0.9448738098144531,-0.020054953172802925,-0.043723278570574994,0.0009188766452741179,-0.043723278570574994,0.0009188766452741734,0.0277099609375,0.0,-0.387939453125,-0.008822161625576511,4.411526070726129e-05,-3.4944191932861175e-05,6394.921809752243,False,True,True,Omega_safe_one_step_QP,False,0.3602294921875,0.0,4.373293293673939,False,False,False,-0.8068200230333423,3.3391105713607165e-05,0.00018370004442613505,0.0019635678629055494,0.21229562533919144,3.994492026056169e-05,0.0032707080090663616,0.0,0.0,0.0,0.0,2.6887059738505244e-07,20.0,0.0,-21.022570325296623,20.0,20.0,0.0,0.0,0.0,0.0,0.0,False,38.6482075118447,-0.6080324720166601,0.19254097305618684,0.12839421398533232
369,36.80485652133393,-2916.125657020508,10.210311663118667,4.7051180349711705,39.91122555366767,23.460953423732263,0.1,0.0,0.0,25.376125293709965,50.17293713867026,196.2518114276402,213.0801192703385,0.0,0.0,0.0,0.0,2.949029909160572e-17,-4.163336342344337e-17,0.26014284641297625,-0.05033574002966734,nan,nan,-0.0003870192096404971,-4.3611933120280087e-05,6283.204899702286,True,True,True,Z_mode_existing_controller,False,0.05060201485354432,0.0,0.0,False,False,False,-0.24823547278355818,7.149606954552443e-06,3.9333322066225344e-05,1.4395836746198991e-05,0.001556438777620304,1.165398416167614e-06,9.542334566320322e-05,0.0,0.0,0.0,0.0,8.561360455908884e-35,0.0,0.0,-0.2499266682289079,0.0,0.0,0.0,0.0,0.0,0.0,0.0,False,0.1,-0.09431088715791702,-0.001459339982829988,25.305279950164092,50.14942264673482,197.53192911749758,214.42328158786495,-0.943108856678009,-0.014593399129807949,-0.043177589983174613,0.001260209129856412,-0.043177589983174516,0.001260209129856471,0.0277099609375,0.0,-0.387939453125,-0.006431641426144128,-0.00038641116896682027,-4.365959395936296e-05,6320.00975622362,False,True,True,Omega_safe_one_step_QP,False,0.3602294921875,0.0,4.319597670855599,False,False,False,-0.4322597553902278,3.597381807510703e-05,0.0001979087495710537,1.913520731132298e-05,0.002068846653530601,8.200633835652228e-07,6.714715811354377e-05,0.0,0.0,0.0,0.0,4.1428389945025356e-09,20.0,0.0,-20.434593662094283,20.0,20.0,0.0,0.0,0.0,0.0,0.0,False,36.80485652133393,-0.5857656579539183,0.14100472575140074,0.12644847743604332
370,32.97816584210159,-2883.147491178406,11.891775607703531,3.7596518735512627,37.57405229774132,22.585688942236676,0.1,0.0,0.0,25.37134093867829,50.172338046626685,197.199540375107,213.24246520141267,0.0,0.0,0.0,0.0,8.673617379884035e-17,4.85722573273506e-17,0.26014284641297625,-0.05033574002966734,nan,nan,-0.002846716905534335,-5.645703511433439e-05,6482.240017279519,True,True,True,Z_mode_existing_controller,False,0.05060201485354432,0.0,0.0,False,False,False,-1.243411060669723,2.119870608887417e-05,0.00011662396818191746,8.98190157866528e-05,0.009710988086534686,2.6356201336334814e-06,0.00021580576012421274,0.0,0.0,0.0,0.0,1.1414144186032477e-34,20.0,0.0,-21.253454478484564,20.0,20.0,0.0,0.0,0.0,0.0,0.0,False,0.1,-0.09467186778783798,-0.0015376441879197955,25.301857162531178,50.14903513242804,198.28712360642484,214.55530839763932,-0.946718692779541,-0.015376442112028599,-0.04414985797783161,0.001094088014539668,-0.04414985797783168,0.0010940880145398069,0.0277099609375,0.0,-0.387939453125,-0.006750906268985392,-0.0028380274440768577,-5.622137181442318e-05,6515.21818312162,False,True,True,Omega_safe_one_step_QP,False,0.3602294921875,0.0,4.416341232339585,False,False,False,-1.408301889880231,7.387671538362817e-05,0.0004064302636285286,5.703187161061039e-05,0.006166131090535885,1.7431078499198613e-06,0.0001427264535317705,0.0,0.0,0.0,0.0,9.729012783887099e-09,20.0,0.4572474279586832,-21.872264615375624,20.457247427958684,20.457247427958684,0.0,0.0,0.0,0.0,0.0,False,32.97816584210159,-0.5087464480517946,0.10230123909479776,0.12466806553664246
371,10.711170451669204,-2872.436320726737,9.68314482450697,3.918684206439628,41.1131422957285,23.730216334568727,0.1,0.0,0.0,25.330446773458945,50.1716308830149,205.26714313044218,214.9192966183838,0.0,0.0,0.0,0.0,-6.938893903907228e-17,-1.0408340855860843e-16,0.055419921875,0.0,nan,nan,-0.00022952634896906358,-3.897000384133669e-05,6445.141894063555,False,True,True,Omega_safe_one_step_QP,False,0.33251953125,0.0,0.0,False,False,False,-1.057920444589904,1.8855618245849584e-05,0.00010373354926169131,0.006508621421789169,0.703694474195646,0.00028117636009414423,0.02302284663284275,0.0,0.0,0.0,0.0,4.767880318573651e-34,20.0,0.0,-21.784741498967655,20.0,20.0,0.0,0.0,0.0,0.0,0.0,False,0.1,-0.09496443718671799,-0.024454805999994278,25.26228456614766,50.14851468258957,205.49294607509762,215.10820677953188,-0.9496443271636963,-0.24454805254936218,-0.051861607263811255,-0.010005150405231453,-0.05186160726381117,-0.010005150405231358,0.0277099609375,0.0,-0.387939453125,-0.10703612937677039,-0.00023248009706587115,-3.9001900070321106e-05,6455.853064515224,False,True,True,Omega_safe_one_step_QP,False,0.3602294921875,0.0,5.281788847177706,False,False,False,-1.1114762968482501,6.79033141457107e-05,0.00037356779773140784,0.005192387745002946,0.5613868632468946,3.056966206994122e-05,0.0025030576582556175,0.0,0.0,0.0,0.0,1.8266417054872955e-06,20.0,0.0,-21.675741612192837,20.0,20.0,0.0,0.0,0.0,0.0,0.0,False,10.711170451669204,-0.16618983146879934,0.10969701088045354,0.12385972742925468
372,16.206571186858127,-2856.229749539879,9.877553458062055,4.438743294821819,44.28555253772624,23.91055370567624,0.1,0.0,0.0,25.33548505493923,50.172527954260154,204.26085920991915,214.75032377892722,0.0,0.0,0.0,0.0,-4.163336342344337e-17,-1.4224732503009818e-16,0.055419921875,0.0,nan,nan,-7.461066085926718e-05,-1.862896522164103e-05,6440.836710596199,False,True,True,Omega_safe_one_step_QP,False,0.33251953125,0.0,0.0,False,False,False,-1.0363945272531236,1.6157572617482193e-05,8.889034203022621e-05,0.00010126073287032033,0.010948035468048156,2.855182047402124e-06,0.00023378358822262184,0.0,0.0,0.0,0.0,2.2268564981977416e-35,20.0,0.0,-21.047665236651426,20.0,20.0,0.0,0.0,0.0,0.0,0.0,False,0.1,-0.09389787167310715,-0.019552862271666527,25.26776676592809,50.149486991416545,204.71217289069295,215.17335654530166,-0.9389786720275879,-0.19552862644195557,-0.050409676017655364,-0.007826008968719838,-0.05040967601765525,-0.007826008968719923,0.0277099609375,0.0,-0.387939453125,-0.08655292821499179,-7.691744294706197e-05,-1.865978621819024e-05,6457.043281783057,False,True,True,Omega_safe_one_step_QP,False,0.3602294921875,0.0,5.10135457754452,False,False,False,-1.1174273831874144,6.050695923196001e-05,0.0003328770000710663,6.096067654854021e-05,0.006590902811895859,4.2444919798564943e-07,3.475409093917005e-05,0.0,0.0,0.0,0.0,6.856761743885002e-08,20.0,0.0,-21.124385985657938,20.0,20.0,0.0,0.0,0.0,0.0,0.0,False,16.206571186858127,-0.2516221403376947,0.10531301682568482,0.1228197917544201
373,18.634803189049308,-2837.5949463508296,7.930125881733119,5.174418051280787,41.01375949143508,28.833180003630094,0.1,0.0,0.0,25.342012189380586,50.17367349487968,202.95814379372973,214.53232589678538,0.0,0.0,0.0,0.0,1.249000902703301e-16,8.326672684688674e-17,0.055419921875,0.0,nan,nan,0.0022260734461997116,8.747831072974986e-05,6202.613540293715,False,True,True,Omega_safe_one_step_QP,False,0.33251953125,0.0,0.0,False,False,False,0.1547213242592943,6.9782469006236016e-06,3.839059049604062e-05,0.00016970674555775593,0.018348232497119376,4.75230766183295e-06,0.000389121085477563,0.0,0.0,0.0,0.0,7.858997879315165e-34,0.0,0.0,0.13594558008620133,0.0,0.0,0.0,0.0,0.0,0.0,0.0,False,0.1,-0.0944708064198494,-0.018302783370018005,25.27492840007866,50.15073688123156,203.53714245771837,215.03641779618326,-0.9447080492973328,-0.18302783370018005,-0.049523479272618576,-0.007107314212784783,-0.049523479272618465,-0.007107314212784831,0.0277099609375,0.0,-0.387939453125,-0.08052795854892186,0.002215947517300306,8.727468291888575e-05,6221.2483434827645,False,True,True,Omega_safe_one_step_QP,False,0.3602294921875,0.0,5.003087961034399,False,False,False,0.06154730831404777,2.6756360220708052e-05,0.00014719921536538927,0.00013806965184164294,0.014927715833927338,1.8752221010112093e-06,0.00015354402773989584,0.0,0.0,0.0,0.0,1.3018668231223983e-08,0.0,0.0,0.04631883621834691,0.0,0.0,0.0,0.0,0.0,0.0,0.0,False,18.634803189049308,-0.3004346968901578,0.09211608064119285,0.12169390497223326
374,61.36470361891861,-2776.230242731911,7.7584870523529315,4.488772537788722,40.523204727490494,26.617754806234586,0.1,0.0,0.0,25.381968797317587,50.176736174082045,195.0426663072783,213.01217370588543,0.0,0.0,0.0,0.0,1.1102230246251565e-16,-1.3183898417423734e-16,0.26014284641297625,-0.05033574002966734,nan,nan,0.002116762479297947,1.9047559129467886e-05,6000.655068524562,True,True,True,Z_mode_existing_controller,False,0.05060201485354432,0.0,0.0,False,False,False,1.1645136831050604,9.313190989221355e-06,5.123620682533624e-05,0.006265478383851954,0.6774065091800795,0.0002310862683497917,0.018921447426774613,0.0,0.0,0.0,0.0,4.646305990834207e-34,20.0,0.0,-19.53186550970862,20.0,20.0,0.0,0.0,0.0,0.0,0.0,False,0.1,-0.09348586201667786,-0.001524962019175291,25.31550313115513,50.15391820132625,197.48051770685578,214.00555839779793,-0.9348586201667786,-0.01524962019175291,-0.03132347965520873,-0.002315205066257431,-0.03132347965520865,-0.0023152050662573302,0.23243288547547625,-0.05033574002966734,-0.32560894130464346,-0.05943864150153977,0.0021032905574470302,1.824036606970416e-05,6062.019772143481,True,True,True,Z_mode_existing_controller,False,0.07831197579104432,0.0,3.1408924722267937,False,False,False,0.8576901650104674,9.564299746249884e-06,5.261767320196882e-05,0.003668270337276141,0.39660342780966795,0.00010626710992393675,0.008701198682119186,0.0,0.0,0.0,0.0,3.5420429614594985e-06,0.0,0.0,0.4523293788025168,0.0,0.0,0.0,0.0,0.0,0.0,0.0,False,61.36470361891861,-1.0226334111553412,0.04036954521195263,0.1187565857289518
375,48.81111349130333,-2727.4191292406076,9.429192151655513,5.845022855656482,42.26613915996343,26.06348743242451,0.1,0.0,0.0,25.413730068665476,50.17719368737831,188.77345051587804,211.6938511281068,0.0,0.0,0.0,0.0,1.1102230246251565e-16,-1.0408340855860843e-16,0.055419921875,0.0,nan,nan,0.0010925240344638073,3.26300481609137e-05,6022.193859566625,False,True,True,Omega_safe_one_step_QP,False,0.33251953125,0.0,0.0,False,False,False,1.0568197278947447,1.2172848767128412e-05,6.696851785901958e-05,0.003930306663914235,0.4249340838955252,0.00017379744190809305,0.014230612590940054,0.0,0.0,0.0,0.0,7.703719777548944e-36,20.0,0.0,-19.38241193710958,20.0,20.0,0.0,0.0,0.0,0.0,0.0,False,0.1,-0.09006299078464508,-0.002050229115411639,25.34933515626857,50.15476464501398,190.61293333982985,212.54681058144698,-0.9006298780441284,-0.02050229161977768,-0.030206011916485684,-0.002554715715742742,-0.03020601191648562,-0.0025547157157427072,0.23243288547547625,-0.05033574002966734,-0.32560894130464346,-0.06303922223600288,0.0010901114214422112,3.245098552157478e-05,6071.0049730579285,True,True,True,Z_mode_existing_controller,False,0.07831197579104432,0.0,3.0313853735332437,False,False,False,0.812764160438228,5.636907788948335e-06,3.101125851109088e-05,0.004716371503821889,0.5099212798554409,0.00021279451917086654,0.01742371078969809,0.0,0.0,0.0,0.0,1.3060994983036718e-08,20.0,0.0,-19.714611854526417,20.0,20.0,0.0,0.0,0.0,0.0,0.0,False,48.81111349130333,-0.8105204619702482,-0.005469132429286425,0.1163688578409927
376,30.616327514454497,-2696.802801726153,8.425432699817854,4.9711158718754715,41.208963330221174,24.27532667539187,0.1,0.0,0.0,25.424941387614314,50.17694852844354,186.5636714197578,211.20216330366594,0.0,0.0,0.0,0.0,-1.249000902703301e-16,-1.3183898417423734e-16,0.055419921875,0.0,nan,nan,0.0016612092475462282,-3.79369879840415e-05,5869.91242488465,False,True,True,Omega_safe_one_step_QP,False,0.33251953125,0.0,0.0,False,False,False,1.8182269013046197,1.8654194330660272e-05,0.00010262542237047296,0.0004883123653649938,0.05279500694853632,2.4175691670337136e-05,0.0019795164905851465,0.0,0.0,0.0,0.0,5.642974737054601e-34,20.0,2.0944440924963956,-20.33109434005327,22.094444092496396,22.094444092496396,0.0,0.0,0.0,0.0,0.0,False,0.1,-0.09074416756629944,-0.005788837093859911,25.362290276882277,50.154828412920196,187.64935123141552,212.3359868810709,-0.9074416756629944,-0.057888370007276535,-0.03151884113022336,0.001286544816933334,-0.03151884113022347,0.0012865448169332508,0.0277099609375,0.0,-0.387939453125,-0.02651549747710424,0.001655178291095297,-3.830615969130759e-05,5900.528752399105,False,True,True,Omega_safe_one_step_QP,False,0.3602294921875,0.0,3.154508747425241,False,False,False,1.6651452637323474,2.2989436686364522e-06,1.2647561230342865e-05,0.0008782818913313519,0.09495745314774788,4.4446632640258e-06,0.0003639310240307338,0.0,0.0,0.0,0.0,1.6478803024337523e-07,20.0,0.0,-18.430188932788692,20.0,20.0,0.0,0.0,0.0,0.0,0.0,False,30.616327514454497,-0.5215806522881156,-0.04235655210070709,0.11477512140962184
377,38.375523778875504,-2658.4272779472776,7.639584439207005,4.743445229812359,42.45056118956309,23.15640985945496,0.1,0.0,0.0,25.442856119405576,50.17494974124337,183.05303125923052,210.331805068218,0.0,0.0,0.0,0.0,-1.3877787807814457e-16,-1.3877787807814457e-16,0.055419921875,0.0,nan,nan,0.00242057533704283,-7.716320314973346e-05,5710.157559472077,False,True,True,Omega_safe_one_step_QP,False,0.33251953125,0.0,0.0,False,False,False,2.617001228367485,3.335842979848664e-05,0.00018352027897868957,0.0012324594336707059,0.1332501672690565,7.575234580120729e-05,0.00620263609243438,0.0,0.0,0.0,0.0,2.407412430484045e-36,20.0,69.57139004579099,-87.09402514106398,89.57139004579099,89.57139004579099,0.0,0.0,0.0,0.0,0.0,False,0.1,-0.08824321627616882,-0.004682841710746288,25.381277210168307,50.15300556335192,184.49601924438332,211.57418434821622,-0.8824321627616882,-0.046828415244817734,-0.027514181673625168,0.002416422509433344,-0.02751418167362528,0.002416422509433476,0.0277099609375,0.0,-0.387939453125,-0.02205745093342416,0.0024108563614819263,-7.784400356256093e-05,5748.533083250953,False,True,True,Omega_safe_one_step_QP,False,0.3602294921875,0.0,2.7620088539201824,False,False,False,2.4251236094731077,3.1529492584999113e-06,1.7345844244497584e-05,0.0009943502620440464,0.10750645020970367,5.8034309906381767e-05,0.00475187535669831,0.0,0.0,0.0,0.0,1.7313920963330945e-07,20.0,17.104506275489438,-34.791658510566194,37.10450627548944,37.10450627548944,0.0,0.0,0.0,0.0,0.0,False,38.375523778875504,-0.6720571784436619,-0.1174474325296963,0.11286757686531945
378,50.61457463424449,-2607.812703313033,9.433820658223897,3.0239155089260796,40.500787907714454,23.807674885840846,0.1,0.0,0.0,25.469263779709035,50.171626648191726,177.88369788774386,209.0310336020386,0.0,0.0,0.0,0.0,-5.551115123125783e-17,-1.1102230246251565e-16,0.055419921875,0.0,nan,nan,-0.00042598040197938235,-4.013086283238864e-05,5764.053282915883,False,True,True,Omega_safe_one_step_QP,False,0.33251953125,0.0,0.0,False,False,False,2.3475226111484564,1.9994619649861836e-05,0.00010999972715687901,0.0026722007505565622,0.28891108888481026,0.00016920064072264645,0.013854224445582557,0.0,0.0,0.0,0.0,7.703719777548944e-35,20.0,8.904227277230218,-26.859579979139312,28.90422727723022,28.90422727723022,0.0,0.0,0.0,0.0,0.0,False,0.1,-0.08439246565103531,-0.0045088971965014935,25.408986892839838,50.149905563267886,179.7984127243824,210.36028569148024,-0.8439246416091919,-0.04508897289633751,-0.021873022661588637,0.0034063155666644654,-0.021873022661588637,0.0034063155666643613,0.0277099609375,0.0,-0.387939453125,-0.022207201357801583,-0.00042666288303850654,-4.043969629267583e-05,5814.667857550127,False,True,True,Omega_safe_one_step_QP,False,0.3602294921875,0.0,2.2136668812042863,False,False,False,2.094449737977234,1.1918429775279985e-06,6.556884033691936e-06,0.0022067507016755267,0.2385878935127185,0.00014735499488254116,0.012065493153934338,0.0,0.0,0.0,0.0,3.2802563263836134e-07,20.0,0.0,-18.156210533599086,20.0,20.0,0.0,0.0,0.0,0.0,0.0,False,50.61457463424449,-0.878107334369399,-0.20936428060588513,0.110448366978221
379,33.87386091948429,-2573.938842393549,8.320140799408662,4.704518544082211,40.71540029926426,21.617730228364785,0.1,0.0,0.0,25.448707618971447,50.1682502772435,181.97332731753067,209.70477510472463,0.0,0.0,0.0,0.0,-1.3877787807814457e-16,2.7755575615628914e-17,0.055419921875,0.0,nan,nan,0.0016458157339249726,-0.00011945814395447922,5752.398834137009,False,True,True,Omega_safe_one_step_QP,False,0.33251953125,0.0,0.0,False,False,False,2.4057948550428274,2.722812982766718e-05,0.0001497946399823697,0.0016725068872978398,0.1808269030221334,4.539276124416266e-05,0.003716779675274592,0.0,0.0,0.0,0.0,2.619264724366641e-34,20.0,43.80460479600687,-61.58350341830143,63.80460479600687,63.80460479600687,0.0,0.0,0.0,0.0,0.0,False,0.1,-0.08897866308689117,-0.018703309819102287,25.39024516514609,50.14683186515145,183.22522835274913,210.38554055808058,-0.8897866010665894,-0.18703308701515198,-0.026524719805980923,-0.002779502656450286,-0.026524719805980784,-0.002779502656450314,0.0277099609375,0.0,-0.387939453125,-0.08736948272360119,0.001640032622138526,-0.00011991150825472639,5786.272695056493,False,True,True,Omega_safe_one_step_QP,False,0.3602294921875,0.0,2.666995305213347,False,False,False,2.236425550445406,1.8329121054194406e-06,1.008370426791651e-05,0.0011743065350818534,0.12696283378574166,6.378082870007132e-08,5.222402896124333e-06,0.0,0.0,0.0,0.0,5.990263341256366e-07,20.0,7.43919366389921,-25.329746852373045,27.43919366389921,27.43919366389921,0.0,0.0,0.0,0.0,0.0,False,33.87386091948429,-0.588864956971749,-0.2876930813753123,0.10874876625435768
380,39.72537814721727,-2534.2134642463316,9.43006006441017,5.463687048150436,41.864402331937676,25.212232640845677,0.1,0.0,0.0,25.462620855761234,50.16393106202807,179.27883651130193,208.87532262352076,0.0,0.0,0.0,0.0,1.1102230246251565e-16,8.326672684688674e-17,0.055419921875,0.0,nan,nan,0.0008867820335555863,6.543843322835523e-06,5796.158055014609,False,True,True,Omega_safe_one_step_QP,False,0.33251953125,0.0,0.0,False,False,False,2.186998750654825,2.7012699748995362e-05,0.00014860945865407927,0.0007260280704851218,0.07849618347764714,6.879914185752614e-05,0.005633304631038944,0.0,0.0,0.0,0.0,6.548161810916602e-34,20.0,44.95834481999528,-62.8556241669078,64.95834481999529,64.95834481999529,0.0,0.0,0.0,0.0,0.0,False,0.1,-0.08782864362001419,0.0031007544603198767,25.405352419924675,50.1427242295517,180.73097733468717,210.52022247417923,-0.8782864212989807,0.031007543206214905,-0.023747292128791092,0.006955515568094955,-0.023747292128791148,0.0069555155680949485,0.0277099609375,0.0,-0.387939453125,0.014674333127125114,0.0008860765331956255,6.298999290358645e-06,5835.883433161826,False,True,True,Omega_safe_one_step_QP,False,0.3602294921875,0.0,2.47449607045184,False,False,False,1.9883718599187388,1.9175764361176014e-06,1.054948223417964e-05,0.000622128814110312,0.0672628780131096,1.8139218524005676e-06,0.00014852473585545223,0.0,0.0,0.0,0.0,1.0248468433424742e-06,20.0,8.750628666083276,-26.82967978324258,28.750628666083276,28.750628666083276,0.0,0.0,0.0,0.0,0.0,False,39.72537814721727,-0.6853743077770011,-0.35640525142965723,0.10680881008582688
381,40.74315336476229,-2493.4703108815693,12.472688554724176,7.174603958463569,38.66495782241705,25.74678905660882,0.1,0.0,0.0,25.46293291742098,50.16172472978468,179.2407898753662,208.73473263897347,0.0,0.0,0.0,0.0,5.551115123125783e-17,8.326672684688674e-17,0.055419921875,0.0,nan,nan,-0.0011485965262684164,4.548028702384987e-05,6089.847141915329,False,True,True,Omega_safe_one_step_QP,False,0.33251953125,0.0,0.0,False,False,False,0.718553316151224,1.1214193076871173e-05,6.169450583917031e-05,1.4475465060258708e-07,1.5650479747086076e-05,1.97655437550073e-06,0.0001618411598805503,0.0,0.0,0.0,0.0,3.0814879110195774e-35,20.0,0.0,-19.28168586999424,20.0,20.0,0.0,0.0,0.0,0.0,0.0,False,0.1,-0.08472999185323715,-0.001940050395205617,25.407092123588413,50.140737514097914,180.6638552136906,210.14434126072422,-0.8472999334335327,-0.019400503486394882,-0.022769774568706824,0.004795881888502121,-0.022769774568706935,0.00479588188850219,0.0277099609375,0.0,-0.387939453125,-0.009517064647140385,-0.001135742758632298,4.595428302777555e-05,6130.590295280092,False,True,True,Omega_safe_one_step_QP,False,0.3602294921875,0.0,2.326936004702745,False,False,False,0.5148375493274124,1.1217474125580114e-06,6.171255641823069e-06,4.505379127078481e-07,4.871093570241806e-05,1.4128668662841598e-05,0.0011568617348981318,0.0,0.0,0.0,0.0,5.619558210304348e-08,20.0,0.0,-19.486374250794412,20.0,20.0,0.0,0.0,0.0,0.0,0.0,False,40.74315336476229,-0.6690340892850077,-0.41327606172299625,0.10482257430498788
382,21.206592113503575,-2472.2637187680657,11.206975066296062,4.642711881063498,41.211566369673115,25.604089890552967,0.1,0.0,0.0,25.432689420880262,50.16029700741999,185.21723262308345,209.92351619338714,0.0,0.0,0.0,0.0,2.7755575615628914e-17,-6.938893903907228e-17,0.055419921875,0.0,nan,nan,-0.0014525036904215142,3.8780923683155114e-05,6115.075996602887,False,True,True,Omega_safe_one_step_QP,False,0.33251953125,0.0,0.0,False,False,False,0.5924090427134342,3.7366064301662973e-06,2.0556814533542406e-05,0.0035717867916742036,0.38617188885679654,0.00014132063392444108,0.011571396968824622,0.0,0.0,0.0,0.0,2.407412430484045e-34,0.0,0.0,0.19464520007327954,0.0,0.0,0.0,0.0,0.0,0.0,0.0,False,0.1,-0.0876087173819542,-0.016432026401162148,25.378450545807066,50.13954514967164,185.88927872458265,210.62160697869504,-0.8760871291160583,-0.16432026028633118,-0.028635170449955838,-0.002055750040570674,-0.028635170449955713,-0.0020557500405707016,0.0277099609375,0.0,-0.387939453125,-0.07795984634411993,-0.0014470967932753841,3.8893703318720126e-05,6136.282588716391,False,True,True,Omega_safe_one_step_QP,False,0.3602294921875,0.0,2.8708867879582525,False,False,False,0.4863760821459164,7.793287478967368e-06,4.2874508810546725e-05,0.002730505086818347,0.295214795398099,2.2778256555020546e-05,0.00186509387579452,0.0,0.0,0.0,0.0,8.134772893526125e-07,0.0,0.0,0.189252504885923,0.0,0.0,0.0,0.0,0.0,0.0,0.0,False,21.206592113503575,-0.3467919634242402,-0.44795463293049426,0.10366458277983173
383,14.326646920107123,-2457.9370718479586,8.810585711379092,4.297487452085621,44.17691459580985,25.06680522641295,0.1,0.0,0.0,25.40283451305894,50.15966696721222,191.1076854125729,211.13979985876307,0.0,0.0,0.0,0.0,1.0408340855860843e-16,1.3877787807814457e-17,0.26014284641297625,-0.05033574002966734,nan,nan,0.0009901223366184041,1.447268642145328e-07,6016.287243109812,True,True,True,Z_mode_existing_controller,False,0.05060201485354432,0.0,0.0,False,False,False,1.0863528101788098,5.586954145643796e-06,3.073644022346073e-05,0.003469743406520397,0.3751392351491221,0.00014793459546602966,0.012112951109992571,0.0,0.0,0.0,0.0,1.2759285881565437e-34,20.0,0.0,-19.30093011252053,20.0,20.0,0.0,0.0,0.0,0.0,0.0,False,0.1,-0.09265892952680588,-0.0007561863749288023,25.349471454396014,50.13904289770624,191.52079655607858,211.8539016667056,-0.9265892505645752,-0.007561863400042057,-0.03099331047723062,-0.0018732443582624991,-0.03099331047723055,-0.001873244358262638,0.23243288547547625,-0.05033574002966734,-0.32560894130464346,-0.05488990041341565,0.0009863225234200746,1.8856927250145844e-10,6030.613890029919,True,True,True,Z_mode_existing_controller,False,0.07831197579104432,0.0,3.1049868578848496,False,False,False,1.014719575578274,4.035927857462293e-06,2.2203521293227864e-05,0.0031713993086456586,0.3428830814296104,0.00015185501980990654,0.01243395721582067,0.0,0.0,0.0,0.0,5.5941327123105e-08,0.0,0.0,0.6593802774702228,0.0,0.0,0.0,0.0,0.0,0.0,0.0,False,14.326646920107123,-0.23813103233252034,-0.47338246632384506,0.10280450753615251
384,5.4573902173087845,-2452.47968163065,10.189464718241698,6.339267481092319,37.3760353143001,22.937397853605287,0.1,0.0,0.0,25.414492706197166,50.15918048893504,188.81265673045786,210.61604498780795,0.0,0.0,0.0,0.0,6.938893903907228e-18,9.020562075079397e-17,0.055419921875,0.0,nan,nan,0.00049025934194538,-6.948704635865912e-05,6101.450785123809,False,True,True,Omega_safe_one_step_QP,False,0.33251953125,0.0,0.0,False,False,False,0.6605351001088274,5.73321727161878e-06,3.154110188905393e-05,0.0005267156651730658,0.05694706744100082,2.7431916484921058e-05,0.0022461376406815543,0.0,0.0,0.0,0.0,1.5262994809268844e-34,20.0,0.0,-19.398689646074743,20.0,20.0,0.0,0.0,0.0,0.0,0.0,False,0.1,-0.09183210134506226,-0.00025918203755281866,25.361654294476033,50.13863686156644,188.84262631379028,211.28981085436394,-0.9183210134506226,-0.002591820200905204,-0.030747330758717818,-0.0015829450405350845,-0.030747330758717734,-0.0015829450405350567,0.23243288547547625,-0.05033574002966734,-0.32560894130464346,-0.051910727594866354,0.0004916561313033615,-6.955849614746366e-05,6106.908175341117,True,True,True,Z_mode_existing_controller,False,0.07831197579104432,0.0,3.078805066559651,False,False,False,0.6332481490222835,3.28282321918402e-06,1.8060341468761307e-05,0.0007172595846678587,0.07754815860159363,3.181984445682908e-05,0.0026054231535154724,0.0,0.0,0.0,0.0,1.4477971579274308e-09,0.0,0.0,0.5530765054779087,0.0,0.0,0.0,0.0,0.0,0.0,0.0,False,5.4573902173087845,-0.08944414057415108,-0.48806943551639753,0.10231514478144162
385,-1.8614036088729335,-2454.3410852395227,6.393642359819113,5.332842952964124,40.52568573328219,25.06989850848232,0.1,0.0,0.0,25.416756297650384,50.15694646694869,188.39021939074306,210.39177093000717,0.0,0.0,0.0,0.0,-1.3877787807814457e-17,7.632783294297951e-17,0.055419921875,0.0,nan,nan,0.003899086090450514,-4.3547409525108386e-05,5709.678679606708,False,True,True,Omega_safe_one_step_QP,False,0.33251953125,0.0,0.0,False,False,False,2.6193956276943298,3.0584992975660786e-05,0.0001682623096279301,1.7845330598532097e-05,0.0019293886859576349,5.029885300242942e-06,0.0004118492671628235,0.0,0.0,0.0,0.0,6.259272319258517e-36,20.0,72.672697784789,-90.05581165735741,92.672697784789,92.672697784789,0.0,0.0,0.0,0.0,0.0,False,0.1,-0.09056589007377625,-0.00010225956066278741,25.364208175010024,50.136424495165336,188.10842470845762,211.01528884979442,-0.9056589007377625,-0.0010225955629721284,-0.030352591852674762,-0.001475543834089113,-0.030352591852674665,-0.001475543834089231,0.23243288547547625,-0.05033574002966734,-0.32560894130464346,-0.050965835002416006,0.003890015479605022,-4.3575573606684736e-05,5707.817275997835,True,True,True,Z_mode_existing_controller,False,0.07831197579104432,0.0,3.0388436316819236,False,False,False,2.6287026457386946,3.505513901915264e-06,1.9285466765955205e-05,5.3905199727305136e-05,0.005828083816878359,7.5362330992867095e-06,0.0006170701504782887,0.0,0.0,0.0,0.0,1.6735382309009781e-09,20.0,41.42654499468264,-58.804306790051605,61.42654499468264,61.42654499468264,0.0,0.0,0.0,0.0,0.0,False,-1.8614036088729335,0.03260084697097438,-0.48407416434441974,0.10214947825705485
386,20.84293136852557,-2433.498153870997,10.413834083709094,6.823611256157428,42.67025154953564,20.371648461129148,0.1,0.0,0.0,25.469809575746098,50.15517151088182,177.94982456325263,208.05420970432635,0.0,0.0,0.0,0.0,0.0,2.7755575615628914e-17,0.055419921875,0.0,nan,nan,0.0006846525677018361,-0.0001230800258959987,5859.018226668337,False,True,True,Omega_safe_one_step_QP,False,0.33251953125,0.0,0.0,False,False,False,1.8726978923861861,2.7268729542074745e-05,0.0001500179979449459,0.010900184415388876,1.1784983399317328,0.0005464192483806397,0.044741053438804614,0.0,0.0,0.0,0.0,2.5518571763130876e-35,20.0,56.861216919135785,-76.21190843811809,76.86121691913579,76.86121691913579,0.0,0.0,0.0,0.0,0.0,False,0.1,-0.07566644251346588,0.005905961152166128,25.417141208673304,50.1346236209109,178.6005644507178,209.59366918368045,-0.7566643953323364,0.059059612452983856,-0.01844568975648328,0.008126488237258825,-0.018445689756483363,0.0081264882372587,0.0277099609375,0.0,-0.387939453125,0.03244250966254785,0.0006879360440348069,-0.00012335539265745653,5879.861158036862,False,True,True,Omega_safe_one_step_QP,False,0.3602294921875,0.0,2.015646997027861,False,False,False,1.7684832355435582,2.6522306137305017e-06,1.4591157470179379e-05,0.009039940668070835,0.9773738373969301,0.00020210024750819927,0.01654805902346459,0.0,0.0,0.0,0.0,2.33973337427479e-06,20.0,29.439308117055557,-48.664763708823244,49.43930811705556,49.43930811705556,0.0,0.0,0.0,0.0,0.0,False,20.84293136852557,-0.35574102285013137,-0.4838226806002177,0.1010356198874645
387,11.565423061440015,-2421.932730809557,10.128314711196897,2.680144254343007,38.294584861310334,22.56850950208287,0.1,0.0,0.0,25.46601675281135,50.150189678273634,178.75366611091266,207.93386365909325,0.0,0.0,0.0,0.0,-1.1102230246251565e-16,-8.326672684688674e-17,0.055419921875,0.0,nan,nan,-0.001484696619876531,-7.730282171384173e-05,5853.733509674915,False,True,True,Omega_safe_one_step_QP,False,0.33251953125,0.0,0.0,False,False,False,1.8991214773532965,8.370967253781698e-06,4.60525946519577e-05,6.461612337444688e-05,0.006986119796478045,1.4483170603248742e-06,0.0001185888512975443,0.0,0.0,0.0,0.0,2.465190328815662e-34,20.0,0.0,-18.10802928388913,20.0,20.0,0.0,0.0,0.0,0.0,0.0,False,0.1,-0.08838468044996262,-0.001389254699461162,25.414169142060693,50.12973370142032,179.025743432872,209.27669195941868,-0.8838467597961426,-0.01389254629611969,-0.022258919669103983,0.006153308990939146,-0.022258919669103927,0.006153308990939188,0.0277099609375,0.0,-0.387939453125,-0.006533291729685162,-0.0014824002091254772,-7.750117952708043e-05,5865.298932736355,False,True,True,Omega_safe_one_step_QP,False,0.3602294921875,0.0,2.309378090251984,False,False,False,1.8412943620460964,5.383878742593245e-07,2.9619227727348646e-06,1.8077716686567592e-05,0.001954513638759939,1.0047456070069172e-05,0.0008226902150450199,0.0,0.0,0.0,0.0,1.843415870461027e-07,20.0,0.0,-18.16148598807207,20.0,20.0,0.0,0.0,0.0,0.0,0.0,False,11.565423061440015,-0.1975734467980982,-0.4712845214059996,0.10031164216757953
388,-3.756040012934136,-2425.6887708224913,9.77383698203145,4.827662636142204,44.47254742706216,23.464446875661217,0.1,0.0,0.0,25.430363343034685,50.14626105134498,185.82603642579127,209.21293852297762,0.0,0.0,0.0,0.0,8.326672684688674e-17,-1.3877787807814457e-17,0.055419921875,0.0,nan,nan,0.0002549345476671196,-3.210765235498066e-05,5987.524998183569,False,True,True,Omega_safe_one_step_QP,False,0.33251953125,0.0,0.0,False,False,False,1.2301640348100273,6.910428573986458e-06,3.801749025422764e-05,0.00500184218707762,0.5407855949436415,0.00016360325074208328,0.013395907640344845,0.0,0.0,0.0,0.0,4.256305177095791e-34,20.0,0.0,-19.324055485264214,20.0,20.0,0.0,0.0,0.0,0.0,0.0,False,0.1,-0.09061223268508911,-0.0036427397280931473,25.379011951293084,50.12584333446405,185.45936688037688,210.37300204958723,-0.9061223268508911,-0.03642739728093147,-0.029286328549276625,0.004217483342290662,-0.029286328549276736,0.004217483342290544,0.0277099609375,0.0,-0.387939453125,-0.016709693478431015,0.0002551351177180667,-3.2238366097671945e-05,5983.7689581706345,False,True,True,Omega_safe_one_step_QP,False,0.3602294921875,0.0,2.958844716504545,False,False,False,1.248944234874698,9.688628380760104e-07,5.330166300089486e-06,0.004139151066428465,0.4475137735858738,0.00012018958138053602,0.009841176897172876,0.0,0.0,0.0,0.0,5.31318965110976e-07,20.0,0.0,-19.208416577093615,20.0,20.0,0.0,0.0,0.0,0.0,0.0,False,-3.756040012934136,0.06273109530354534,-0.4375370891931114,0.10021867619454419
389,-1.723482016555863,-2427.412252839047,8.739943651557095,5.61449587180772,40.91505597249212,22.277033600083165,0.1,0.0,0.0,25.426665420782765,50.14434451851018,186.57510551179925,209.25714316801412,0.0,0.0,0.0,0.0,6.938893903907228e-17,-1.249000902703301e-16,0.055419921875,0.0,nan,nan,0.0016375209444719927,-9.457601245477947e-05,5902.981668800625,False,True,True,Omega_safe_one_step_QP,False,0.33251953125,0.0,0.0,False,False,False,1.652880681724746,1.3783855692063549e-05,7.58314182439205e-05,5.611044956128276e-05,0.006066509440651132,1.9540506428030733e-07,1.5999854414147764e-05,0.0,0.0,0.0,0.0,1.2518544638517033e-34,20.0,3.608130910978863,-21.96140856996743,23.608130910978865,23.608130910978865,0.0,0.0,0.0,0.0,0.0,False,0.1,-0.09081559628248215,-0.001149511313997209,25.375259741249238,50.12386948544446,186.28879094107907,210.54372110289205,-0.9081559777259827,-0.011495113372802734,-0.030187107905821672,0.005200928460929476,-0.03018710790582159,0.005200928460929344,0.0277099609375,0.0,-0.387939453125,-0.0052611415184124965,0.0016350636747424728,-9.475883915883394e-05,5901.258186784069,False,True,True,Omega_safe_one_step_QP,False,0.3602294921875,0.0,3.063186479098884,False,False,False,1.6614980918075253,8.191298125722811e-08,4.5064150990058463e-07,6.879442724717181e-05,0.00743786666516265,2.9144995161294645e-06,0.00023864052919981052,0.0,0.0,0.0,0.0,1.778567750551843e-08,20.0,0.0,-18.346178883814027,20.0,20.0,0.0,0.0,0.0,0.0,0.0,False,-1.723482016555863,0.029196804483826937,-0.406847679000747,0.1000458859406886
390,9.201375948702662,-2418.2108768903445,8.437129446752696,4.117731206563314,35.28997618654591,28.002495141263523,0.1,0.0,0.0,25.444331552357824,50.14129996314125,183.12578917488167,208.339780451793,0.0,0.0,0.0,0.0,1.3877787807814457e-16,-2.7755575615628914e-17,0.055419921875,0.0,nan,nan,0.0011264352276250055,5.602246542658928e-05,5793.00774250135,False,True,True,Omega_safe_one_step_QP,False,0.33251953125,0.0,0.0,False,False,False,2.2027503132211224,1.7422604483410576e-05,9.58498722705447e-05,0.0011897783192126483,0.1286356010728879,8.41554353112618e-05,0.006890684835106982,0.0,0.0,0.0,0.0,1.4251881588465545e-34,20.0,14.223276977068611,-32.15614879962775,34.22327697706861,34.22327697706861,0.0,0.0,0.0,0.0,0.0,False,0.1,-0.09068242460489273,0.0023124106228351593,25.39289716037025,50.120775861413904,183.3041362138893,209.87714747554512,-0.9068242311477661,0.023124106228351593,-0.02716195627762008,0.007438962507639507,-0.027161956277620233,0.0074389625076394655,0.0277099609375,0.0,-0.387939453125,0.010599100372989764,0.0011231504620261804,5.593207617210692e-05,5802.209118450052,False,True,True,Omega_safe_one_step_QP,False,0.3602294921875,0.0,2.816220928864469,False,False,False,2.156743433477609,5.364161148492609e-07,2.9510752046928537e-06,0.0008908163840536201,0.09631264846391377,4.4432040067445046e-05,0.003638115393892302,0.0,0.0,0.0,0.0,1.4160338767842996e-07,20.0,0.877276004650159,-18.82048642770895,20.87727600465016,20.87727600465016,0.0,0.0,0.0,0.0,0.0,False,9.201375948702662,-0.15883589937564319,-0.3892874466687693,0.0994292545675383
391,16.295329784449677,-2401.915547105895,9.830860688663186,3.574478999770207,38.24300395798107,22.081627103952066,0.1,0.0,0.0,25.451487656122783,50.14073978135067,181.71916475920588,208.0015515967042,0.0,0.0,0.0,0.0,-1.1102230246251565e-16,-1.249000902703301e-16,0.055419921875,0.0,nan,nan,-0.0006448496984200491,-9.554248364018975e-05,5896.44613627322,False,True,True,Omega_safe_one_step_QP,False,0.33251953125,0.0,0.0,False,False,False,1.6855583443617705,7.795273957820284e-06,4.288543735710825e-05,0.00019785922467752666,0.021392002092500934,1.143987584146809e-05,0.0009367021712234188,0.0,0.0,0.0,0.0,7.18371869256439e-34,20.0,0.0,-18.33681324533931,20.0,20.0,0.0,0.0,0.0,0.0,0.0,False,0.1,-0.08702399581670761,-0.016083182767033577,25.400388681950126,50.120235517856244,182.20844427671247,208.79120403934314,-0.8702399730682373,-0.16083182394504547,-0.02491729923853518,-0.00018711144931028711,-0.02491729923853507,-0.0001871114493102316,0.0277099609375,0.0,-0.387939453125,-0.07681749649209015,-0.0006438853115961663,-9.569451859197878e-05,5912.74146605767,False,True,True,Omega_safe_one_step_QP,False,0.3602294921875,0.0,2.49180017665375,False,False,False,1.6040816954395223,5.841135461834985e-07,3.213481018093078e-06,0.00012005408211943317,0.012979921356195911,0.00011792731466301477,0.009655941482422369,0.0,0.0,0.0,0.0,6.319548921998098e-07,20.0,0.0,-18.418558012835007,20.0,20.0,0.0,0.0,0.0,0.0,0.0,False,16.295329784449677,-0.27635849472456897,-0.39578130706633574,0.09852038550006872
392,6.191621531556848,-2395.723925574338,9.785225204776271,5.3410908042911425,40.19282936006639,24.366319631554447,0.1,0.0,0.0,25.43091281759116,50.13693150803635,185.8175690518902,208.65236032026317,0.0,0.0,0.0,0.0,5.551115123125783e-17,6.938893903907228e-17,0.055419921875,0.0,nan,nan,0.0004142360914588788,-2.0718420657471395e-05,5989.523034103974,False,True,True,Omega_safe_one_step_QP,False,0.33251953125,0.0,0.0,False,False,False,1.2201738552079997,7.241964988597256e-06,3.9841426682546236e-05,0.0016796917746293156,0.1816037135301085,4.235519946604705e-05,0.003468062752799582,0.0,0.0,0.0,0.0,6.548161810916602e-34,20.0,0.0,-18.96493776250159,20.0,20.0,0.0,0.0,0.0,0.0,0.0,False,0.1,-0.08999783545732498,-0.00525567727163434,25.380463549703205,50.11651663969848,185.87165845601652,209.860191042266,-0.8999783396720886,-0.05255677178502083,-0.029475863510613015,0.003945219353342119,-0.029475863510613154,0.00394521935334223,0.0277099609375,0.0,-0.387939453125,-0.024273019093801026,0.0004145807801453457,-2.0844874587010566e-05,5995.714655635531,False,True,True,Omega_safe_one_step_QP,False,0.3602294921875,0.0,2.9738716943443992,False,False,False,1.1892157475502154,7.506858237845454e-07,4.129872797925793e-06,0.0013419138123454235,0.14508407747192456,0.00011427332124179838,0.009356750860188287,0.0,0.0,0.0,0.0,3.7856666085217125e-07,20.0,0.0,-18.965229589221355,20.0,20.0,0.0,0.0,0.0,0.0,0.0,False,6.191621531556848,-0.10337420018759653,-0.38883328236400255,0.09802559695406683
393,8.237486701597845,-2387.48643887274,9.674697005785754,5.70990960411551,40.031549239114895,25.390896152280348,0.1,0.0,0.0,25.42962525975387,50.13526587978567,186.08851600690568,208.608879565936,0.0,0.0,0.0,0.0,4.163336342344337e-17,-6.938893903907228e-17,0.055419921875,0.0,nan,nan,0.0007216714173871592,7.954565287965267e-06,5984.946468470182,False,True,True,Omega_safe_one_step_QP,False,0.33251953125,0.0,0.0,False,False,False,1.2430566833769625,8.4986012914923e-06,4.675476901535921e-05,7.341225243216555e-06,0.0007937133384625388,1.890575996859116e-07,1.548012116269219e-05,0.0,0.0,0.0,0.0,1.9451892438311082e-34,20.0,0.0,-18.757799264851677,20.0,20.0,0.0,0.0,0.0,0.0,0.0,False,0.1,-0.08911047875881195,-0.005280714016407728,25.37946151404432,50.11485924621575,186.22991507020154,209.82742680302383,-0.8911047577857971,-0.05280714109539986,-0.029507282646733246,0.00389949716292666,-0.02950728264673312,0.0038994971629266184,0.0277099609375,0.0,-0.387939453125,-0.02463151042754836,0.0007216478610238199,7.852210786292316e-06,5993.183955171779,False,True,True,Omega_safe_one_step_QP,False,0.3602294921875,0.0,2.976383388137125,False,False,False,1.2018692498689734,5.073011951440341e-07,2.7909004536922005e-06,1.283478016073169e-05,0.0013876615785927881,1.073495373118115e-07,8.789828322725833e-06,0.0,0.0,0.0,0.0,3.077680810926502e-11,20.0,0.0,-18.79952999246917,20.0,20.0,0.0,0.0,0.0,0.0,0.0,False,8.237486701597845,-0.13763676492337013,-0.38075397739425215,0.09744990388888657
394,12.188453583102273,-2375.297985289638,9.359765086589293,5.183944435047372,38.046955531776895,26.10880105117351,0.1,0.0,0.0,25.433178306337563,50.134220185816915,185.39790464967265,208.3956708177689,0.0,0.0,0.0,0.0,4.163336342344337e-17,1.1102230246251565e-16,0.055419921875,0.0,nan,nan,0.0007188459148440361,1.8529862000132987e-05,5937.685688291967,False,True,True,Omega_safe_one_step_QP,False,0.33251953125,0.0,0.0,False,False,False,1.4793605842680335,9.625420060023947e-06,5.295392455141303e-05,4.769440467392397e-05,0.005156589520898157,4.545797029499006e-06,0.00037221190216398756,0.0,0.0,0.0,0.0,3.2548216060144285e-34,20.0,0.0,-18.52622117107958,20.0,20.0,0.0,0.0,0.0,0.0,0.0,False,0.1,-0.08756941556930542,-0.01439652033150196,25.38336426394442,50.11383578925251,185.71899465396953,209.2551653656518,-0.8756941556930542,-0.1439651995897293,-0.028457663598656077,0.00018058457330873134,-0.02845766359865602,0.0001805845733088146,0.0277099609375,0.0,-0.387939453125,-0.06833327825046168,0.0007179596668667489,1.843324326302842e-05,5949.87414187507,False,True,True,Omega_safe_one_step_QP,False,0.3602294921875,0.0,2.845823656311796,False,False,False,1.4184183163525221,4.083610912546251e-07,2.2465848016170953e-06,2.610396717226915e-05,0.0028222900462784623,3.274831527030909e-05,0.002681446760673144,0.0,0.0,0.0,0.0,1.4932010995304078e-07,20.0,0.0,-18.58708781635934,20.0,20.0,0.0,0.0,0.0,0.0,0.0,False,12.188453583102273,-0.20527279857766267,-0.3393357551649224,0.09671800443503462
395,16.12733842086618,-2359.1706468687717,10.675718131065265,6.276778293610425,40.72142588788614,24.581011460792304,0.1,0.0,0.0,25.436120932863204,50.13328160642852,184.8263706082547,208.21405593859555,0.0,0.0,0.0,0.0,-2.7755575615628914e-17,-6.938893903907228e-17,0.055419921875,0.0,nan,nan,6.614036345073708e-05,-8.612258675570836e-07,6053.575493125186,False,True,True,Omega_safe_one_step_QP,False,0.33251953125,0.0,0.0,False,False,False,0.8999115601019412,6.8098744980839e-06,3.7464295389434605e-05,3.266511604995326e-05,0.003531663646369045,3.2983964337146266e-06,0.00027007418120890886,0.0,0.0,0.0,0.0,3.7363040921112375e-34,20.0,0.0,-19.103927642021027,20.0,20.0,0.0,0.0,0.0,0.0,0.0,False,0.1,-0.08556540310382843,-0.015770113095641136,25.386787887959866,50.112958325566865,185.30313325383804,209.0260654198626,-0.8556540012359619,-0.15770111978054047,-0.027356346243179702,-0.00038367243152911956,-0.027356346243179674,-0.0003836724315291751,0.0277099609375,0.0,-0.387939453125,-0.07660617527797652,6.931970431564983e-05,-8.77483137094715e-07,6069.702831546052,False,True,True,Omega_safe_one_step_QP,False,0.3602294921875,0.0,2.7359036611537584,False,False,False,0.8192748679976103,8.790094447672519e-07,4.8358408804933454e-06,1.7294070411932338e-05,0.0018697879315097482,5.24867851606215e-06,0.00042976415392793237,0.0,0.0,0.0,0.0,1.5312858849821542e-08,20.0,0.0,-19.183029535241566,20.0,20.0,0.0,0.0,0.0,0.0,0.0,False,16.12733842086618,-0.26641013132125607,-0.3115905331601386,0.09582512687206739
396,14.908606891021009,-2344.2620399777506,12.060605946416578,5.49484392500645,36.30266288620528,25.03864818086185,0.1,0.0,0.0,25.428803105766484,50.13186902806568,186.28313562678912,208.4384035554258,0.0,0.0,0.0,0.0,4.163336342344337e-17,-1.3877787807814457e-17,0.055419921875,0.0,nan,nan,-0.001939548603755147,1.0980950362965956e-05,6228.706021396072,False,True,True,Omega_safe_one_step_QP,False,0.33251953125,0.0,0.0,False,False,False,0.024258918747509597,1.1796474648061821e-07,6.489790830848874e-07,0.00021221643192255663,0.02294426435335187,5.0331853177409805e-06,0.0004121194740775072,0.0,0.0,0.0,0.0,7.896312771987668e-35,0.0,0.0,0.0009018859409971342,0.0,0.0,0.0,0.0,0.0,0.0,0.0,False,0.1,-0.08408866822719574,-0.0076490528881549835,25.38013627079546,50.11163444086037,186.69002960325187,209.56042820386995,-0.840886652469635,-0.07649052888154984,-0.028114161708454176,0.002694867913877505,-0.0281141617084543,0.0026948679138774634,0.0277099609375,0.0,-0.387939453125,-0.03780918901586841,-0.0019320780919889263,1.1067121252877335e-05,6243.614628287093,False,True,True,Omega_safe_one_step_QP,False,0.3602294921875,0.0,2.824302394649635,False,False,False,-0.050284115707595445,9.662213780441398e-06,5.315634396612963e-05,0.0001923481484017412,0.02079615949069312,2.8554358493209288e-05,0.0023380436963770885,0.0,0.0,0.0,0.0,1.0051694937705822e-07,0.0,0.0,-0.07347157575558116,0.0,0.0,0.0,0.0,0.0,0.0,0.0,False,14.908606891021009,-0.23935319534761837,-0.2973967022079945,0.09497927087527143
397,9.276900430106252,-2334.9851395476444,11.439740474279438,5.728483676682818,36.71966090128597,23.473994770515603,0.1,0.0,0.0,25.39260901899697,50.13092322552242,193.42700612305197,209.90427096135312,0.0,0.0,0.0,0.0,-7.806255641895632e-17,-1.3877787807814457e-17,0.26014284641297625,-0.05033574002966734,nan,nan,-0.0011286654461688474,-4.000354184854866e-05,6343.1995421728325,True,True,True,Z_mode_existing_controller,False,0.05060201485354432,0.0,0.0,False,False,False,-0.548208685136292,1.1334743035676898e-06,6.235770738086578e-06,0.005103488566737481,0.5517753254953649,0.000214876725176011,0.017594202752459022,0.0,0.0,0.0,0.0,1.4327113226918172e-34,0.0,0.0,-1.1175844491548539,0.0,0.0,0.0,0.0,0.0,0.0,0.0,False,0.1,-0.09068094938993454,-0.0012522967299446464,25.34461364740758,50.11075908249174,193.62174411017722,210.54534633862647,-0.9068094491958618,-0.012522966600954533,-0.0302592822866272,-0.0021191147813306027,-0.030259282286627193,-0.0021191147813306513,0.23243288547547625,-0.05033574002966734,-0.32560894130464346,-0.05804225346551642,-0.0011242481894532248,-3.9990902845722285e-05,6352.476442602939,True,True,True,Z_mode_existing_controller,False,0.07831197579104432,0.0,3.0333394336246586,False,False,False,-0.5945931872868232,1.8236532858326873e-05,0.00010032767183532178,0.004804866600551929,0.5194891294086293,9.70063732172275e-05,0.007942925401839445,0.0,0.0,0.0,0.0,2.777597168466399e-07,0.0,0.0,-1.1221258475288443,0.0,0.0,0.0,0.0,0.0,0.0,0.0,False,9.276900430106252,-0.14624954438889518,-0.2714003172973983,0.09436090497304307
398,-2.7357714406034574,-2337.720910988248,12.361571949830084,6.949924104585624,38.48349715653954,24.001923601988935,0.1,0.0,0.0,25.374489486982938,50.13006942104961,197.00662065210454,210.61415885912936,0.0,0.0,0.0,0.0,6.938893903907228e-17,-1.1102230246251565e-16,0.26014284641297625,-0.05033574002966734,nan,nan,-0.001153512217192531,-3.4044142346196246e-06,6526.5204749658105,True,True,True,Z_mode_existing_controller,False,0.05060201485354432,0.0,0.0,False,False,False,-1.464813349101182,4.357808964619546e-06,2.3974339372505336e-05,0.0012813640176604303,0.13853759809138044,5.039408274091708e-05,0.004126290125380581,0.0,0.0,0.0,0.0,3.1179000240306485e-34,0.0,0.0,-1.6075012116573155,0.0,0.0,0.0,0.0,0.0,0.0,0.0,False,0.1,-0.09336770325899124,-0.0002451383334118873,25.32694544730878,50.10995380281142,196.71116209678104,211.23830792490384,-0.9336770176887512,-0.002451383275911212,-0.03118737378254168,-0.0015991592695904153,-0.03118737378254157,-0.0015991592695902904,0.23243288547547625,-0.05033574002966734,-0.32560894130464346,-0.05180088738379625,-0.0011479324614177408,-3.4762555351200604e-06,6523.784703525207,True,True,True,Z_mode_existing_controller,False,0.07831197579104432,0.0,3.1228345998811466,False,False,False,-1.451134491898165,2.793310408741958e-05,0.00015367303214903054,0.0009544503495951201,0.103192580022508,4.801957600560393e-05,0.0039318644475694635,0.0,0.0,0.0,0.0,1.1317075589777684e-08,20.0,0.0,-21.558412620717466,20.0,20.0,0.0,0.0,0.0,0.0,0.0,False,-2.7357714406034574,0.041917763854372785,-0.2251932830814746,0.0942229509274592
399,-39.75601488985194,-2377.4769258781,10.371826038265521,6.622177760523661,41.76083314805421,22.43929035803698,0.1,0.0,0.0,25.358960409461215,50.13050568776189,200.06038134202842,211.28590943566203,0.0,0.0,0.0,0.0,1.1102230246251565e-16,1.1102230246251565e-16,0.26014284641297625,-0.05033574002966734,nan,nan,0.0005962130996396901,-6.456951566920249e-05,6393.313092401224,True,True,True,Z_mode_existing_controller,False,0.05060201485354432,0.0,0.0,False,False,False,-0.7987764362782491,1.4753080085262956e-06,8.11635736273545e-06,0.0009325454351324352,0.10082428015281264,4.512488370719792e-05,0.0036948457422517093,0.0,0.0,0.0,0.0,5.103714352626175e-34,0.0,0.0,-0.9033036785306763,0.0,0.0,0.0,0.0,0.0,0.0,0.0,False,0.1,-0.09332603961229324,-0.01589205116033554,25.31148649219868,50.110358961032546,198.21645838352816,211.74903950715216,-0.9332603812217712,-0.1589205116033554,-0.04338489633927063,-0.0026250659263395287,-0.04338489633927074,-0.0026250659263394455,0.0277099609375,0.0,-0.387939453125,-0.07077897851967392,0.0005962355035956371,-6.470576247459222e-05,6353.557077511372,False,True,True,Omega_safe_one_step_QP,False,0.3602294921875,0.0,4.346424049131542,False,False,False,-0.5999963618289894,2.025773221883001e-05,0.00011144723210095254,0.00022659169108946829,0.024498478338977305,2.608467491058784e-05,0.0021358248955671427,0.0,0.0,0.0,0.0,1.498320409902792e-06,0.0,0.0,-0.6267436106160448,0.0,0.0,0.0,0.0,0.0,0.0,0.0,False,-39.75601488985194,0.6218374466456832,-0.16293254870434146,0.09557904262611173
400,-1.6506219969869562,-2379.1275478750867,9.92374536657412,6.834814086114552,35.89594641465352,26.034332546403327,0.1,0.0,0.0,25.37220162465985,50.13019181187291,197.45126237498926,210.7050257744927,0.0,0.0,0.0,0.0,1.0755285551056204e-16,-9.020562075079397e-17,0.26014284641297625,-0.05033574002966734,nan,nan,0.000984415694032898,1.4604823384343493e-05,6284.2752247921535,True,True,True,Z_mode_existing_controller,False,0.05060201485354432,0.0,0.0,False,False,False,-0.253587098232897,9.525637388594193e-08,5.240497354236829e-07,0.0006807501784163523,0.07360086073766492,3.374258278134942e-05,0.0027628578309744855,0.0,0.0,0.0,0.0,4.050471414289405e-34,0.0,0.0,-0.3299513408512718,0.0,0.0,0.0,0.0,0.0,0.0,0.0,False,0.1,-0.09430914372205734,-5.8311970860813744e-06,25.323460392417736,50.109770182927484,197.19218238976933,211.34744800171364,-0.9430913925170898,-5.831196904182434e-05,-0.03151983840157656,-0.0014803610902484332,-0.03151983840157654,-0.001480361090248461,0.23243288547547625,-0.05033574002966734,-0.32560894130464346,-0.050370244126998795,0.0009841651733850966,1.4583987606196238e-05,6282.6246027951665,True,True,True,Z_mode_existing_controller,False,0.07831197579104432,0.0,3.155458258033233,False,False,False,-0.24533398824796224,1.145827925780152e-05,6.303733774971822e-05,0.00010491413113906482,0.01134303096819275,1.6127573724037486e-05,0.0013205329789604612,0.0,0.0,0.0,0.0,1.4208994902661033e-06,0.0,0.0,-0.2580620104323554,0.0,0.0,0.0,0.0,0.0,0.0,0.0,False,-1.6506219969869562,0.0262659087634334,-0.12809946244452736,0.09540437143531193
401,-7.810930728410312,-2386.938478603497,8.177785740593201,5.386764661330781,40.04342299412809,27.2395853879439,0.1,0.0,0.0,25.389108936081406,50.13105730988583,194.1055425782853,210.03462767308733,0.0,0.0,0.0,0.0,2.688821387764051e-17,9.71445146547012e-17,0.26014284641297625,-0.05033574002966734,nan,nan,0.0020692087153445196,4.230606358026934e-05,6023.765191311622,True,True,True,Z_mode_existing_controller,False,0.05060201485354432,0.0,0.0,False,False,False,1.0489630691697585,3.993568441623e-06,2.197048239244141e-05,0.0011193840958056696,0.12102476879111607,4.4943361436792225e-05,0.0036799826172343843,0.0,0.0,0.0,0.0,4.160685764622504e-34,20.0,0.0,-19.075763652720983,20.0,20.0,0.0,0.0,0.0,0.0,0.0,False,0.1,-0.09267033636569977,-0.0003188443079125136,25.340384878062167,50.11061157822882,193.57820737457692,210.60611608315398,-0.9267033338546753,-0.0031884429045021534,-0.031004325885311303,-0.0016293678506706377,-0.031004325885311303,-0.0016293678506705822,0.23243288547547625,-0.05033574002966734,-0.32560894130464346,-0.0522557552904709,0.002065158201549726,4.236878639631784e-05,6015.954260583212,True,True,True,Z_mode_existing_controller,False,0.07831197579104432,0.0,3.104711038398559,False,False,False,1.08801772281181,2.142775012633262e-06,1.1788404624634384e-05,0.0013060815410434973,0.14120998960000877,5.495730134753557e-05,0.004499928514102648,0.0,0.0,0.0,0.0,2.8795616907760925e-09,20.0,0.0,-19.05770398658649,20.0,20.0,0.0,0.0,0.0,0.0,0.0,False,-7.810930728410312,0.12966857904216467,-0.08804231618508455,0.09548693938017026
402,-11.35131001913669,-2398.2897886226338,11.321887698806032,4.474103298207802,37.90577744366378,28.549902877338713,0.1,0.0,0.0,25.419518483522832,50.131955353478034,188.09764227533734,208.79750138713396,0.0,0.0,0.0,0.0,4.163336342344337e-17,-5.551115123125783e-17,0.055419921875,0.0,nan,nan,-0.001771727380062225,0.00011506481850234517,6199.621404483046,False,True,True,Omega_safe_one_step_QP,False,0.33251953125,0.0,0.0,False,False,False,0.16968200331264144,2.0668659213634587e-07,1.1370793313460345e-06,0.0036094866050162353,0.39024789030284507,0.00015304814473967692,0.012531650820868859,0.0,0.0,0.0,0.0,2.3521171762213647e-34,0.0,0.0,-0.23309867489040384,0.0,0.0,0.0,0.0,0.0,0.0,0.0,False,0.1,-0.08713524788618088,-0.0013747122138738632,25.370537384423855,50.11144642087269,187.42601528971417,210.0221107615002,-0.87135249376297,-0.013747122138738632,-0.02993249767884848,0.005344179393927145,-0.029932497678848452,0.005344179393927104,0.0277099609375,0.0,-0.387939453125,-0.006557602578323,-0.0017679826199675027,0.00011501232635649267,6188.270094463909,False,True,True,Omega_safe_one_step_QP,False,0.3602294921875,0.0,3.040583283991307,False,False,False,0.2264385534083249,1.2343752519607498e-05,6.790873910213366e-05,0.003784946744904784,0.4092181641718737,3.4106221571994796e-05,0.0027926327384524036,0.0,0.0,0.0,0.0,4.977917687680534e-07,0.0,0.0,-0.1856406500328721,0.0,0.0,0.0,0.0,0.0,0.0,0.0,False,-11.35131001913669,0.18309682605664235,-0.06109243169922203,0.09570368247891158
403,-9.954212702286895,-2408.2440013249206,8.194152137918495,6.160026007416987,40.102901181863054,26.012088956964682,0.1,0.0,0.0,25.387342432081862,50.13337369595724,194.4215960312809,210.22418998987445,0.0,0.0,0.0,0.0,-3.0357660829594124e-17,-2.7755575615628914e-17,0.26014284641297625,-0.05033574002966734,nan,nan,0.002404895784171892,5.748822085122984e-06,6032.539168458261,True,True,True,Z_mode_existing_controller,False,0.05060201485354432,0.0,0.0,False,False,False,1.0050931834365655,5.036513750004693e-06,2.7708210909939164e-05,0.00399923911073127,0.43238687286179434,0.00020354403691895935,0.016666277148782528,0.0,0.0,0.0,0.0,5.953079550756327e-35,20.0,0.0,-19.44398767478492,20.0,20.0,0.0,0.0,0.0,0.0,0.0,False,0.1,-0.09407996386289597,-0.0005954433581791818,25.338105480129027,50.112757768956214,193.8004684199073,210.76694837162324,-0.9407995939254761,-0.00595443369820714,-0.03149165892034134,-0.0018057998322915658,-0.03149165892034145,-0.0018057998322917115,0.23243288547547625,-0.05033574002966734,-0.32560894130464346,-0.05386765358170313,0.002400953091008215,5.816199028614946e-06,6022.584955755974,True,True,True,Z_mode_existing_controller,False,0.07831197579104432,0.0,3.1543390664122137,False,False,False,1.054864246948,1.580099369431219e-06,8.69286350837845e-06,0.004063365270902902,0.4393200191672615,5.547830654538264e-05,0.004542588653671034,0.0,0.0,0.0,0.0,5.35531867123346e-07,20.0,0.0,-19.389007589268306,20.0,20.0,0.0,0.0,0.0,0.0,0.0,False,-9.954212702286895,0.16500867088163307,-0.04103422779479369,0.09587011853755747
404,-10.970471625179925,-2419.2144729501006,9.85309907667486,5.619115423158493,39.52460712328815,28.10314330600823,0.1,0.0,0.0,25.423041896600218,50.13358408478902,187.37894667733664,208.72652294127437,0.0,0.0,0.0,0.0,8.326672684688674e-17,2.7755575615628914e-17,0.055419921875,0.0,nan,nan,0.0004792365132699574,8.962606463793057e-05,6033.836267123218,False,True,True,Omega_safe_one_step_QP,False,0.33251953125,0.0,0.0,False,False,False,0.9986076901117804,5.3670743296876935e-06,2.9526778815240683e-05,0.004959890992261145,0.5362499456770503,0.000224300658846247,0.018365838673399467,0.0,0.0,0.0,0.0,1.5991989385874793e-34,20.0,0.0,-19.556037621017484,20.0,20.0,0.0,0.0,0.0,0.0,0.0,False,0.1,-0.08798599988222122,-0.0018064866308122873,25.373475853354503,50.11289123837802,186.70957043760473,209.93650368924182,-0.879859983921051,-0.018064865842461586,-0.029561754664110193,0.005293316878238544,-0.02956175466411015,0.005293316878238502,0.0277099609375,0.0,-0.387939453125,-0.008533915743572627,0.00047975388279490865,8.964001123110805e-05,6022.865795498038,False,True,True,Omega_safe_one_step_QP,False,0.3602294921875,0.0,3.003192538607023,False,False,False,1.05346004823768,1.440389203339753e-06,7.92425273106818e-06,0.005028083419542278,0.5436227257405941,6.896383704955875e-05,0.005646789947322517,0.0,0.0,0.0,0.0,5.412198850794899e-07,20.0,0.0,-19.495817932922854,20.0,20.0,0.0,0.0,0.0,0.0,0.0,False,-10.970471625179925,0.18181586538824612,-0.02748420832611144,0.09607606709567204
405,-4.612247142585147,-2423.8267200926857,10.641083142692846,5.091581544037191,35.48530384561721,21.576691336239513,0.1,0.0,0.0,25.424031147583978,50.13437824606177,187.17211792380604,208.72245077775446,0.0,0.0,0.0,0.0,8.326672684688674e-17,-1.3877787807814457e-17,0.055419921875,0.0,nan,nan,-0.000739630618559095,-0.00011220369560896356,6109.1167627136365,False,True,True,Omega_safe_one_step_QP,False,0.33251953125,0.0,0.0,False,False,False,0.622205212159688,1.3124884890716507e-06,7.220611255559622e-06,4.27781332870222e-06,0.0004625055608505087,1.6582515732866989e-09,1.357783834944983e-07,0.0,0.0,0.0,0.0,1.7333369499485122e-35,0.0,0.0,0.6217353502091985,0.0,0.0,0.0,0.0,0.0,0.0,0.0,False,0.1,-0.08640233427286148,-0.0024684385862201452,25.374165237241105,50.11358088471059,186.77308437608596,209.92698561448972,-0.8640233278274536,-0.02468438446521759,-0.029039417102051983,0.004882079269113063,-0.02903941710205204,0.004882079269113035,0.0277099609375,0.0,-0.387939453125,-0.011874737652011932,-0.0007369706167572622,-0.00011242371303106676,6104.504515571051,False,True,True,Omega_safe_one_step_QP,False,0.3602294921875,0.0,2.944694285688849,False,False,False,0.6452664478726138,5.487751865686366e-06,3.0190682218569994e-05,4.034020381398257e-07,4.36147329399015e-05,9.05937469864532e-09,7.417856686334952e-07,0.0,0.0,0.0,0.0,4.419528998960436e-09,0.0,0.0,0.6451918962522577,0.0,0.0,0.0,0.0,0.0,0.0,0.0,False,-4.612247142585147,0.07549777360183262,-0.025128491172893643,0.09602626171817034
406,-5.701171789941327,-2429.527891882627,10.610737055010576,5.082946089693395,38.13122886198214,23.045047886792585,0.1,0.0,0.0,25.4065640169793,50.13110183965711,190.65163030074498,209.2716822185896,0.0,0.0,0.0,0.0,9.020562075079397e-17,1.249000902703301e-16,0.26014284641297625,-0.05033574002966734,nan,nan,-0.0006381580431479004,-5.7691241204601825e-05,6190.413033419202,True,True,True,Z_mode_existing_controller,False,0.05060201485354432,0.0,0.0,False,False,False,0.215723858631859,1.0447492506276832e-07,5.7476528450589e-07,0.0012107006381271285,0.13089766538011435,3.0165517560184756e-05,0.0024699661243069134,0.0,0.0,0.0,0.0,1.930744769248204e-34,0.0,0.0,0.08235565236215323,0.0,0.0,0.0,0.0,0.0,0.0,0.0,False,0.1,-0.0925588458776474,-0.0007344270125031471,25.356650651709938,50.110238781236255,190.2230325912643,209.8286836779854,-0.9255884289741516,-0.007344270125031471,-0.030982761517029903,-0.001859534174282848,-0.030982761517029923,-0.0018595341742827093,0.23243288547547625,-0.05033574002966734,-0.32560894130464346,-0.05476363655114824,-0.0006360966283609111,-5.77787454906953e-05,6184.711861629261,True,True,True,Z_mode_existing_controller,False,0.07831197579104432,0.0,3.1038514438782068,False,False,False,0.24422971758156564,1.0280907610793104e-05,5.6560067253899316e-05,0.0011902142687412302,0.12868273475211287,9.663270720500858e-07,7.912329460956145e-05,0.0,0.0,0.0,0.0,4.922593933539996e-07,0.0,0.0,0.11541080720819595,0.0,0.0,0.0,0.0,0.0,0.0,0.0,False,-5.701171789941327,0.09209679158988769,-0.0032606009624345116,0.09601664829032927
407,-11.924847323352878,-2441.45273920598,9.823751645576975,3.7536540320873106,40.34330162696329,28.55530010925523,0.1,0.0,0.0,25.39350652590447,50.12946440424701,193.24255398066805,209.72536231762268,0.0,0.0,0.0,0.0,-2.42861286636753e-17,1.3877787807814457e-16,0.26014284641297625,-0.05033574002966734,nan,nan,-0.00048755369507740834,0.00010585858129569234,6172.755265166996,True,True,True,Z_mode_existing_controller,False,0.05060201485354432,0.0,0.0,False,False,False,0.30401269989289176,2.233823706503791e-07,1.2289305950047573e-06,0.000671288551518608,0.07257789533018955,2.058256322586643e-05,0.0016853095199797373,0.0,0.0,0.0,0.0,1.3300953678424348e-34,0.0,0.0,0.22974826611212745,0.0,0.0,0.0,0.0,0.0,0.0,0.0,False,0.1,-0.09191873669624329,-0.0008797366172075272,25.343513126803156,50.10855211150011,192.5490352453844,210.2248692356594,-0.9191873669624329,-0.008797366172075272,-0.03079873658245446,-0.0019305973688526629,-0.03079873658245435,-0.0019305973688527739,0.23243288547547625,-0.05033574002966734,-0.32560894130464346,-0.05567665143246642,-0.00048773062481093305,0.00010587996240524742,6160.830417843643,True,True,True,Z_mode_existing_controller,False,0.07831197579104432,0.0,3.0859186335288245,False,False,False,0.3636369365096562,1.4198148394134571e-05,7.811063560283701e-05,0.0005410288346973696,0.058494568463069704,1.569629961094713e-05,0.0012852200609076419,0.0,0.0,0.0,0.0,3.891515416804736e-10,0.0,0.0,0.30377903696092445,0.0,0.0,0.0,0.0,0.0,0.0,0.0,False,-11.924847323352878,0.19318516304453337,0.015989030455086692,0.09625311559286755
408,-19.571805195771958,-2461.024544401752,11.165071638437869,6.629272316076855,38.20447172385932,26.720889524842832,0.1,0.0,0.0,25.38485586689678,50.13150455266378,194.92145652697954,210.19570018779382,0.0,0.0,0.0,0.0,1.0668549377257364e-16,3.469446951953614e-17,0.26014284641297625,-0.05033574002966734,nan,nan,-0.00025067850495771475,6.0419707905844165e-05,6350.787518641652,True,True,True,Z_mode_existing_controller,False,0.05060201485354432,0.0,0.0,False,False,False,-0.5861485674803908,5.04508023581076e-07,2.775533914332705e-06,0.0002818713760011208,0.030475167761622048,2.2121771211712026e-05,0.0018113405610754568,0.0,0.0,0.0,0.0,2.7986921820761547e-34,0.0,0.0,-0.6184378513370027,0.0,0.0,0.0,0.0,0.0,0.0,0.0,False,0.1,-0.09419593960046768,-0.0004590961616486311,25.334534754625533,50.11050464017661,193.92322546440428,210.6745595878517,-0.9419593811035156,-0.004590961616486311,-0.03159185283589505,-0.0017315288514476446,-0.031591852835895086,-0.0017315288514477417,0.23243288547547625,-0.05033574002966734,-0.32560894130464346,-0.053055547930101206,-0.00024820475287774075,6.0294106712354355e-05,6331.21571344588,True,True,True,Z_mode_existing_controller,False,0.07831197579104432,0.0,3.1639269235686487,False,False,False,-0.4882895415015309,1.6286275272431656e-05,8.959839535540686e-05,0.00018883987580499057,0.020416854584120937,2.0222141285481457e-05,0.0016557980096457371,0.0,0.0,0.0,0.0,6.686616660937091e-09,0.0,0.0,-0.5104517991772697,0.0,0.0,0.0,0.0,0.0,0.0,0.0,False,-19.571805195771958,0.3081791846809906,0.02885801137899937,0.09678240405368793
409,-25.354071609225684,-2486.3786160109776,12.082721377059368,5.973663049511057,37.20946277931708,21.32710192224923,0.1,0.0,0.0,25.38114089121962,50.13289154224309,195.63503608415314,210.42230706161152,0.0,0.0,0.0,0.0,4.5102810375396984e-17,1.0408340855860843e-16,0.26014284641297625,-0.05033574002966734,nan,nan,-0.0015904401712732463,-9.36295654875361e-05,6464.05918718558,True,True,True,Z_mode_existing_controller,False,0.05060201485354432,0.0,0.0,False,False,False,-1.1525069102000316,4.674532111230019e-06,2.5716781105407262e-05,5.0919578441607464e-05,0.005505286550816321,5.135067526143154e-06,0.00042046163505388937,0.0,0.0,0.0,0.0,8.607251755364986e-35,0.0,0.0,-1.158458375167007,0.0,0.0,0.0,0.0,0.0,0.0,0.0,False,0.1,-0.09511033445596695,-0.00035528335138224065,25.33028646584392,50.11175322933189,194.41299715653483,210.86989111061317,-0.9511033296585083,-0.0035528335720300674,-0.031929521174233505,-0.0016879185743559968,-0.03192952117423337,-0.0016879185743559275,0.23243288547547625,-0.05033574002966734,-0.32560894130464346,-0.05242029762862835,-0.0015864728284347871,-9.397015339960549e-05,6438.705115576355,True,True,True,Z_mode_existing_controller,False,0.07831197579104432,0.0,3.197410501530072,False,False,False,-1.0257365521539032,3.1646684223055975e-05,0.0001741031682980836,2.398763104124183e-05,0.0025934775306267017,3.81544037843178e-06,0.0003124099715921309,0.0,0.0,0.0,0.0,1.1592176298416483e-09,20.0,0.0,-21.028816543983638,20.0,20.0,0.0,0.0,0.0,0.0,0.0,False,-25.354071609225684,0.39223142726613436,0.04793697867309708,0.09753154880606617
410,-56.841621571151336,-2543.220237582129,11.505086330533487,5.814837208706944,41.05078380776999,24.75616000063148,0.1,0.0,0.0,25.35791559669991,50.131304959586295,200.22982041664787,211.30691130324337,0.0,0.0,0.0,0.0,1.1796119636642288e-16,4.85722573273506e-17,0.26014284641297625,-0.05033574002966734,nan,nan,-0.0010006664516970802,1.9415831857682404e-05,6516.988956057698,True,True,True,Z_mode_existing_controller,False,0.05060201485354432,0.0,0.0,False,False,False,-1.4171557545606175,8.235737886549681e-06,4.530863483878756e-05,0.0021112043062139004,0.22825767668821992,7.825246643130575e-05,0.0064073470923601585,0.0,0.0,0.0,0.0,8.389832320236896e-35,20.0,0.0,-21.651866086976035,20.0,20.0,0.0,0.0,0.0,0.0,0.0,False,0.1,-0.09432491660118103,-0.016264187172055244,25.306371277981437,50.1099894375719,197.70636633423396,211.62984508750674,-0.9432491660118103,-0.16264186799526215,-0.043366356074654194,-0.0026246738451928472,-0.0433663560746542,-0.002624673845192785,0.0277099609375,0.0,-0.387939453125,-0.07166929070131771,-0.0009998656812469113,1.8942919090102293e-05,6460.147334486546,False,True,True,Omega_safe_one_step_QP,False,0.3602294921875,0.0,4.34457103980051,False,False,False,-1.1329476467048607,4.144232974942145e-05,0.0002279935825242502,0.001084628054061867,0.11726703993656182,5.7753004699635254e-05,0.00472884196004371,0.0,0.0,0.0,0.0,1.3167870297692454e-06,20.0,0.0,-21.25517283897102,20.0,20.0,0.0,0.0,0.0,0.0,0.0,False,-56.841621571151336,0.8722068113728455,0.1010323004542442,0.09950686092534088
411,-49.090389604257325,-2592.3106271863862,9.987761680525185,4.004676826886466,41.58882098245699,26.70828149209143,0.1,0.0,0.0,25.34734185091401,50.13269684969103,202.2954655321424,211.82258465273503,0.0,0.0,0.0,0.0,1.3877787807814457e-16,2.7755575615628914e-17,0.055419921875,0.0,nan,nan,-0.0004990073675650891,5.735505400471046e-05,6407.610036740628,False,True,True,Omega_safe_one_step_QP,False,0.33251953125,0.0,0.0,False,False,False,-0.8702611579752693,8.863797902062243e-06,4.87638858790345e-05,0.0004266889743166423,0.046132453244498335,2.6591900337595148e-05,0.0021773567413110647,0.0,0.0,0.0,0.0,8.666684749742561e-36,20.0,0.0,-20.918619731846956,20.0,20.0,0.0,0.0,0.0,0.0,0.0,False,0.1,-0.09455227106809616,-0.030414804816246033,25.29400917329761,50.1109977536652,200.0481173699172,211.5875428266275,-0.9455227255821228,-0.3041480481624603,-0.04592719539821754,-0.009065388203990186,-0.045927195398217505,-0.009065388203990304,0.0277099609375,0.0,-0.387939453125,-0.13370271975374684,-0.0004995454406311935,5.735817389560492e-05,6358.519647136371,False,True,True,Omega_safe_one_step_QP,False,0.3602294921875,0.0,4.68133372067737,False,False,False,-0.6248092099539826,4.3834304205042186e-05,0.00024115294949857139,0.0005483797913123551,0.05928933393102271,1.789481275495227e-07,1.4652353044287253e-05,0.0,0.0,0.0,0.0,4.80406994927287e-07,20.0,0.0,-20.684354829594543,20.0,20.0,0.0,0.0,0.0,0.0,0.0,False,-49.090389604257325,0.7661263610422246,0.15324381705138865,0.10117393808398767
412,-39.37445007425322,-2631.6850772606394,9.628837136470413,4.928467973011179,39.977074163024064,25.145103658755637,0.1,0.0,0.0,25.34599733175727,50.13516483834789,202.52902274421692,212.00882608809832,0.0,0.0,0.0,0.0,1.249000902703301e-16,-8.326672684688674e-17,0.055419921875,0.0,nan,nan,0.0003423266915885408,-1.178559436615747e-06,6375.055730813911,False,True,True,Omega_safe_one_step_QP,False,0.33251953125,0.0,0.0,False,False,False,-0.7074896283416865,5.036561203519496e-06,2.7708471973853974e-05,5.454897131202022e-06,0.0005897686652479089,3.4685872246176945e-06,0.00028400947959591273,0.0,0.0,0.0,0.0,1.2518544638517033e-34,0.0,0.0,-0.7083911149585043,0.0,0.0,0.0,0.0,0.0,0.0,0.0,False,0.1,-0.09499316662549973,-0.03358490392565727,25.291087079576208,50.11315262846809,200.6782144810178,211.69882776825844,-0.9499316215515137,-0.3358490467071533,-0.04682520728446274,-0.010619725347341798,-0.04682520728446266,-0.010619725347341798,0.0277099609375,0.0,-0.387939453125,-0.14695315604204245,0.000341206509406871,-1.0881203182022334e-06,6335.681280739658,False,True,True,Omega_safe_one_step_QP,False,0.3602294921875,0.0,4.801435830755071,False,False,False,-0.5106173779704204,3.526540435666399e-05,0.00019401143533814892,3.9702236941729936e-05,0.004292498048138371,1.2384338233802077e-06,0.0001014035176039018,0.0,0.0,0.0,0.0,3.2223893030396664e-08,20.0,0.0,-20.515205323195392,20.0,20.0,0.0,0.0,0.0,0.0,0.0,False,-39.37445007425322,0.617633033134696,0.18933120393240038,0.10245574411207213
413,-24.08336213797884,-2655.7684393986183,12.05582521252645,4.433766373159011,41.455597328591786,25.436459863630613,0.1,0.0,0.0,25.357458712404956,50.13649228707136,200.25147578343552,211.59315816264373,0.0,0.0,0.0,0.0,-4.163336342344337e-17,8.326672684688674e-17,0.26014284641297625,-0.05033574002966734,nan,nan,-0.002451761892691597,5.012295978940593e-05,6575.772514406925,True,True,True,Z_mode_existing_controller,False,0.05060201485354432,0.0,0.0,False,False,False,-1.7110735463067568,1.9162704254595112e-05,0.00010542297260493236,0.000518722015856456,0.0560828157833572,1.727798242517184e-05,0.001414728960025285,0.0,0.0,0.0,0.0,5.546678239835239e-34,20.0,0.0,-21.768676514022744,20.0,20.0,0.0,0.0,0.0,0.0,0.0,False,0.1,-0.09360282123088837,-0.014379373751580715,25.301289627950407,50.11423496432811,199.06244601693993,212.1790760419667,-0.9360281825065613,-0.1437937319278717,-0.044400496377812834,-0.0023624634066148203,-0.044400496377812945,-0.002362463406614876,0.0277099609375,0.0,-0.387939453125,-0.06385254414167076,-0.002447976708378135,4.985150720103346e-05,6551.689152268947,False,True,True,Omega_safe_one_step_QP,False,0.3602294921875,0.0,4.446330298059041,False,False,False,-1.5906567356168626,6.601749100588055e-05,0.00036319300518821096,0.00026107077295085265,0.028226263043119135,2.3063840439977323e-05,0.0018884776125424095,0.0,0.0,0.0,0.0,7.406159773860343e-07,20.0,0.0,-21.62113540989369,20.0,20.0,0.0,0.0,0.0,0.0,0.0,False,-24.08336213797884,0.3662438456502922,0.2142492132755322,0.10312933155153041
414,-33.912834190473404,-2689.6812735890917,10.62499503928751,5.120167567674307,42.18833189665624,24.429638580862182,0.1,0.0,0.0,25.325121185014854,50.13848894681052,206.60046761812362,213.05846786369472,0.0,0.0,0.0,0.0,1.5265566588595902e-16,8.326672684688674e-17,0.055419921875,0.0,nan,nan,-0.0005110432209912748,1.3888513990070218e-06,6579.425884766553,False,True,True,Omega_safe_one_step_QP,False,0.33251953125,0.0,0.0,False,False,False,-1.729340398104896,1.816189348605789e-05,9.991704584050294e-05,0.004030969731693608,0.4358175014368783,0.00021471325199941241,0.01758081749534796,0.0,0.0,0.0,0.0,3.774822690998982e-34,20.0,0.0,-22.182838634082962,20.0,20.0,0.0,0.0,0.0,0.0,0.0,False,0.1,-0.09505035728216171,-0.03977522999048233,25.268307853241897,50.116060013052234,205.00531419393246,212.49834061879702,-0.9505035877227783,-0.3977522850036621,-0.051401279441241204,-0.014300520748416978,-0.05140127944124134,-0.014300520748417068,0.0277099609375,0.0,-0.387939453125,-0.1739346543502983,-0.0005111555686228408,1.308847258100587e-06,6545.51305057608,False,True,True,Omega_safe_one_step_QP,False,0.3602294921875,0.0,5.335350430733206,False,False,False,-1.5597762271525288,6.487900259081355e-05,0.00035692964948444276,0.0035317682169110558,0.3818451892224105,1.0192987001863476e-05,0.0008346063530941544,0.0,0.0,0.0,0.0,1.9152817659734314e-06,20.0,0.0,-21.942814867659283,20.0,20.0,0.0,0.0,0.0,0.0,0.0,False,-33.912834190473404,0.5154375896078154,0.2497854355969579,0.10418006812741597
415,-23.527359109900317,-2713.208632698992,9.234617816238773,4.961375019408432,38.809977430974804,27.488583934970872,0.1,0.0,0.0,25.327139598744346,50.140491703204034,206.17654070999382,213.077537189965,0.0,0.0,0.0,0.0,-1.3877787807814457e-17,2.0816681711721685e-17,0.055419921875,0.0,nan,nan,0.000734803705511264,5.895260775695341e-05,6419.954221140026,False,True,True,Omega_safe_one_step_QP,False,0.33251953125,0.0,0.0,False,False,False,-0.9319820799722583,8.89443190493348e-06,4.8932417814953694e-05,1.7971402343649233e-05,0.0019430192206963941,3.636392044025314e-08,2.9774941356539707e-06,0.0,0.0,0.0,0.0,3.163339933656035e-34,20.0,0.0,-20.933977009104904,20.0,20.0,0.0,0.0,0.0,0.0,0.0,False,0.1,-0.0946166068315506,-0.030537793412804604,25.269297367751776,50.11786322185573,204.9770927537444,212.95452859495305,-0.9461660385131836,-0.30537793040275574,-0.05111271053336261,-0.010547723921211442,-0.05111271053336251,-0.010547723921211338,0.0277099609375,0.0,-0.387939453125,-0.13415209405460657,0.0007320282223266658,5.904104780640336e-05,6396.426862030125,False,True,True,Omega_safe_one_step_QP,False,0.3602294921875,0.0,5.218968919226671,False,False,False,-0.8143452844227568,4.546922498917865e-05,0.0002501474111751337,7.964496862891786e-08,8.610997735100799e-06,2.081074695893351e-05,0.001703993306514117,0.0,0.0,0.0,0.0,1.4166756040879775e-07,20.0,0.0,-20.81630817780574,20.0,20.0,0.0,0.0,0.0,0.0,0.0,False,-23.527359109900317,0.3664723812582333,0.2804756343985243,0.10483068108977155
416,-8.845423709675742,-2722.0540564086677,9.893143307191604,5.149121697298962,40.71993209425128,20.901823948983637,0.1,0.0,0.0,25.347489201851673,50.14357497573031,202.12613480624168,212.38417382677534,0.0,0.0,0.0,0.0,-8.326672684688674e-17,-1.1796119636642288e-16,0.055419921875,0.0,nan,nan,0.00020963863372773636,-0.00012208828054791586,6392.971165372095,False,True,True,Omega_safe_one_step_QP,False,0.33251953125,0.0,0.0,False,False,False,-0.7970668011326052,5.714348692476067e-06,3.14372970358543e-05,0.0016405787985150154,0.17737492476251518,4.8075275341367805e-05,0.003936425134194802,0.0,0.0,0.0,0.0,2.407412430484045e-34,0.0,0.0,-0.9784095883263509,0.0,0.0,0.0,0.0,0.0,0.0,0.0,False,0.1,-0.09531860798597336,-0.031292255967855453,25.28890271795817,50.12080154815418,201.5524829001072,212.34479023590973,-0.95318603515625,-0.31292256712913513,-0.04792367253291982,-0.010234332885856255,-0.04792367253291986,-0.010234332885856331,0.0277099609375,0.0,-0.387939453125,-0.13645402647557422,0.00020846524885343408,-0.00012207931732867845,6384.125741662419,False,True,True,Omega_safe_one_step_QP,False,0.3602294921875,0.0,4.900428510509114,False,False,False,-0.7528396825842265,3.785062228959086e-05,0.00020823392479995729,0.001172795264962886,0.12679943936427873,3.717808664888402e-05,0.0030441584304356363,0.0,0.0,0.0,0.0,1.0268177309308145e-07,20.0,0.0,-20.882891616985514,20.0,20.0,0.0,0.0,0.0,0.0,0.0,False,-8.845423709675742,0.1383617019514729,0.2989050527664405,0.10491330073519925
417,0.8543438043607239,-2721.199712604307,7.9274804757017945,5.104348560044525,41.46556117517013,25.346013629447125,0.1,0.0,0.0,25.356602268183323,50.14240089220233,200.34096484905896,211.92984775517363,0.0,0.0,0.0,0.0,1.3183898417423734e-16,-2.7755575615628914e-17,0.26014284641297625,-0.05033574002966734,nan,nan,0.0022137267080994854,-1.5535338408954077e-05,6142.772267600593,True,True,True,Z_mode_existing_controller,False,0.05060201485354432,0.0,0.0,False,False,False,0.453927687724904,8.99885894575242e-07,4.950691966590353e-06,0.0003186831776027743,0.03445515978966492,2.064121793370449e-05,0.0016901121937976844,0.0,0.0,0.0,0.0,5.440752092893942e-34,0.0,0.0,0.4177774650494748,0.0,0.0,0.0,0.0,0.0,0.0,0.0,False,0.1,-0.09462758898735046,-0.008356806822121143,25.29780532290573,50.119578801995246,200.1496960933458,212.9160333738576,-0.9462758898735046,-0.08356806635856628,-0.046073771463192345,-0.0003240965266271198,-0.04607377146319225,-0.00032409652662716143,0.0277099609375,0.0,-0.387939453125,-0.03670707344675646,0.0022065010511475047,-1.5596048553782025e-05,6143.626611404954,False,True,True,Omega_safe_one_step_QP,False,0.3602294921875,0.0,4.607491134447305,False,False,False,0.4496559687031004,1.3249869496125422e-05,7.289371115634709e-05,0.00019678108252238794,0.02127543629034372,3.263187226525343e-05,0.0026719123551279325,0.0,0.0,0.0,0.0,1.0163491866356722e-06,0.0,0.0,0.4256347099972857,0.0,0.0,0.0,0.0,0.0,0.0,0.0,False,0.8543438043607239,-0.013908114563629038,0.30605421896323537,0.1046326501546952
418,39.509826179873926,-2681.689886424433,9.382194960228556,4.906953172802656,36.866796336972875,24.54476280201858,0.1,0.0,0.0,25.3943037253344,50.14308386755711,192.8980991536644,210.37390065406308,0.0,0.0,0.0,0.0,-1.734723475976807e-17,-5.551115123125783e-17,0.26014284641297625,-0.05033574002966734,nan,nan,0.0005186103018061474,-3.304318989074523e-05,6119.022399500596,True,True,True,Z_mode_existing_controller,False,0.05060201485354432,0.0,0.0,False,False,False,0.572677028224889,1.2273591444697932e-06,6.75227503095367e-06,0.005539624975968135,0.5989292097485952,0.00024209713814543155,0.01982302239031116,0.0,0.0,0.0,0.0,2.3026899897579887e-34,0.0,0.0,-0.04608195618904839,0.0,0.0,0.0,0.0,0.0,0.0,0.0,False,0.1,-0.09298216551542282,-0.0006420371937565506,25.33551610156773,50.12024363383331,194.3533263926993,211.23745708155815,-0.9298216700553894,-0.00642037158831954,-0.031115138408935643,-0.001814606990329773,-0.031115138408935518,-0.0018146069903298909,0.23243288547547625,-0.05033574002966734,-0.32560894130464346,-0.054188990881361684,0.0005160272369672185,-3.3250937910004946e-05,6158.53222568047,True,True,True,Z_mode_existing_controller,False,0.07831197579104432,0.0,3.116800662115844,False,False,False,0.3751278973255194,9.869998692951213e-06,5.4299465670050294e-05,0.0033597901706572727,0.3632513898616723,0.00028176183690697813,0.023070785737198632,0.0,0.0,0.0,0.0,2.2598232429430934e-06,0.0,0.0,-0.01125083756226454,0.0,0.0,0.0,0.0,0.0,0.0,0.0,False,39.509826179873926,-0.6456885365070492,0.27345991877700304,0.10287142270837316
419,25.726495458798126,-2655.963390965635,9.769566084683499,7.219839292117875,38.923180059348944,24.357439742827648,0.1,0.0,0.0,25.4004207041622,50.142259572919635,191.69945688310875,210.06496376100375,0.0,0.0,0.0,0.0,-7.632783294297951e-17,4.163336342344337e-17,0.26014284641297625,-0.05033574002966734,nan,nan,0.0014157001658989367,-2.6325175558263676e-05,6128.588086849193,True,True,True,Z_mode_existing_controller,False,0.05060201485354432,0.0,0.0,False,False,False,0.5248485914819048,4.410344948447681e-06,2.42633643196267e-05,0.00014367432927627752,0.015533678338859328,9.544200389314897e-06,0.0007814834139069969,0.0,0.0,0.0,0.0,1.29157676895469e-34,20.0,0.0,-19.491490833635183,20.0,20.0,0.0,0.0,0.0,0.0,0.0,False,0.1,-0.0929471105337143,-0.00027332163881510496,25.343045375782193,50.11966450535818,192.5675067410631,210.85136467048193,-0.9294710755348206,-0.0027332163881510496,-0.03113441913666134,-0.0016082992435262067,-0.03113441913666131,-0.001608299243526061,0.23243288547547625,-0.05033574002966734,-0.32560894130464346,-0.05197672602425178,0.001415152074990779,-2.642668799184304e-05,6154.314582307991,True,True,True,Z_mode_existing_controller,False,0.07831197579104432,0.0,3.117593112376955,False,False,False,0.3962161141879142,3.430396765757002e-06,1.887221236917692e-05,0.00031891518281699984,0.03448024356342515,1.4906734989064872e-05,0.0012205701550968286,0.0,0.0,0.0,0.0,4.293463285290935e-10,0.0,0.0,0.36049642782767666,0.0,0.0,0.0,0.0,0.0,0.0,0.0,False,25.726495458798126,-0.4197785051666694,0.22186739241819436,0.1016455716522292
420,20.18519279567772,-2635.7781981699572,9.591794707119144,6.650597621690963,40.19224883200082,23.121391759328898,0.1,0.0,0.0,25.419005160733537,50.141385807638045,188.04358886048237,209.2283582237326,0.0,0.0,0.0,0.0,6.938893903907228e-17,1.3877787807814457e-17,0.055419921875,0.0,nan,nan,0.0013091827944394698,-6.0804167639370073e-05,6022.916321385408,False,True,True,Omega_safe_one_step_QP,False,0.33251953125,0.0,0.0,False,False,False,1.05320741880083,8.7148110056895e-06,4.794423948225669e-05,0.001336537099886211,0.14450276192110448,6.99908824992733e-05,0.005730884889962147,0.0,0.0,0.0,0.0,2.200374961462417e-34,20.0,0.0,-19.09707417224972,20.0,20.0,0.0,0.0,0.0,0.0,0.0,False,0.1,-0.08488339185714722,-0.00379689852707088,25.362591573534534,50.118945810488974,188.68936058062909,209.74804878529892,-0.8488339185714722,-0.03796898573637009,-0.028461110430386474,-0.003448305381909378,-0.02846111043038644,-0.0034483053819092807,0.23243288547547625,-0.05033574002966734,-0.32560894130464346,-0.07529737438225328,0.0013084349696172574,-6.09223581373075e-05,6043.101514181086,True,True,True,Z_mode_existing_controller,False,0.07831197579104432,0.0,2.8669245140699995,False,False,False,0.9522814548224414,8.754730181065457e-07,4.81638534822516e-06,0.0015040017641689196,0.1626085866790571,0.00012173059424971645,0.009967355722926573,0.0,0.0,0.0,0.0,1.0532202028332953e-07,20.0,0.0,-19.22029940928691,20.0,20.0,0.0,0.0,0.0,0.0,0.0,False,20.18519279567772,-0.33513985117154454,0.2048976583772318,0.10064109131150387
421,11.905194399489119,-2623.873003770468,11.37268749479984,5.271093495909256,40.14141782327087,28.628106842731686,0.1,0.0,0.0,25.432970842957623,50.13925726367959,185.3130192652643,208.51723851289714,0.0,0.0,0.0,0.0,-9.71445146547012e-17,1.3877787807814457e-16,0.055419921875,0.0,nan,nan,-0.0012638381061491001,0.00012705790008028827,6134.6564953894895,False,True,True,Omega_safe_one_step_QP,False,0.33251953125,0.0,0.0,False,False,False,0.49450654878042316,1.7486178088847753e-06,9.619962032151686e-06,0.0007456010314329382,0.0806123588656511,5.056912431387308e-05,0.004140622607980427,0.0,0.0,0.0,0.0,4.333342374871281e-34,0.0,0.0,0.4097439473447595,0.0,0.0,0.0,0.0,0.0,0.0,0.0,False,0.1,-0.0868193730711937,-0.01585165224969387,25.377332224577337,50.1169436545462,185.5905196644841,209.25859150706228,-0.8681936860084534,-0.1585165113210678,-0.02806860095775443,-0.0005428198171743281,-0.028068600957754458,-0.0005428198171742726,0.0277099609375,0.0,-0.387939453125,-0.07589008923278992,-0.001258088567998114,0.0001271682657052025,6146.561689788979,False,True,True,Omega_safe_one_step_QP,False,0.3602294921875,0.0,2.8073849274361593,False,False,False,0.4349805767829775,6.867395560976105e-06,3.778074558127209e-05,0.0009602815023574256,0.10382302842488213,2.39568427218822e-05,0.0019615970404067962,0.0,0.0,0.0,0.0,8.595910052989345e-08,0.0,0.0,0.3291580846130069,0.0,0.0,0.0,0.0,0.0,0.0,0.0,False,11.905194399489119,-0.194064564306681,0.1889899294676572,0.09995239286310749
422,5.523259684635377,-2618.3497440858328,10.844031762497924,5.987621314523067,31.32952221349415,23.30228834266034,0.1,0.0,0.0,25.40608920370008,50.140467616711994,190.59570880006243,209.70960785106905,0.0,0.0,0.0,0.0,1.1796119636642288e-16,6.938893903907228e-17,0.26014284641297625,-0.05033574002966734,nan,nan,-0.0005261192316690446,-7.505237622107115e-05,6213.3387968382485,True,True,True,Z_mode_existing_controller,False,0.05060201485354432,0.0,0.0,False,False,False,0.10109504153662784,5.481012604667384e-07,3.0153606400859598e-06,0.0027906808721065613,0.3017208378982725,0.00014217446386125297,0.011641308947481605,0.0,0.0,0.0,0.0,5.108529177487143e-34,0.0,0.0,-0.21227012066976633,0.0,0.0,0.0,0.0,0.0,0.0,0.0,False,0.1,-0.0928882509469986,-0.0012077813735231757,25.351021763412543,50.11821949542988,190.6175132686414,210.30221256214355,-0.9288824796676636,-0.012077813036739826,-0.03115444772717614,-0.0021288449788526634,-0.031154447727176064,-0.002128844978852615,0.23243288547547625,-0.05033574002966734,-0.32560894130464346,-0.05759169024038291,-0.0005224796658862634,-7.50897023911095e-05,6218.862056522884,True,True,True,Z_mode_existing_controller,False,0.07831197579104432,0.0,3.122709711339389,False,False,False,0.07347874311345094,1.13470517506e-05,6.24254233618098e-05,0.0025270664696238378,0.2732195645373023,0.00010891449066089528,0.008917967405725008,0.0,0.0,0.0,0.0,1.2037926097826573e-07,0.0,0.0,-0.20872133463219913,0.0,0.0,0.0,0.0,0.0,0.0,0.0,False,5.523259684635377,-0.08889358628642577,0.1755107889178427,0.09950647337221752
423,-2.6245566083644007,-2620.974300694197,10.013053394729122,6.777207918064477,39.28357719792963,20.352342321133882,0.1,0.0,0.0,25.394638937475438,50.13845299918343,192.8742396403373,210.07491053160277,0.0,0.0,0.0,0.0,-9.020562075079397e-17,6.938893903907228e-18,0.26014284641297625,-0.05033574002966734,nan,nan,0.0009552477783613623,-0.00014195136223574235,6182.218943733787,True,True,True,Z_mode_existing_controller,False,0.05060201485354432,0.0,0.0,False,False,False,0.25669430705893775,1.6036306340927316e-06,8.822319969053888e-06,0.0005191702790083697,0.05613128077809958,1.3344604840511839e-05,0.0010926622370249306,0.0,0.0,0.0,0.0,4.723343188609696e-34,0.0,0.0,0.19946154172384417,0.0,0.0,0.0,0.0,0.0,0.0,0.0,False,0.1,-0.0922628715634346,-0.0008169689099304378,25.33990180702327,50.11623058807482,192.55786816430103,210.62830154789148,-0.9226287007331848,-0.0081696892157197,-0.03097415862184655,-0.0019009603389613036,-0.03097415862184645,-0.0019009603389613869,0.23243288547547625,-0.05033574002966734,-0.32560894130464346,-0.05527708658863166,0.0009555739904711725,-0.00014205888760472304,6179.594387125422,True,True,True,Z_mode_existing_controller,False,0.07831197579104432,0.0,3.103243710283822,False,False,False,0.2698170901007597,6.5749236129302065e-06,3.617172100118651e-05,0.000376497712111027,0.04070591026740085,1.0633402662611362e-05,0.0008706677851743822,0.0,0.0,0.0,0.0,8.443557059890702e-10,0.0,0.0,0.22820433948282762,0.0,0.0,0.0,0.0,0.0,0.0,0.0,False,-2.6245566083644007,0.042453310571030745,0.1694626541538082,0.09937274344022264
424,-9.072743747217828,-2630.047044441415,7.199875861797839,4.828688456436869,40.084077288692654,29.90700513637258,0.1,0.0,0.0,25.407299692040052,50.13545944957041,190.4111004149266,209.37118069118685,0.0,0.0,0.0,0.0,3.469446951953614e-17,-6.938893903907228e-17,0.26014284641297625,-0.05033574002966734,nan,nan,0.002854271472396258,0.00011031806108219788,5837.984840787925,True,True,True,Z_mode_existing_controller,False,0.05060201485354432,0.0,0.0,False,False,False,1.9778648217882437,1.4514642895864188e-05,7.985181945362113e-05,0.0006067054843756752,0.06559534948369979,4.952356882918125e-05,0.004055012055364525,0.0,0.0,0.0,0.0,2.1425970631308e-34,20.0,6.883457670086514,-24.975323061656788,26.883457670086514,26.883457670086514,0.0,0.0,0.0,0.0,0.0,False,0.1,-0.09241949021816254,0.00020452859462238848,25.35256811211448,50.11320835834744,189.80346588330394,209.93153340275603,-0.924194872379303,0.002045285888016224,-0.031055403871791523,-0.0013333750286663101,-0.031055403871791523,-0.0013333750286662963,0.23243288547547625,-0.05033574002966734,-0.32560894130464346,-0.04910076772780306,0.0028476643538067857,0.00011047295240024517,5828.9120970407075,True,True,True,Z_mode_existing_controller,False,0.07831197579104432,0.0,3.108401516225277,False,False,False,2.023228540524333,2.674311619201651e-07,1.471263537872228e-06,0.000758673192556194,0.0820256854293125,4.8548584807549666e-05,0.00397517992583564,0.0,0.0,0.0,0.0,3.2875387510141156e-09,20.0,0.836232901753928,-18.899006701135818,20.836232901753927,20.836232901753927,0.0,0.0,0.0,0.0,0.0,False,-9.072743747217828,0.15540882675524936,0.16821335008300475,0.0994965019384258
425,-0.20268367947301158,-2630.249728120888,9.933144031304217,5.8252782895636575,46.93599434433927,22.373206771391498,0.1,0.0,0.0,25.446417542685932,50.13713666832193,182.6773182683234,207.81027802320858,0.0,0.0,0.0,0.0,-5.551115123125783e-17,1.1102230246251565e-16,0.055419921875,0.0,nan,nan,0.0007003563792193487,-5.310317910234443e-05,5926.938505973105,False,True,True,Omega_safe_one_step_QP,False,0.33251953125,0.0,0.0,False,False,False,1.5330964958623463,1.4569779671789728e-05,8.015515257094609e-05,0.0059811386291118455,0.6466644670119921,0.00024364171389016772,0.01994949294591535,0.0,0.0,0.0,0.0,4.068527007518035e-34,20.0,7.480934342773309,-26.61453196202144,27.48093434277331,27.48093434277331,0.0,0.0,0.0,0.0,0.0,False,0.1,-0.08713751286268234,-0.0039017603266984224,25.391351724036312,50.114815492937325,182.44600846328552,208.9854149158201,-0.8713750839233398,-0.03901760280132294,-0.025179672263612007,0.0051832993871001876,-0.025179672263611952,0.005183299387100174,0.0277099609375,0.0,-0.387939453125,-0.018611552479816617,0.0007012248336037939,-5.329451440457347e-05,5926.735822293632,False,True,True,Omega_safe_one_step_QP,False,0.3602294921875,0.0,2.5707634816124747,False,False,False,1.5341099142597114,4.38569701333227e-07,2.4127764534026655e-06,0.005413217968738411,0.5852624273806151,8.951401913219606e-05,0.0073294480847532,0.0,0.0,0.0,0.0,7.699126737246576e-07,20.0,0.6187135398281838,-19.67719868372297,20.618713539828185,20.618713539828185,0.0,0.0,0.0,0.0,0.0,False,-0.20268367947301158,0.0034197027566381724,0.16493490291530238,0.09928156029911157
426,1.8614243636275205,-2628.3883037572605,9.572033929298097,4.175420328566483,39.35474880104767,25.346065783539117,0.1,0.0,0.0,25.446825377994656,50.13434064874427,182.62736779643862,207.6333300860225,0.0,0.0,0.0,0.0,-1.3877787807814457e-17,1.249000902703301e-16,0.055419921875,0.0,nan,nan,-5.066107499025491e-06,3.233441159460472e-06,5892.448788205085,False,True,True,Omega_safe_one_step_QP,False,0.33251953125,0.0,0.0,False,False,False,1.705545084702444,9.806314509347987e-06,5.3949109277018744e-05,2.4950496415126485e-07,2.6975799202246972e-05,3.1310572474405783e-06,0.00025637237348950396,0.0,0.0,0.0,0.0,1.925929944387236e-35,20.0,0.006059417644844699,-18.30085163022437,20.006059417644845,20.006059417644845,0.0,0.0,0.0,0.0,0.0,False,0.1,-0.08905041962862015,-0.015658551827073097,25.39184358586903,50.111985179460426,182.49439131287323,208.37536810813288,-0.8905041813850403,-0.15658551454544067,-0.025833767536119337,0.000579241619452317,-0.025833767536119212,0.0005792416194521782,0.0277099609375,0.0,-0.387939453125,-0.07308744775300809,-4.8692993342630076e-06,3.1605422703620675e-06,5894.310212568713,False,True,True,Omega_safe_one_step_QP,False,0.3602294921875,0.0,2.584026056300433,False,False,False,1.6962379628843065,8.38915288258875e-07,4.6152642276867926e-06,2.3409001342270234e-07,2.530917658822102e-05,3.7215710756935805e-05,0.003047239109298837,0.0,0.0,0.0,0.0,2.162518855335619e-07,20.0,0.0,-18.306839416917693,20.0,20.0,0.0,0.0,0.0,0.0,0.0,False,1.8614243636275205,-0.031589996460445,0.15927147139864775,0.09899112605326732
427,0.907831143536896,-2627.4804726137236,9.92326672205398,3.6783701917784106,41.974199051111505,24.52693253116011,0.1,0.0,0.0,25.436618899451695,50.13267089489389,184.6566471653921,207.96523293270042,0.0,0.0,0.0,0.0,8.326672684688674e-17,5.551115123125783e-17,0.055419921875,0.0,nan,nan,-0.000597481782747257,-7.247922406031378e-06,5975.669262617262,False,True,True,Omega_safe_one_step_QP,False,0.33251953125,0.0,0.0,False,False,False,1.2894427126415622,3.8853456096152615e-06,2.1375098124000063e-05,0.00041179747572601835,0.044522424854210776,1.1015949963289754e-05,0.0009019909299450796,0.0,0.0,0.0,0.0,1.4251881588465545e-34,20.0,0.0,-18.756003078240717,20.0,20.0,0.0,0.0,0.0,0.0,0.0,False,0.1,-0.08884128928184509,-0.014667028561234474,25.38179049156358,50.11031153673627,184.4826206015962,208.74049756179102,-0.8884128928184509,-0.14667028188705444,-0.027705778674031956,0.0006572688905630841,-0.027705778674031845,0.000657268890562987,0.0277099609375,0.0,-0.387939453125,-0.06862059158298214,-0.0005966158241230396,-7.3305578067965746e-06,5976.577093760799,False,True,True,Omega_safe_one_step_QP,False,0.3602294921875,0.0,2.771357382816108,False,False,False,1.2849035569238776,3.5485231828760676e-06,1.9522080877838783e-05,0.00039530557045358745,0.04273936483933324,1.3331951792869308e-05,0.001091626199801835,0.0,0.0,0.0,0.0,3.510513955505949e-08,20.0,0.0,-18.758946991301276,20.0,20.0,0.0,0.0,0.0,0.0,0.0,False,0.907831143536896,-0.01519212499286278,0.1492290688268198,0.09873472524993908
428,-2.5528121163142714,-2630.033284730038,10.576812879510301,5.8108123159196134,40.695835469875306,25.264991422110963,0.1,0.0,0.0,25.419209530731287,50.13111098488101,188.10459549807777,208.606459647938,0.0,0.0,0.0,0.0,-1.249000902703301e-16,2.7755575615628914e-17,0.055419921875,0.0,nan,nan,-0.0001086167153915333,1.8518165846142945e-05,6123.848040150305,False,True,True,Omega_safe_one_step_QP,False,0.33251953125,0.0,0.0,False,False,False,0.5485488249763466,2.2276202351861146e-06,1.2255177761348837e-05,0.0011888347704869988,0.12853358714684343,4.111717003343935e-05,0.003366692346893733,0.0,0.0,0.0,0.0,4.41037957264677e-34,20.0,0.0,-19.583363709695153,20.0,20.0,0.0,0.0,0.0,0.0,0.0,False,0.1,-0.08837371319532394,-0.0026894554030150175,25.36451079411504,50.10873999592722,187.7748403890503,209.84248165446158,-0.8837370872497559,-0.026894552633166313,-0.030737327932001027,0.005011095096312035,-0.030737327932001027,0.005011095096312063,0.0277099609375,0.0,-0.387939453125,-0.012649356035767048,-0.00010624066511313998,1.8423121843521868e-05,6121.2952280339905,False,True,True,Omega_safe_one_step_QP,False,0.3602294921875,0.0,3.11431276923762,False,False,False,0.561312885557918,5.454444128374041e-06,3.0007440822598052e-05,0.0010838711128904235,0.11718520151255196,0.00012143689404989633,0.009943307418672866,0.0,0.0,0.0,0.0,2.8146093533360894e-07,0.0,0.0,0.43415408772493524,0.0,0.0,0.0,0.0,0.0,0.0,0.0,False,-2.5528121163142714,0.04168640533822937,0.13582391486577022,0.09860374692325065
429,0.3486737907242059,-2629.6846109393136,10.080646307515446,6.579245552103426,41.18849168589714,24.218801192136073,0.1,0.0,0.0,25.411989491387278,50.13060584162709,189.53143455978608,208.87665582241317,0.0,0.0,0.0,0.0,1.249000902703301e-16,-4.163336342344337e-17,0.055419921875,0.0,nan,nan,0.0008292092852425893,-1.763482507045102e-05,6108.184623800668,False,True,True,Omega_safe_one_step_QP,False,0.33251953125,0.0,0.0,False,False,False,0.6268659067245289,4.057841920866249e-06,2.232408077560593e-05,0.00020358697080166422,0.022011270449953373,7.30059727010111e-06,0.0005977761829671994,0.0,0.0,0.0,0.0,6.7214955059114535e-34,20.0,0.0,-19.395765463989168,20.0,20.0,0.0,0.0,0.0,0.0,0.0,False,0.1,-0.092427097260952,-0.00048166661872528493,25.35731658643684,50.10818495875745,189.33863784296662,209.4669599038418,-0.9242709279060364,-0.00481666624546051,-0.031017004111433967,-0.001716419803557745,-0.031017004111434043,-0.0017164198035577172,0.23243288547547625,-0.05033574002966734,-0.32560894130464346,-0.05324387117062029,0.000830005679480927,-1.7695583796318985e-05,6108.5332975913925,True,True,True,Z_mode_existing_controller,False,0.07831197579104432,0.0,3.106445945112784,False,False,False,0.6251225377709079,3.471489368481582e-06,1.9098281940242805e-05,0.00024454624768751725,0.026439676243403418,1.4101658518854598e-05,0.0011546501321789862,0.0,0.0,0.0,0.0,4.5337675493312144e-07,20.0,0.0,-19.40249134026337,20.0,20.0,0.0,0.0,0.0,0.0,0.0,False,0.3486737907242059,-0.005708304712427834,0.11549822072035412,0.0983654132542669
430,-5.668477935562805,-2635.3530888748764,10.128822722425593,5.183365084317914,37.24798840725582,29.7204841425552,0.1,0.0,0.0,25.420018473913064,50.129600609838924,187.95800280483704,208.4772880077505,0.0,0.0,0.0,0.0,-9.71445146547012e-17,-1.3877787807814457e-17,0.055419921875,0.0,nan,nan,-0.00010373247367223256,0.00013293951285203465,6076.148971220221,False,True,True,Omega_safe_one_step_QP,False,0.33251953125,0.0,0.0,False,False,False,0.7870441696267654,2.4025859517291866e-06,1.3217745763070176e-05,0.000247568748748202,0.02676646085059135,1.59494651388435e-05,0.00130594936802126,0.0,0.0,0.0,0.0,5.007417855406813e-34,20.0,0.0,-19.24104145833761,20.0,20.0,0.0,0.0,0.0,0.0,0.0,False,0.1,-0.088826023042202,-0.0013573960168287158,25.365458654330318,50.10717081241312,187.49528461347484,209.75890178901227,-0.8882601857185364,-0.013573960401117802,-0.030637456721372247,0.005734644441531878,-0.030637456721372303,0.005734644441531808,0.0277099609375,0.0,-0.387939453125,-0.006351751882188518,-0.00010240819528212338,0.00013299566017065069,6070.480493284658,False,True,True,Omega_safe_one_step_QP,False,0.3602294921875,0.0,3.116953482528659,False,False,False,0.8153865593045794,5.174231377329377e-06,2.8465859802275695e-05,0.00033979511286777843,0.03673772490181362,8.523006431688986e-06,0.0006978675940673236,0.0,0.0,0.0,0.0,5.566241460575423e-07,0.0,0.0,0.77792194432475,0.0,0.0,0.0,0.0,0.0,0.0,0.0,False,-5.668477935562805,0.09329063461761132,0.07451972289039742,0.09835390529505225
431,-2.7466334868904596,-2638.099722361767,10.593590049596664,4.393292678569987,44.41630348745144,26.9989111539724,0.1,0.0,0.0,25.41275502037926,50.13136530689542,189.36669569071393,208.8741211745433,0.0,0.0,0.0,0.0,-6.245004513516506e-17,8.326672684688674e-17,0.055419921875,0.0,nan,nan,-0.0008561321435194844,8.582792234828197e-05,6155.969874162394,False,True,True,Omega_safe_one_step_QP,False,0.33251953125,0.0,0.0,False,False,False,0.38793965491589916,2.6492670963335195e-07,1.4574853778946375e-06,0.00019844156467201568,0.021454963111381703,1.5747656226679303e-05,0.0012894251636665927,0.0,0.0,0.0,0.0,1.0640762942739478e-34,0.0,0.0,0.36519380915547295,0.0,0.0,0.0,0.0,0.0,0.0,0.0,False,0.1,-0.09274545311927795,-0.0009949897648766637,25.358097299519546,50.10886612882695,189.0460142062051,209.4130703051573,-0.9274545311927795,-0.009949897415935993,-0.031135873999966476,-0.002007861804891556,-0.03113587399996642,-0.002007861804891445,0.23243288547547625,-0.05033574002966734,-0.32560894130464346,-0.05632251229013822,-0.0008540717730195716,8.580835218588857e-05,6153.223240675504,True,True,True,Z_mode_existing_controller,False,0.07831197579104432,0.0,3.120054741137291,False,False,False,0.40167282235035145,1.1358061848439068e-05,6.248599504456628e-05,0.00024047622697693252,0.025999636656170364,1.1959941522532722e-05,0.0009792853827357484,0.0,0.0,0.0,0.0,6.019482275950426e-07,0.0,0.0,0.3746308123681732,0.0,0.0,0.0,0.0,0.0,0.0,0.0,False,-2.7466334868904596,0.044617396495368285,0.037111082134202895,0.09823073042907127
432,-9.9667446207377,-2648.0664669825046,9.01902905714116,2.495887956163203,36.75894768411128,27.12812802615665,0.1,0.0,0.0,25.395365462517347,50.132402140428276,192.7801892602062,209.65730148801634,0.0,0.0,0.0,0.0,9.71445146547012e-17,9.71445146547012e-17,0.26014284641297625,-0.05033574002966734,nan,nan,-0.0003079022385712683,3.978227287681699e-05,6080.259804994784,True,True,True,Z_mode_existing_controller,False,0.05060201485354432,0.0,0.0,False,False,False,0.7664900007539518,1.6609942578862822e-07,9.137904014988167e-07,0.0011651938348965208,0.12597759338691425,6.133714034117504e-05,0.0050223125959067225,0.0,0.0,0.0,0.0,2.566301650895992e-34,0.0,0.0,0.6354891809807294,0.0,0.0,0.0,0.0,0.0,0.0,0.0,False,0.1,-0.09330140799283981,-0.0003562595520634204,25.340736421305927,50.109875995230446,192.14745941736447,210.17984736055993,-0.9330140948295593,-0.0035625954624265432,-0.031351732663678814,-0.001660131214811622,-0.03135173266367877,-0.0016601312148114972,0.23243288547547625,-0.05033574002966734,-0.32560894130464346,-0.052466551723919536,-0.00030992077070903,3.9819879806233475e-05,6070.293060374046,True,True,True,Z_mode_existing_controller,False,0.07831197579104432,0.0,3.139565537881269,False,False,False,0.8163237238576403,1.4415107088727665e-05,7.930422656017828e-05,0.0009618962397823493,0.10399760945050328,5.8794705269192426e-05,0.004814136870477253,0.0,0.0,0.0,0.0,1.6751152597703077e-09,0.0,0.0,0.7074326716349842,0.0,0.0,0.0,0.0,0.0,0.0,0.0,False,-9.9667446207377,0.16391971626854274,0.013308563534996105,0.09837911499249978
433,-16.004582960879816,-2664.0710499433844,10.82570827666437,4.980735232352526,42.91071808045513,23.919126223969943,0.1,0.0,0.0,25.389019507441017,50.13304553763349,194.0212034020633,209.9538536896048,0.0,0.0,0.0,0.0,6.591949208711867e-17,-1.3877787807814457e-17,0.26014284641297625,-0.05033574002966734,nan,nan,-0.0007877631536522522,-8.863491522312773e-06,6293.424668251432,True,True,True,Z_mode_existing_controller,False,0.05060201485354432,0.0,0.0,False,False,False,-0.2993343155292905,9.662891795272507e-07,5.316007404190683e-06,0.00015401161002892618,0.01665131706332031,8.794320826696778e-06,0.0007200829385701669,0.0,0.0,0.0,0.0,1.3300953678424348e-34,0.0,0.0,-0.31671103153858515,0.0,0.0,0.0,0.0,0.0,0.0,0.0,False,0.1,-0.09355603903532028,-0.0005660685710608959,25.33410525610698,50.110444255805284,193.1515147923882,210.42420159397807,-0.9355603456497192,-0.005660685710608959,-0.03146633559560334,-0.0017812015549531907,-0.031466335595603315,-0.0017812015549533156,0.23243288547547625,-0.05033574002966734,-0.32560894130464346,-0.05371221837072212,-0.0007858291624113791,-8.975932988498241e-06,6277.420085290552,True,True,True,Z_mode_existing_controller,False,0.07831197579104432,0.0,3.151670913649626,False,False,False,-0.21931140072489141,2.160449653992316e-05,0.00011885641069294888,0.00010081271961140619,0.010899597491058306,5.970899138936483e-06,0.0004888999028576953,0.0,0.0,0.0,0.0,2.7791859267757003e-10,0.0,0.0,-0.23081875480741898,0.0,0.0,0.0,0.0,0.0,0.0,0.0,False,-16.004582960879816,0.2543064198673651,0.006760712329039098,0.0987428365198241
434,-21.398642125240258,-2685.4696920686247,9.283086779271713,5.242687041513909,35.06897828464782,24.549556940628545,0.1,0.0,0.0,25.376500173878057,50.13290721303013,196.48842101623993,210.4673597756521,0.0,0.0,0.0,0.0,1.249000902703301e-16,1.1796119636642288e-16,0.26014284641297625,-0.05033574002966734,nan,nan,0.0007502333971730568,-4.0833211058939796e-05,6195.178863888831,True,True,True,Z_mode_existing_controller,False,0.05060201485354432,0.0,0.0,False,False,False,0.1918947062837151,1.4478084863543338e-07,7.965069666903675e-07,0.0006087162755703436,0.06581275076743591,2.6368850040761747e-05,0.0021590932828407794,0.0,0.0,0.0,0.0,2.086022871014425e-34,0.0,0.0,0.12392206572647171,0.0,0.0,0.0,0.0,0.0,0.0,0.0,False,0.1,-0.0950537845492363,-4.045031892019324e-05,25.321169320500513,50.110191637130235,195.37027029201982,210.92867338353022,-0.9505378603935242,-0.00040450316737405956,-0.031999178137070455,-0.0015113428668273449,-0.03199917813707041,-0.0015113428668273657,0.23243288547547625,-0.05033574002966734,-0.32560894130464346,-0.05057321579111239,0.0007488946922486277,-4.078908066750789e-05,6173.780221763591,True,True,True,Z_mode_existing_controller,False,0.07831197579104432,0.0,3.203484912886385,False,False,False,0.2988879169099164,1.498076132792881e-05,8.241615432208936e-05,0.0004922875967145527,0.05322479816745237,2.5449178645395453e-05,0.002083790175989829,0.0,0.0,0.0,0.0,3.567448855541684e-09,0.0,0.0,0.24349690884470326,0.0,0.0,0.0,0.0,0.0,0.0,0.0,False,-21.398642125240258,0.34540797925901895,-0.003440202327576391,0.0993079365549259
435,-26.01728275433561,-2711.4869748229603,12.83649564837167,3.5027358335156524,43.445167255990455,23.171444030427384,0.1,0.0,0.0,25.389091795022395,50.13251305289765,194.00833618600913,209.9094891836837,0.0,0.0,0.0,0.0,9.367506770274758e-17,-1.3877787807814457e-16,0.26014284641297625,-0.05033574002966734,nan,nan,-0.003892818228191624,1.5140370450834038e-06,6500.481911116498,True,True,True,Z_mode_existing_controller,False,0.05060201485354432,0.0,0.0,False,False,False,-1.3346205298546192,1.615029913835928e-05,8.885032722959422e-05,0.0006150820765140906,0.06650100387936952,3.1121959738319974e-05,0.0025482800393636994,0.0,0.0,0.0,0.0,6.6889954380999186e-34,20.0,0.0,-21.403758664100582,20.0,20.0,0.0,0.0,0.0,0.0,0.0,False,0.1,-0.09454454481601715,-0.0004837862798012793,25.333095827546387,50.10964717435181,192.75642350929303,210.31900378606088,-0.9454454183578491,-0.004837862681597471,-0.03185691445766334,-0.0017507669625860117,-0.03185691445766344,-0.001750766962585866,0.23243288547547625,-0.05033574002966734,-0.32560894130464346,-0.05319125094123637,-0.003886961336276966,1.0981143379337017e-06,6474.464628362162,True,True,True,Z_mode_existing_controller,False,0.07831197579104432,0.0,3.1904986815859435,False,False,False,-1.2045341160829413,6.109614984586533e-05,0.0003361184124063806,0.0006832195003571223,0.07386783712054573,3.7169701807843796e-05,0.0030434718758858685,0.0,0.0,0.0,0.0,7.75628521081832e-10,20.0,0.0,-21.281781544267407,20.0,20.0,0.0,0.0,0.0,0.0,0.0,False,-26.01728275433561,0.4002362149465159,-0.0014054003232278312,0.1000295913918995
436,-68.23845768488081,-2779.725432507841,10.9875028750781,3.90108324768857,38.835360677700145,26.680938544494605,0.1,0.0,0.0,25.329987656596998,50.13258196050999,205.65673402490737,212.39587551261855,0.0,0.0,0.0,0.0,0.0,-6.938893903907228e-17,0.055419921875,0.0,nan,nan,-0.0017152331718523692,6.111168929285639e-05,6596.779526855336,False,True,True,Omega_safe_one_step_QP,False,0.33251953125,0.0,0.0,False,False,False,-1.8161086085488114,2.651090256590205e-05,0.00014584883833746647,0.013568517221324903,1.4669912371474358,0.0006182116976714149,0.05061945142668753,0.0,0.0,0.0,0.0,1.3589843170082434e-34,20.0,0.0,-23.333865145961273,20.0,20.0,0.0,0.0,0.0,0.0,0.0,False,0.1,-0.09329920262098312,-0.043174292892217636,25.273328928587024,50.109537080300555,202.65611448070513,211.46787763501732,-0.9329919815063477,-0.43174293637275696,-0.0479395277201007,-0.014843727985445386,-0.04793952772010074,-0.01484372798544549,0.0277099609375,0.0,-0.387939453125,-0.1923421534063259,-0.0017152169473001432,6.075712339855769e-05,6528.541069170456,False,True,True,Omega_safe_one_step_QP,False,0.3602294921875,0.0,5.0185003522289415,False,False,False,-1.4749163201244073,8.218173043048688e-05,0.0004521200244334832,0.009800388132945823,1.0595913523313778,0.00013199111208159875,0.01080749153070885,0.0,0.0,0.0,0.0,4.300760776952453e-06,20.0,0.5399918664922951,-23.085763451263997,20.539991866492294,20.539991866492294,0.0,0.0,0.0,0.0,0.0,False,-68.23845768488081,1.0344207716368818,0.046999319950095014,0.10229802487014568
437,-61.8610005634946,-2841.5864330713357,8.820617597896403,5.923914589639054,38.651092328066305,22.190569330819923,0.1,0.0,0.0,25.313181136741356,50.13565126596358,208.9313795443412,213.2662706855041,0.0,0.0,0.0,0.0,-5.551115123125783e-17,-2.0816681711721685e-17,0.055419921875,0.0,nan,nan,0.0016248662840045304,-0.00010776430775706733,6440.726163728959,False,True,True,Omega_safe_one_step_QP,False,0.33251953125,0.0,0.0,False,False,False,-1.0358417929169264,7.701294746699835e-06,4.236841388966063e-05,0.001072330327794817,0.11593744316660329,7.575877569824937e-05,0.00620316257529167,0.0,0.0,0.0,0.0,5.440752092893942e-35,20.0,0.0,-21.15802476707271,20.0,20.0,0.0,0.0,0.0,0.0,0.0,False,0.1,-0.09509476274251938,-0.04337622597813606,25.254358717644067,50.11218807030252,206.09510370216884,212.34694866595186,-0.9509475827217102,-0.43376225233078003,-0.05257305551656061,-0.01579431616727574,-0.05257305551656051,-0.015794316167275783,0.0277099609375,0.0,-0.387939453125,-0.18959301639850948,0.001622855972127626,-0.00010726370560741356,6378.865163165465,False,True,True,Omega_safe_one_step_QP,False,0.3602294921875,0.0,5.489432201548022,False,False,False,-0.7265367900994534,4.638987555878437e-05,0.0002552123393026439,0.0011826646865343605,0.12786649442452602,7.72765877428315e-05,0.006327441707108426,0.0,0.0,0.0,0.0,2.2373197732000767e-07,20.0,0.0,-20.860986162302368,20.0,20.0,0.0,0.0,0.0,0.0,0.0,False,-61.8610005634946,0.9604662423294085,0.09787157513850064,0.1043273163244533
438,-32.26889253524223,-2873.855325606578,9.340170745033298,4.627667933152053,41.12361522839941,25.385357344280457,0.1,0.0,0.0,25.349175397318916,50.13584379055817,201.83085425186516,211.75528243124006,0.0,0.0,0.0,0.0,5.551115123125783e-17,-1.1102230246251565e-16,0.055419921875,0.0,nan,nan,0.0005125945846921284,5.864571486824616e-06,6327.509539218966,False,True,True,Omega_safe_one_step_QP,False,0.33251953125,0.0,0.0,False,False,False,-0.46975867036695945,3.7061581811808703e-06,2.0389304516375123e-05,0.005041745942909208,0.5450998806669342,0.00022830855045239188,0.018694006637941137,0.0,0.0,0.0,0.0,2.046300565911438e-34,0.0,0.0,-1.033572946976351,0.0,0.0,0.0,0.0,0.0,0.0,0.0,False,0.1,-0.0945170670747757,-0.021749941632151604,25.288300665778866,50.11200650284321,200.24213515848797,211.9675707027523,-0.9451706409454346,-0.21749940514564514,-0.0461108323970031,-0.0054860579166636225,-0.04611083239700319,-0.005486057916663706,0.0277099609375,0.0,-0.387939453125,-0.09564781023246581,0.0005105640424747588,5.968012630144944e-06,6295.240646683724,False,True,True,Omega_safe_one_step_QP,False,0.3602294921875,0.0,4.64360387609614,False,False,False,-0.3084142076907483,3.5790112469604506e-05,0.0001968980993643314,0.00342572407733178,0.3703799848101596,1.4392763896143522e-05,0.0011784859711985777,0.0,0.0,0.0,0.0,1.4802051580825308e-06,20.0,0.0,-20.68017105677663,20.0,20.0,0.0,0.0,0.0,0.0,0.0,False,-32.26889253524223,0.5099777777533834,0.15596163953559655,0.10526750324237412
439,-17.87586497915254,-2891.7311905857305,10.832780941169204,5.670338662386069,45.51538849708691,19.784757355614094,0.1,0.0,0.0,25.362612443146176,50.13720617842419,199.16344069296323,211.2584052098298,0.0,0.0,0.0,0.0,1.3183898417423734e-16,-1.0408340855860843e-16,0.26014284641297625,-0.05033574002966734,nan,nan,-0.00030390862489281705,-0.00012190927703417957,6419.081250981118,True,True,True,Z_mode_existing_controller,False,0.05060201485354432,0.0,0.0,False,False,False,-0.9276172291777175,3.867448043479963e-06,2.1276635266184777e-05,0.0007115095094213846,0.07692647608006808,2.4688697315639328e-05,0.0020215216231987856,0.0,0.0,0.0,0.0,5.874086330381069e-35,0.0,0.0,-1.0065865035162505,0.0,0.0,0.0,0.0,0.0,0.0,0.0,False,0.1,-0.09460968524217606,-0.002194841392338276,25.300703578037986,50.11315475113021,198.1801260849841,212.39064053702126,-0.9460968375205994,-0.02194841392338276,-0.04400602099959798,0.0030531142800439837,-0.044006020999597925,0.0030531142800441016,0.0277099609375,0.0,-0.387939453125,-0.009642612554415715,-0.00030254110944206384,-0.0001221983416467274,6401.205386001965,False,True,True,Omega_safe_one_step_QP,False,0.3602294921875,0.0,4.41118055742912,False,False,False,-0.8382379042819548,3.7110328572809784e-05,0.00020416122382900217,0.00042518814192123,0.04597018732136293,1.7898808466835145e-05,0.0014655624751120561,0.0,0.0,0.0,0.0,7.734769282367476e-07,20.0,0.0,-20.885878588779185,20.0,20.0,0.0,0.0,0.0,0.0,0.0,False,-17.87586497915254,0.27848011701706255,0.19089928088515157,0.10567381731540403
440,-12.892745140530678,-2904.623935726261,10.529205606585776,4.78422266511487,41.97881573326234,23.627896247030346,0.1,0.0,0.0,25.361591811741434,50.135595651070034,199.38115852544237,211.2068169170483,0.0,0.0,0.0,0.0,-1.249000902703301e-16,-9.71445146547012e-17,0.26014284641297625,-0.05033574002966734,nan,nan,-0.000618926129623696,-2.547707291932768e-05,6393.625459194946,True,True,True,Z_mode_existing_controller,False,0.05060201485354432,0.0,0.0,False,False,False,-0.8003382702468617,5.428329041957535e-06,2.9863769553486722e-05,4.740105457941419e-06,0.0005124873305261428,2.661351952110053e-07,2.179126929765048e-05,0.0,0.0,0.0,0.0,6.596310059526283e-34,0.0,0.0,-0.800902412616239,0.0,0.0,0.0,0.0,0.0,0.0,0.0,False,0.1,-0.09539051353931427,5.2379065891727805e-05,25.299194275241756,50.111393186019924,198.59668671835033,212.48214369754348,-0.9539051055908203,0.000523790658917278,-0.044846768089517514,0.004025354337305824,-0.04484676808951761,0.004025354337305845,0.0277099609375,0.0,-0.387939453125,0.0002282336810993779,-0.0006180679537456067,-2.562085673644401e-05,6380.732714054416,False,True,True,Omega_safe_one_step_QP,False,0.3602294921875,0.0,4.5027059482225,False,False,False,-0.7358745445442082,4.200634844404746e-05,0.00023109651239271953,1.735227612704756e-05,0.0018760809753724727,8.372828385555621e-07,6.855709482092196e-05,0.0,0.0,0.0,0.0,1.6521063981527376e-08,20.0,0.0,-20.73805029564786,20.0,20.0,0.0,0.0,0.0,0.0,0.0,False,-12.892745140530678,0.2016499906479362,0.21703077975345805,0.10589753822384149
441,-9.529017134333117,-2914.1529528605943,10.55728809686625,4.7922285506322435,35.67579124877235,24.352324314954384,0.1,0.0,0.0,25.35603080410897,50.13595183515476,200.47081618721228,211.4545435572168,0.0,0.0,0.0,0.0,1.457167719820518e-16,2.7755575615628914e-17,0.26014284641297625,-0.05033574002966734,nan,nan,-0.0008129349865225871,-2.8389211372090595e-05,6424.443172508453,True,True,True,Z_mode_existing_controller,False,0.05060201485354432,0.0,0.0,False,False,False,-0.9544268368143958,7.995193965253478e-06,4.398529055041491e-05,0.00011873538198538578,0.01283734707858566,6.1368488249177716e-06,0.0005024879376691439,0.0,0.0,0.0,0.0,8.883351868486125e-34,20.0,0.0,-20.967810657121202,20.0,20.0,0.0,0.0,0.0,0.0,0.0,False,0.1,-0.09494929760694504,-0.0026473389007151127,25.29330012598947,50.111629201552404,199.82829090755897,212.62881518595265,-0.9494929909706116,-0.026473388075828552,-0.04590965534849645,0.002611159786770831,-0.04590965534849656,0.0026111597867709765,0.0277099609375,0.0,-0.387939453125,-0.011588973174527345,-0.0008116718443799227,-2.8490244254388572e-05,6414.91415537412,False,True,True,Omega_safe_one_step_QP,False,0.3602294921875,0.0,4.5983851618256075,False,False,False,-0.9067817511427302,4.893955538985011e-05,0.00026923931709297,0.00015168488788762689,0.016399758183533616,2.1512525512160895e-06,0.0001761455249601234,0.0,0.0,0.0,0.0,3.129675552062299e-08,20.0,0.0,-20.923626925465072,20.0,20.0,0.0,0.0,0.0,0.0,0.0,False,-9.529017134333117,0.14832440537585873,0.23378703882503626,0.10599667992711176
442,-7.591759881012877,-2921.744712741607,10.143859101209715,4.5420615084337,39.62236450430009,20.929236888271294,0.1,0.0,0.0,25.348459868755043,50.136418202881266,201.9554106445757,211.79295990213274,0.0,0.0,0.0,0.0,1.5265566588595902e-16,8.326672684688674e-17,0.055419921875,0.0,nan,nan,-0.00041579524441506506,-0.00012153113993013391,6416.176703661695,False,True,True,Omega_safe_one_step_QP,False,0.33251953125,0.0,0.0,False,False,False,-0.9130944925806034,8.075656575579031e-06,4.4427952893441893e-05,0.00022040207028341702,0.023829273345120503,1.1452562250626557e-05,0.0009377409401024208,0.0,0.0,0.0,0.0,3.1296361596292584e-35,20.0,0.0,-20.93790593481872,20.0,20.0,0.0,0.0,0.0,0.0,0.0,False,0.1,-0.09431334584951401,-0.014576512388885021,25.285518580965704,50.11200201456321,201.4030324076021,212.46962448079876,-0.9431334137916565,-0.14576512575149536,-0.0472099919848178,-0.0027252056456909812,-0.04720999198481768,-0.0027252056456909396,0.0277099609375,0.0,-0.387939453125,-0.0642403127462162,-0.00041622076613385874,-0.0001216409747525377,6408.584943780682,False,True,True,Omega_safe_one_step_QP,False,0.3602294921875,0.0,4.72885830726387,False,False,False,-0.875135693175539,4.953487962428888e-05,0.0002725144733352441,0.0002479810791958093,0.026811040898918097,2.5341680607392632e-06,0.00020749881883638357,0.0,0.0,0.0,0.0,3.016767139653338e-07,20.0,0.0,-20.902427049043343,20.0,20.0,0.0,0.0,0.0,0.0,0.0,False,-7.591759881012877,0.11832217583222544,0.24395115050726282,0.10602537770561453
443,-4.971156309948128,-2926.7158690515553,11.16721515692871,6.664072795265202,43.25736167812572,25.23353373627094,0.1,0.0,0.0,25.348072546996818,50.135251193029426,202.04306357923437,211.73909849892723,0.0,0.0,0.0,0.0,0.0,1.1102230246251565e-16,0.055419921875,0.0,nan,nan,-7.790100778941452e-05,3.8177849850815505e-05,6524.823046808859,False,True,True,Omega_safe_one_step_QP,False,0.33251953125,0.0,0.0,False,False,False,-1.4563262083164228,6.518528016901655e-06,3.586146252742589e-05,7.683036954278449e-07,8.306690924851001e-05,2.9010507552656885e-07,2.375393386208272e-05,0.0,0.0,0.0,0.0,2.407412430484045e-34,20.0,0.0,-21.456468890622062,20.0,20.0,0.0,0.0,0.0,0.0,0.0,False,0.1,-0.09573367238044739,-0.009894645772874355,25.28496931088372,50.1107699998142,201.5981428223546,212.65212183624493,-0.9573367238044739,-0.0989464521408081,-0.048202788653211134,-0.0007108596493225691,-0.04820278865321111,-0.000710859649322465,0.0277099609375,0.0,-0.387939453125,-0.042959844907100794,-7.539824765587753e-05,3.8120383988934393e-05,6519.8518904989105,False,True,True,Omega_safe_one_step_QP,False,0.3602294921875,0.0,4.82080299886562,False,False,False,-1.431470426766682,4.5089446395558194e-05,0.00024805807202241007,3.8068073944889286e-06,0.00041158167824310095,3.3305284744846997e-06,0.00027270516713675126,0.0,0.0,0.0,0.0,5.043235017858793e-08,20.0,0.0,-21.432402822116433,20.0,20.0,0.0,0.0,0.0,0.0,0.0,False,-4.971156309948128,0.0761883697731758,0.24516261442216558,0.10595489793483573
444,2.2515217239833873,-2924.464347327572,8.797922009369104,5.160857702728827,42.153005780739036,22.885780229006514,0.1,0.0,0.0,25.35282963710214,50.137295106585356,201.07878129740303,211.64517978160578,0.0,0.0,0.0,0.0,3.469446951953614e-17,-4.85722573273506e-17,0.055419921875,0.0,nan,nan,0.0013655089862313326,-7.405197673999802e-05,6251.973207651355,False,True,True,Omega_safe_one_step_QP,False,0.33251953125,0.0,0.0,False,False,False,-0.09207701252890274,9.508989232649716e-07,5.231338427267341e-06,9.298403190538648e-05,0.010053181034804338,8.820725463307884e-07,7.222449620734582e-05,0.0,0.0,0.0,0.0,2.6674129729763217e-34,0.0,0.0,-0.10220764939834169,0.0,0.0,0.0,0.0,0.0,0.0,0.0,False,0.1,-0.09481074661016464,-0.008688502945005894,25.289696163001125,50.11276048495488,200.93214632403917,212.64057491405038,-0.9481074810028076,-0.08688502758741379,-0.046991839780573495,-0.0001811531654120624,-0.04699183978057359,-0.00018115316541204157,0.0277099609375,0.0,-0.387939453125,-0.03809031451910148,0.0013604483252449848,-7.418042065173922e-05,6254.224729375338,False,True,True,Omega_safe_one_step_QP,False,0.3602294921875,0.0,4.699218895127616,False,False,False,-0.10333462114881968,2.5131896311509e-05,0.00013826228183440672,4.4355133576840464e-05,0.004795556597552471,1.3333141216709655e-08,1.0917235903600192e-06,0.0,0.0,0.0,0.0,1.7469861312388102e-08,0.0,0.0,-0.10826954922165823,0.0,0.0,0.0,0.0,0.0,0.0,0.0,False,2.2515217239833873,-0.03601297781039603,0.23530100465168577,0.10563429624698153
445,41.03716326416816,-2883.4271840634037,9.069727947265616,5.463750738867466,37.01987408889813,21.912951584796136,0.1,0.0,0.0,25.37843432999718,50.13693966574038,196.03288374291603,210.54153635234755,0.0,0.0,0.0,0.0,-1.0928757898653885e-16,5.551115123125783e-17,0.26014284641297625,-0.05033574002966734,nan,nan,0.0011282741876005673,-0.00011589700467616755,6161.658780200622,True,True,True,Z_mode_existing_controller,False,0.05060201485354432,0.0,0.0,False,False,False,0.3594951247247627,4.25118034634355e-07,2.3387725617261654e-06,0.002546108213037787,0.2752783061280467,0.00012180288189448592,0.00997327466774263,0.0,0.0,0.0,0.0,3.1564186229183933e-34,0.0,0.0,0.07424120515641162,0.0,0.0,0.0,0.0,0.0,0.0,0.0,False,0.1,-0.09497551620006561,-0.00029243240715004504,25.31539899134794,50.112395508512364,197.54698345200006,211.41578112650006,-0.9497551321983337,-0.0029243240132927895,-0.031864398427441314,-0.0016507335418771349,-0.031864398427441196,-0.0016507335418772182,0.23243288547547625,-0.05033574002966734,-0.32560894130464346,-0.052053967223631314,0.0011235306615138955,-0.00011624754281598865,6202.69594346479,True,True,True,Z_mode_existing_controller,False,0.07831197579104432,0.0,3.190712786148241,False,False,False,0.15430930840392193,1.4094481912195422e-05,7.754031794097049e-05,0.001145932767023203,0.12389513903119062,0.00015001198220218368,0.012283048468844367,0.0,0.0,0.0,0.0,2.3099914837535167e-06,0.0,0.0,0.018051270594462213,0.0,0.0,0.0,0.0,0.0,0.0,0.0,False,41.03716326416816,-0.6660083709281934,0.2019628779525137,0.10392070601504101
446,27.382066865286106,-2856.0451171981176,10.139824365008144,6.136197033686236,44.88614745547163,23.122356874333846,0.1,0.0,0.0,25.39630830173659,50.13496499535533,192.53005440160612,209.67437020813088,0.0,0.0,0.0,0.0,-1.0408340855860843e-17,-6.938893903907228e-17,0.26014284641297625,-0.05033574002966734,nan,nan,0.0006204556087721284,-3.553088525063211e-05,6185.897975816963,True,True,True,Z_mode_existing_controller,False,0.05060201485354432,0.0,0.0,False,False,False,0.23829914664305762,1.036156909216886e-06,5.70038236793167e-06,0.0012269813394341583,0.13265789059576955,7.519771216756032e-05,0.00615722244144112,0.0,0.0,0.0,0.0,2.5377136282839937e-34,0.0,0.0,0.09947833322347902,0.0,0.0,0.0,0.0,0.0,0.0,0.0,False,0.1,-0.09516502171754837,6.486325582955033e-05,25.334720391315155,50.11067530220482,193.4461270574278,210.47023003324804,-0.9516502022743225,0.0006486325291916728,-0.031959337561511175,-0.0014543157276312446,-0.03195933756151124,-0.0014543157276312377,0.23243288547547625,-0.05033574002966734,-0.32560894130464346,-0.04995538589197313,0.0006209331605278724,-3.560547492748815e-05,6213.280042682249,True,True,True,Z_mode_existing_controller,False,0.07831197579104432,0.0,3.1992409906199093,False,False,False,0.10138881231662708,1.0334383292503405e-05,5.6854261917297266e-05,0.0016817023168904323,0.18182108789982498,8.940668699500925e-05,0.007320659681160523,0.0,0.0,0.0,0.0,4.759339693113791e-10,0.0,0.0,-0.0878097900022097,0.0,0.0,0.0,0.0,0.0,0.0,0.0,False,27.382066865286106,-0.44265306302064894,0.18118061436302332,0.10270486306090383
447,15.127631040997585,-2840.91748615712,8.531723883886574,5.912629845790768,35.58029295344178,24.107136875399902,0.1,0.0,0.0,25.403673819479845,50.134059012985865,191.08626338942403,209.30843169208657,0.0,0.0,0.0,0.0,1.3183898417423734e-16,8.326672684688674e-17,0.26014284641297625,-0.05033574002966734,nan,nan,0.0018653663964357434,-6.057156856863682e-05,5989.539275209105,True,True,True,Z_mode_existing_controller,False,0.05060201485354432,0.0,0.0,False,False,False,1.2200926496823468,6.733209454135923e-06,3.704252523004046e-05,0.00020845324868577815,0.022537399200580586,1.3391099752471128e-05,0.0010964692612957043,0.0,0.0,0.0,0.0,4.353805380530395e-34,20.0,0.0,-18.80357826130476,20.0,20.0,0.0,0.0,0.0,0.0,0.0,False,0.1,-0.0948098823428154,7.808020745869726e-05,25.34312163954348,50.10993536522717,191.50943744359301,210.02088496035185,-0.9480987787246704,0.0007808020454831421,-0.03187084040583457,-0.0014413777827180715,-0.031870840405834475,-0.001441377782718016,0.23243288547547625,-0.05033574002966734,-0.32560894130464346,-0.049876167456335024,0.0018604918813496627,-6.078463406497157e-05,6004.666906250102,True,True,True,Z_mode_existing_controller,False,0.07831197579104432,0.0,3.190341734182534,False,False,False,1.144454494477359,2.739752800763738e-06,1.5072657836899077e-05,0.0003750766660335481,0.04055227062430353,2.019109945360852e-05,0.0016532562905119742,0.0,0.0,0.0,0.0,7.999136981454789e-11,20.0,0.0,-18.897766105175286,20.0,20.0,0.0,0.0,0.0,0.0,0.0,False,15.127631040997585,-0.25256752390974935,0.16984504214769738,0.10194129736770721
448,8.903358675825984,-2832.014127481294,9.473420571721135,3.7646151547708753,42.043121608632305,22.743912137525157,0.1,0.0,0.0,25.42852161628616,50.1324305323132,186.20455941718043,208.16666756500965,0.0,0.0,0.0,0.0,-8.326672684688674e-17,5.551115123125783e-17,0.055419921875,0.0,nan,nan,-4.859386712189077e-05,-6.656436695310985e-05,5968.140168434523,False,True,True,Omega_safe_one_step_QP,False,0.33251953125,0.0,0.0,False,False,False,1.3270881835552564,4.229779932816444e-06,2.326999196239604e-05,0.0023831033672618938,0.2576546648365737,0.0001303625321879733,0.010674142677669725,0.0,0.0,0.0,0.0,4.704083889165823e-34,20.0,0.0,-18.94126389395095,20.0,20.0,0.0,0.0,0.0,0.0,0.0,False,0.1,-0.09243806451559067,0.001875889371149242,25.368521685549467,50.108393367400765,186.33377198576977,209.71050915372825,-0.9243806004524231,0.01875889301300049,-0.03082716131839222,0.007546954981238058,-0.030827161318392235,0.0075469549812381825,0.0277099609375,0.0,-0.387939453125,0.008434970183010995,-4.9459377354794075e-05,-6.681840149412783e-05,5977.043527110349,False,True,True,Omega_safe_one_step_QP,False,0.3602294921875,0.0,3.1737523602811435,False,False,False,1.2825713901761264,4.64929182772886e-06,2.5577922535096376e-05,0.0026787512931304674,0.28961931576013733,9.63331413372484e-06,0.0007887800873177401,0.0,0.0,0.0,0.0,8.187939191317274e-07,0.0,0.0,0.9921368976122171,0.0,0.0,0.0,0.0,0.0,0.0,0.0,False,8.903358675825984,-0.14918146063183677,0.1609280581289043,0.1014046517965964
449,9.170091878327185,-2822.844035602967,9.102903184983,4.778976762804671,37.06247363163982,23.5070235666424,0.1,0.0,0.0,25.420627385216534,50.1299286030803,187.7878180020885,208.3555029314377,0.0,0.0,0.0,0.0,-6.938893903907228e-17,1.249000902703301e-16,0.055419921875,0.0,nan,nan,0.0007574663072039823,-6.616180899495132e-05,5969.514093660703,False,True,True,Omega_safe_one_step_QP,False,0.33251953125,0.0,0.0,False,False,False,1.320218557424355,5.823253048008331e-06,3.2036430683031606e-05,0.0002506707746685092,0.027101843469654753,3.5658795614021864e-06,0.0002919758198230579,0.0,0.0,0.0,0.0,5.007417855406813e-35,20.0,0.0,-18.707207298295806,20.0,20.0,0.0,0.0,0.0,0.0,0.0,False,0.1,-0.0938187688589096,0.0008811469306237996,25.360999675238308,50.10590622789353,187.952789477076,209.06502378130273,-0.9381876587867737,0.008811469189822674,-0.03154912881608657,-0.000977709750860617,-0.03154912881608661,-0.000977709750860728,0.23243288547547625,-0.05033574002966734,-0.32560894130464346,-0.045094604926237514,0.000755361467752033,-6.630849642187274e-05,5978.68418553903,True,True,True,Z_mode_existing_controller,False,0.07831197579104432,0.0,3.1564274827895997,False,False,False,1.274368098032719,3.5057850757367913e-06,1.928695861960896e-05,0.00026212176371555437,0.02833989331067093,4.1665136601531974e-05,0.003411560095565413,0.0,0.0,0.0,0.0,7.319114586241808e-07,20.0,0.0,-18.757403374243594,20.0,20.0,0.0,0.0,0.0,0.0,0.0,False,9.170091878327185,-0.1536153819967578,0.1540698260625621,0.10086071499945438
450,1.7953467124934832,-2821.0486888904734,9.67868605943724,3.508253574779019,42.9504503382293,20.218843215371134,0.1,0.0,0.0,25.426140980799047,50.12768706950985,186.7248268820843,207.994113331163,0.0,0.0,0.0,0.0,2.7755575615628914e-17,6.938893903907228e-17,0.055419921875,0.0,nan,nan,-0.00039159217467739523,-0.00013608355025313245,6001.364979802951,False,True,True,Omega_safe_one_step_QP,False,0.33251953125,0.0,0.0,False,False,False,1.1609641267131154,2.467201518937595e-06,1.3573226131663286e-05,0.00011299501212077811,0.012216713876592908,1.3060244318672166e-05,0.0010693786697984471,0.0,0.0,0.0,0.0,1.2518544638517033e-34,20.0,0.0,-18.852335539059407,20.0,20.0,0.0,0.0,0.0,0.0,0.0,False,0.1,-0.09316404163837433,0.0010837990557774901,25.36689450704053,50.10371096945412,186.55522209529744,209.4873913883757,-0.9316403865814209,0.010837990790605545,-0.03132164756978752,0.007471727786594634,-0.0313216475697876,0.0074717277865947035,0.0277099609375,0.0,-0.387939453125,0.0048353467128872535,-0.0003917599379802748,-0.0001364120576317809,6003.1603265154445,False,True,True,Omega_safe_one_step_QP,False,0.3602294921875,0.0,3.2200501899861065,False,False,False,1.1519873931506481,7.198502489524665e-06,3.960231920647208e-05,0.00019531945866114124,0.021117409487452936,1.7839439550454756e-05,0.0014607013215779323,0.0,0.0,0.0,0.0,7.144474241677866e-07,0.0,0.0,1.1293689655749868,0.0,0.0,0.0,0.0,0.0,0.0,0.0,False,1.7953467124934832,-0.02991563950093953,0.14820485691574747,0.10058089151162124
451,2.3103113090364786,-2818.738377581437,9.018282187922305,2.340070592514942,39.902561793173305,22.05971818055487,0.1,0.0,0.0,25.413546225009068,50.123887941181934,189.2499999355993,208.30954635530824,0.0,0.0,0.0,0.0,-1.1796119636642288e-16,-9.71445146547012e-17,0.055419921875,0.0,nan,nan,-0.00030831165356524947,-0.00010088735583847186,5996.4359668697725,False,True,True,Omega_safe_one_step_QP,False,0.33251953125,0.0,0.0,False,False,False,1.1856091913790079,9.45107083620925e-07,5.199474816369101e-06,0.0006376498950198292,0.06894097513410767,9.94979927214178e-06,0.000814694032575825,0.0,0.0,0.0,0.0,4.896676883604547e-34,0.0,0.0,1.115848322737508,0.0,0.0,0.0,0.0,0.0,0.0,0.0,False,0.1,-0.09661652892827988,0.004335548263043165,25.354437698236932,50.09987857918188,189.11919482852605,209.17199381724362,-0.96616530418396,0.04335548356175423,-0.03250082104405076,0.0009061710564664538,-0.03250082104405075,0.0009061710564665371,0.23243288547547625,-0.05033574002966734,-0.32560894130464346,-0.02529429733203164,-0.00031076605706695324,-0.00010105323656893917,5998.746278178809,True,True,True,Z_mode_existing_controller,False,0.07831197579104432,0.0,3.251345128590603,False,False,False,1.1740576348338254,1.0804789037115673e-05,5.944218329147232e-05,0.0006573956176739789,0.07107582904867216,9.947562787601616e-06,0.0008145109082173345,0.0,0.0,0.0,0.0,4.449698525893709e-07,0.0,0.0,1.1021074077237918,0.0,0.0,0.0,0.0,0.0,0.0,0.0,False,2.3103113090364786,-0.03852807437285943,0.14435267373601535,0.1002841176064024
452,-5.2199897137288644,-2823.9583672951658,8.165497142297385,5.761302091852378,40.35013631998705,24.952763788635853,0.1,0.0,0.0,25.404300475271217,50.121194623491945,191.10194808702312,208.54477138110235,0.0,0.0,0.0,0.0,6.938893903907228e-17,1.3877787807814457e-16,0.26014284641297625,-0.05033574002966734,nan,nan,0.002264083478294672,-2.4728648001011368e-05,5952.465551106735,True,True,True,Z_mode_existing_controller,False,0.05060201485354432,0.0,0.0,False,False,False,1.405461270194196,9.127070750175018e-06,5.021227259342843e-05,0.00034297119555620753,0.03708111433754787,5.533081275983876e-06,0.0004530511796275422,0.0,0.0,0.0,0.0,9.07594486292485e-34,20.0,0.0,-18.63212310759557,20.0,20.0,0.0,0.0,0.0,0.0,0.0,False,0.1,-0.09662865847349167,0.003961249720305204,25.345326622810973,50.09717940318947,190.64756820669237,209.3308766926047,-0.9662865400314331,0.03961249440908432,-0.03253604372901199,0.000697106836190467,-0.032536043729011935,0.0006971068361903837,0.23243288547547625,-0.05033574002966734,-0.32560894130464346,-0.02745905866853909,0.002259191606637554,-2.4757888239515394e-05,5947.245561393006,True,True,True,Z_mode_existing_controller,False,0.07831197579104432,0.0,3.254351086587357,False,False,False,1.4315612187628404,2.9321092711247973e-06,1.6130900485526954e-05,0.0002335925183087534,0.02525538876743101,2.5243768083006684e-06,0.00020669710668973747,0.0,0.0,0.0,0.0,4.4948485735550955e-10,20.0,0.0,-18.59391699846125,20.0,20.0,0.0,0.0,0.0,0.0,0.0,False,-5.2199897137288644,0.08769458082387924,0.14070311913228328,0.10025751248304227
453,-4.101288704117906,-2828.0596559992837,9.482280556825561,4.8793400070394775,35.50001131220251,25.20934827788951,0.1,0.0,0.0,25.43518036848711,50.12031902723151,185.02223710762206,207.19042941840922,0.0,0.0,0.0,0.0,9.71445146547012e-17,1.5265566588595902e-16,0.055419921875,0.0,nan,nan,0.0003690912284425936,-1.595083666136441e-05,5942.046365723945,False,True,True,Omega_safe_one_step_QP,False,0.33251953125,0.0,0.0,False,False,False,1.4575571971081445,8.169204831859706e-06,4.494260547734074e-05,0.003696288559304976,0.39963268189294787,0.00018342421519114708,0.015018857110467557,0.0,0.0,0.0,0.0,9.62964972193618e-36,20.0,0.0,-18.957139284500748,20.0,20.0,0.0,0.0,0.0,0.0,0.0,False,0.1,-0.09420979022979736,0.004089381080120802,25.376042157621622,50.09625118059565,184.59875732100534,208.8250126596809,-0.9420979022979736,0.040893808007240295,-0.02967490660705545,0.009626869406444749,-0.029674906607055546,0.00962686940644486,0.0277099609375,0.0,-0.387939453125,0.018042167864766943,0.0003690610431567906,-1.6087581558411152e-05,5937.945077019827,False,True,True,Omega_safe_one_step_QP,False,0.3602294921875,0.0,3.1197382850268243,False,False,False,1.478063640628734,3.5440323274234567e-06,1.949737458768979e-05,0.003658811313080594,0.39558074379928665,2.558984198059274e-05,0.0020953077530436997,0.0,0.0,0.0,0.0,8.792676519175472e-07,20.0,0.0,-18.919632787565835,20.0,20.0,0.0,0.0,0.0,0.0,0.0,False,-4.101288704117906,0.0690214860620366,0.13155095348313367,0.10019175650498144
454,0.35074598317441996,-2827.7089100161093,8.004632491276212,4.115496033021936,40.15972404369455,27.288023700391047,0.1,0.0,0.0,25.432609688644206,50.118677479994346,185.54590478943604,207.20243130813301,0.0,0.0,0.0,0.0,-4.163336342344337e-17,-4.163336342344337e-17,0.055419921875,0.0,nan,nan,0.001701686074396796,4.4132438609088614e-05,5806.981728682149,False,True,True,Omega_safe_one_step_QP,False,0.33251953125,0.0,0.0,False,False,False,2.1328803823171256,1.6360919635419458e-05,9.000904880649733e-05,2.7422784097642323e-05,0.002964876951049716,1.440453569420457e-08,1.1794498513101972e-06,0.0,0.0,0.0,0.0,5.700752635386218e-34,20.0,14.685677279938503,-32.55585296307108,34.6856772799385,34.6856772799385,0.0,0.0,0.0,0.0,0.0,False,0.1,-0.09255212545394897,0.001586494385264814,25.373405832067878,50.094535715211684,185.3124553048163,208.7483007756458,-0.9255212545394897,0.015864944085478783,-0.029827421113106878,0.008404974146155347,-0.02982742111310681,0.00840497414615525,0.0277099609375,0.0,-0.387939453125,0.0071249088923071285,0.001696587882197101,4.4065401153172345e-05,5807.332474665323,False,True,True,Omega_safe_one_step_QP,False,0.3602294921875,0.0,3.0989008384524706,False,False,False,2.1311266524012535,2.3877783317847723e-06,1.3136282140243044e-05,5.093648120958288e-05,0.005507114032190963,5.884713152217729e-07,4.818429555614798e-05,0.0,0.0,0.0,0.0,1.5162887016742743e-08,20.0,1.7068961398147078,-19.58133793718623,21.70689613981471,21.70689613981471,0.0,0.0,0.0,0.0,0.0,False,0.35074598317441996,-0.006040073820828417,0.1144601283824569,0.09997365633735923
455,14.131421490389585,-2813.5774885257197,9.215608883284734,5.48931090304606,36.29260405488962,24.477200689971767,0.1,0.0,0.0,25.450465950659723,50.11832324379685,182.0275087487317,206.42512794190614,0.0,0.0,0.0,0.0,-1.3877787807814457e-16,-6.938893903907228e-17,0.055419921875,0.0,nan,nan,0.0009861728574802981,-3.765386527115205e-05,5843.9689842788885,False,True,True,Omega_safe_one_step_QP,False,0.33251953125,0.0,0.0,False,False,False,1.9479441043334282,1.8805869850193218e-05,0.0001034598601370907,0.0012379110699244015,0.1338395833770832,6.042005231476305e-05,0.0049472210164658685,0.0,0.0,0.0,0.0,1.020742870525235e-34,20.0,24.37067614436824,-42.5616223042885,44.37067614436824,44.37067614436824,0.0,0.0,0.0,0.0,0.0,False,0.1,-0.0889497771859169,-0.009493137709796429,25.391274766689975,50.09414189911402,182.39224961585333,207.5780652289578,-0.8894977569580078,-0.09493137896060944,-0.025701994936011288,0.004161743961442102,-0.025701994936011358,0.004161743961442213,0.0277099609375,0.0,-0.387939453125,-0.044360056332060555,0.0009851196350593974,-3.7863625222507406e-05,5858.100405769278,False,True,True,Omega_safe_one_step_QP,False,0.3602294921875,0.0,2.603675587494253,False,False,False,1.8772869968814803,2.939586634941905e-06,1.617203695094305e-05,0.000852760126585167,0.09219810924682782,0.00013694512347321405,0.01121312820816042,0.0,0.0,0.0,0.0,3.502414354312422e-07,20.0,5.240853794798495,-23.46699455765039,25.240853794798497,25.240853794798497,0.0,0.0,0.0,0.0,0.0,False,14.131421490389585,-0.24181205493056393,0.08258871495485004,0.09926893682735695
456,16.450584297577734,-2797.126904228142,6.709752895699018,3.8145074753577513,36.89944482110735,26.77848584224087,0.1,0.0,0.0,25.454680657591528,50.115788099501565,181.22403714345768,206.1022978220226,0.0,0.0,0.0,0.0,-5.551115123125783e-17,8.326672684688674e-17,0.055419921875,0.0,nan,nan,0.00297108623784154,6.062762639835544e-06,5580.302150004416,False,True,True,Omega_safe_one_step_QP,False,0.33251953125,0.0,0.0,False,False,False,3.2662782757057904,4.299698324960273e-05,0.0002365464564392391,6.455666204815981e-05,0.006979690999344986,1.0421928630402607e-05,0.0008533521964501351,0.0,0.0,0.0,0.0,3.0237100126879604e-34,20.0,185.94988438301786,-202.6916756969643,205.94988438301786,205.94988438301786,0.0,0.0,0.0,0.0,0.0,False,0.1,-0.0892321839928627,-0.011139437556266785,25.39604729350861,50.091671007373755,181.71901956195464,207.23046868519032,-0.8923218250274658,-0.11139437556266785,-0.025131996126767836,0.003779237176812153,-0.025131996126767725,0.0037792371768120697,0.0277099609375,0.0,-0.387939453125,-0.05188823680050729,0.0029605687257655334,5.6469114617725864e-06,5596.752734301994,False,True,True,Omega_safe_one_step_QP,False,0.3602294921875,0.0,2.541456005825136,False,False,False,3.184025354217902,1.0142025225592872e-05,5.579601048530619e-05,4.5323870547243565e-05,0.004900293808221931,1.2082335723909777e-05,0.0009893070749082686,0.0,0.0,0.0,0.0,4.712100828272498e-09,20.0,117.99427752395903,-134.81619757134683,137.99427752395903,137.99427752395903,0.0,0.0,0.0,0.0,0.0,False,16.450584297577734,-0.29479737575795456,0.014194081350290775,0.09849460466962957
457,38.614607693722064,-2758.51229653442,12.737072555654045,5.594564568527916,39.9260481975673,23.5577125732525,0.1,0.0,0.0,25.48801210195282,50.11400916729868,174.67166514782463,204.59507142912162,0.0,0.0,0.0,0.0,0.0,-6.938893903907228e-17,0.055419921875,0.0,nan,nan,-0.0024850544196085306,-1.1903431492705022e-05,6003.117480538214,False,True,True,Omega_safe_one_step_QP,False,0.33251953125,0.0,0.0,False,False,False,1.152201623036799,9.138669900042127e-06,5.027608492609476e-05,0.004293357876915627,0.46418619519267873,0.00022717313994572843,0.018601038715774853,0.0,0.0,0.0,0.0,2.6385240238105133e-34,20.0,0.0,-19.330635886956582,20.0,20.0,0.0,0.0,0.0,0.0,0.0,False,0.1,-0.08221182227134705,0.0066713690757751465,25.429897957758822,50.08997344137985,175.97373368613,206.53543408839093,-0.8221182227134705,0.06671369075775146,-0.01783121616000427,0.01174713828636438,-0.01783121616000438,0.011747138286364506,0.0277099609375,0.0,-0.387939453125,0.03372934172640359,-0.0024703590016569264,-1.164291359301425e-05,6041.732088231936,False,True,True,Omega_safe_one_step_QP,False,0.3602294921875,0.0,2.1352927847575653,False,False,False,0.9591285845681887,4.2976164406949936e-06,2.3643192227696784e-05,0.0033008309794950045,0.35687688221477837,4.830730907480883e-05,0.003955424160488726,0.0,0.0,0.0,0.0,1.1678883621469992e-06,20.0,0.0,-19.401728532887667,20.0,20.0,0.0,0.0,0.0,0.0,0.0,False,38.614607693722064,-0.643242578858544,-0.0680048884937289,0.0969299802879613
458,5.775478814493908,-2752.736817719926,9.66236009195504,4.307094837111252,41.97734172203665,26.88565254129768,0.1,0.0,0.0,25.434087504319912,50.110858323823926,185.33688257428548,206.68638276054668,0.0,0.0,0.0,0.0,9.71445146547012e-17,-6.938893903907228e-17,0.055419921875,0.0,nan,nan,3.0600077227225034e-05,5.9926009410010824e-05,5966.759305527973,False,True,True,Omega_safe_one_step_QP,False,0.33251953125,0.0,0.0,False,False,False,1.3339924980880051,6.498829519179391e-06,3.575309190508877e-05,0.011374686275368433,1.2298001925399282,0.00043735830849468606,0.035811094704765636,0.0,0.0,0.0,0.0,9.437056727497456e-35,20.0,0.0,-19.931654542248594,20.0,20.0,0.0,0.0,0.0,0.0,0.0,False,0.1,-0.09060204029083252,-0.02945580892264843,25.377522354742887,50.087022882492064,185.37158030216187,207.0071746246357,-0.9060204029083252,-0.2945580780506134,-0.029195245582707807,-0.004228019964466576,-0.02919524558270789,-0.004228019964466437,0.0277099609375,0.0,-0.387939453125,-0.13513260496270088,3.05383876025155e-05,5.989090197747963e-05,5972.534784342467,False,True,True,Omega_safe_one_step_QP,False,0.3602294921875,0.0,2.9499805379943553,False,False,False,1.3051151040155355,5.305322961110783e-06,2.9187055739034482e-05,0.008831952101846167,0.9548866784022162,2.2253913353649977e-05,0.001822160418998627,0.0,0.0,0.0,0.0,3.84346845859163e-06,20.0,0.0,-19.651626765329876,20.0,20.0,0.0,0.0,0.0,0.0,0.0,False,5.775478814493908,-0.09679423148748684,-0.09944185783161112,0.09652466216727253
459,8.135441356716,-2744.60137636321,9.846049050504224,4.083647829033685,39.943036414568354,21.475388261520486,0.1,0.0,0.0,25.42672796120343,50.11080807693527,186.7858966693502,206.98752925678403,0.0,0.0,0.0,0.0,1.1102230246251565e-16,-1.3877787807814457e-17,0.055419921875,0.0,nan,nan,-0.0003410656620983516,-0.00010714681641696064,6020.680203334529,False,True,True,Omega_safe_one_step_QP,False,0.33251953125,0.0,0.0,False,False,False,1.0643880090552238,3.5292951851109173e-06,1.9416298695182746e-05,0.00020996418476962054,0.022700757507072844,9.068921219603281e-06,0.0007425673420566051,0.0,0.0,0.0,0.0,3.274080905458301e-35,20.0,0.0,-18.959074732092603,20.0,20.0,0.0,0.0,0.0,0.0,0.0,False,0.1,-0.0876157209277153,-0.004273967817425728,25.370458164723633,50.08701019223748,186.8944161702012,208.32150437828642,-0.8761572241783142,-0.04273967817425728,-0.029602906928275545,0.005692216710141473,-0.029602906928275517,0.005692216710141362,0.0277099609375,0.0,-0.387939453125,-0.020275724495842595,-0.0003406198369219045,-0.00010741636284558836,6028.815644691245,False,True,True,Omega_safe_one_step_QP,False,0.3602294921875,0.0,3.014520574949452,False,False,False,1.023710802271644,8.479393011150812e-06,4.6649095307445936e-05,0.0002319029080987078,0.025072712699596853,0.0001727462701331575,0.01414454217395688,0.0,0.0,0.0,0.0,9.857728345290363e-07,0.0,0.0,0.9844459125299482,0.0,0.0,0.0,0.0,0.0,0.0,0.0,False,8.135441356716,-0.13512495402446753,-0.1211943309091192,0.09603664528184745
460,8.00571342835974,-2736.59566293485,10.559917765343924,5.953218150294322,43.25232082538278,21.502156597159114,0.1,0.0,0.0,25.414992054296977,50.10764162636052,189.134322091679,207.30160628295556,0.0,0.0,0.0,0.0,0.0,8.326672684688674e-17,0.055419921875,0.0,nan,nan,6.179565777801599e-05,-8.396621669677922e-05,6147.893789515234,False,True,True,Omega_safe_one_step_QP,False,0.33251953125,0.0,0.0,False,False,False,0.4283200781517007,2.976177484921666e-06,1.6373340280773574e-05,0.0005515101964240212,0.05962778483119316,9.864437836875304e-06,0.0008077045999228046,0.0,0.0,0.0,0.0,2.1763008371575767e-34,20.0,0.0,-19.632131784619695,20.0,20.0,0.0,0.0,0.0,0.0,0.0,False,0.1,-0.09083619713783264,-0.00016078898624982685,25.359083924990536,50.08385937971584,189.25233942114707,207.9316670197696,-0.9083619713783264,-0.0016078897751867771,-0.030491362986564415,-0.001512439357607559,-0.03049136298656452,-0.00151243935760767,0.23243288547547625,-0.05033574002966734,-0.32560894130464346,-0.05132352884558208,6.408138829515266e-05,-8.406101060337394e-05,6155.899502943594,True,True,True,Z_mode_existing_controller,False,0.07831197579104432,0.0,3.0528850119008486,False,False,False,0.388291511009902,9.932592100752775e-06,5.4643821196715126e-05,0.0005559802057351157,0.060111070099758614,1.5197316609536733e-05,0.0012443631086730348,0.0,0.0,0.0,0.0,5.269642322206338e-07,0.0,0.0,0.3268809070160414,0.0,0.0,0.0,0.0,0.0,0.0,0.0,False,8.00571342835974,-0.13021879854224022,-0.13868961741866812,0.09555096570690207
461,-1.306624607287631,-2737.902287542138,10.093552073515546,5.342963031484961,46.42345742191888,21.320779519781116,0.1,0.0,0.0,25.411250806454756,50.10531162061272,189.8968590148067,207.3250564777764,0.0,0.0,0.0,0.0,-1.3183898417423734e-16,5.551115123125783e-17,0.055419921875,0.0,nan,nan,0.0002605173508850797,-8.396777665904231e-05,6119.030728848452,False,True,True,Omega_safe_one_step_QP,False,0.33251953125,0.0,0.0,False,False,False,0.5726353814856111,3.1823278339369367e-06,1.7507469488634344e-05,5.8146255913305645e-05,0.006286615295272662,5.4991163713530365e-08,4.502701179836931e-06,0.0,0.0,0.0,0.0,1.8151889725849698e-34,0.0,0.0,0.5663267560196701,0.0,0.0,0.0,0.0,0.0,0.0,0.0,False,0.1,-0.09165709465742111,-3.986321098636836e-05,25.355738321499825,50.08156994161193,189.62840119233442,207.89902299617128,-0.9165709614753723,-0.0003986321098636836,-0.030794870824324347,-0.001457814938083335,-0.030794870824324472,-0.0014578149380833488,0.23243288547547625,-0.05033574002966734,-0.32560894130464346,-0.05057844179938085,0.00026101175453727057,-8.408434785655986e-05,6117.724104241164,True,True,True,Z_mode_existing_controller,False,0.07831197579104432,0.0,3.0829357655983225,False,False,False,0.5791685045220493,1.0449153180471289e-05,5.7485664593785796e-05,1.4142245574856843e-05,0.0015290211887925278,1.0656322766878524e-07,8.725444936045468e-06,0.0,0.0,0.0,0.0,9.510083479009108e-10,0.0,0.0,0.5775732712727186,0.0,0.0,0.0,0.0,0.0,0.0,0.0,False,-1.306624607287631,0.021353457192615315,-0.14584398716687444,0.09539277917175579
462,-9.477352265404988,-2747.379639807543,7.945616511456796,4.497044585939774,41.19039419418729,25.249399197028765,0.1,0.0,0.0,25.41112800610626,50.10310606900492,189.94460043044398,207.20299485440378,0.0,0.0,0.0,0.0,9.020562075079397e-17,9.71445146547012e-17,0.26014284641297625,-0.05033574002966734,nan,nan,0.0019460724531294795,-1.5815921117126553e-05,5904.194529949479,True,True,True,Z_mode_existing_controller,False,0.05060201485354432,0.0,0.0,False,False,False,1.6468163759804748,1.083262232945554e-05,5.9595307212651004e-05,2.2792427670524947e-07,2.4642553877167088e-05,1.4899039900358394e-06,0.00012199400777778961,0.0,0.0,0.0,0.0,5.103714352626175e-34,20.0,0.03473539097288364,-18.388125246861275,20.034735390972884,20.034735390972884,0.0,0.0,0.0,0.0,0.0,False,0.1,-0.09366248548030853,-9.992901323130354e-05,25.355669854114495,50.07934427286093,189.31889722866669,207.72016941764863,-0.9366248250007629,-0.0009992901468649507,-0.03149709309752505,-0.0015227433908096,-0.03149709309752495,-0.0015227433908097388,0.23243288547547625,-0.05033574002966734,-0.32560894130464346,-0.050931117878183385,0.001941307608525749,-1.5773388574710345e-05,5894.717177684074,True,True,True,Z_mode_existing_controller,False,0.07831197579104432,0.0,3.1533880526005813,False,False,False,1.6942031373074997,5.814825171686348e-06,3.199006500505601e-05,9.579270352603986e-06,0.0010356846983582259,3.1988602550357227e-06,0.00026192411419980344,0.0,0.0,0.0,0.0,4.973318249522905e-09,20.0,0.0,-18.30712646654338,20.0,20.0,0.0,0.0,0.0,0.0,0.0,False,-9.477352265404988,0.16051897032407034,-0.14489756239965024,0.09552647609698055
463,-6.665464558492204,-2754.045104366035,10.5231269001528,4.413823027202962,45.700586493814164,24.513389777922818,0.1,0.0,0.0,25.436334601443352,50.10227674775964,184.98277392132903,206.09009630597185,0.0,0.0,0.0,0.0,-9.71445146547012e-17,-9.71445146547012e-17,0.055419921875,0.0,nan,nan,-0.0007374159101704121,1.537855712545333e-05,6043.331379362023,False,True,True,Omega_safe_one_step_QP,False,0.33251953125,0.0,0.0,False,False,False,0.9511321289177568,4.68902315875484e-06,2.5796503115721107e-05,0.002461972230655592,0.2661817521811285,0.0001238543179101894,0.010141247169950202,0.0,0.0,0.0,0.0,7.28483001464472e-34,20.0,0.0,-19.325216666936438,20.0,20.0,0.0,0.0,0.0,0.0,0.0,False,0.1,-0.09027953445911407,-0.0022193449549376965,25.380562476513806,50.078442626762204,184.4696586551209,207.49150042784663,-0.9027953147888184,-0.02219344861805439,-0.028185953485476978,0.007704263161197211,-0.028185953485477075,0.007704263161197211,0.0277099609375,0.0,-0.387939453125,-0.01021792409153581,-0.0007351525953440429,1.5190440548250219e-05,6036.6659148035305,False,True,True,Omega_safe_one_step_QP,False,0.3602294921875,0.0,2.9219918629976736,False,False,False,0.9844594517102178,9.328924927031423e-06,5.132276655472938e-05,0.002351511474316441,0.2542390351579643,5.228950689706851e-06,0.0004281488306467528,0.0,0.0,0.0,0.0,9.610129544125173e-07,0.0,0.0,0.7297399839420975,0.0,0.0,0.0,0.0,0.0,0.0,0.0,False,-6.665464558492204,0.11029454021427264,-0.14406602755124706,0.0955574426915537
464,-7.4404439934096445,-2761.4855483594447,10.003420802877372,4.758689485386386,40.067972674704386,28.713607082617813,0.1,0.0,0.0,25.417187609942474,50.10130324630444,188.7664044457448,206.83680700587317,0.0,0.0,0.0,0.0,-8.326672684688674e-17,-1.1102230246251565e-16,0.055419921875,0.0,nan,nan,-0.0001362498711984805,0.00011194949723512771,6084.001856880242,False,True,True,Omega_safe_one_step_QP,False,0.33251953125,0.0,0.0,False,False,False,0.7477797413266626,3.038199811508396e-06,1.6714554023352687e-05,0.0014315859945290756,0.1547791903080242,5.575768693471102e-05,0.004565464445411057,0.0,0.0,0.0,0.0,3.851859888774472e-36,0.0,0.0,0.588418372019204,0.0,0.0,0.0,0.0,0.0,0.0,0.0,False,0.1,-0.0902806892991066,-0.0015463449526578188,25.36129944521895,50.077385132782254,188.24183609426635,207.27363781463941,-0.9028068780899048,-0.0154634490609169,-0.030370014869319874,-0.0022769369571460224,-0.030370014869319832,-0.0022769369571461195,0.23243288547547625,-0.05033574002966734,-0.32560894130464346,-0.059893987412498594,-0.00013550234242791373,0.00011194563152697569,6076.561412886832,True,True,True,Z_mode_existing_controller,False,0.07831197579104432,0.0,3.0455249876983874,False,False,False,0.7849819612937108,1.1028546863746395e-05,6.067317944491832e-05,0.0014229322632397937,0.15384357237992421,4.746411823347734e-06,0.0003886383315747396,0.0,0.0,0.0,0.0,1.0439447993081005e-06,0.0,0.0,0.6306880334579676,0.0,0.0,0.0,0.0,0.0,0.0,0.0,False,-7.4404439934096445,0.12229522883848955,-0.13617047466649507,0.09561376655481138
465,-14.804126639352035,-2776.2896749987967,10.602011420397588,4.830074879351601,37.69314027612024,27.208581139910557,0.1,0.0,0.0,25.41019035405924,50.10285122785236,190.12519883190657,207.21058883695056,0.0,0.0,0.0,0.0,-8.326672684688674e-17,6.938893903907228e-17,0.26014284641297625,-0.05033574002966734,nan,nan,-0.0007902332879909226,6.536662428409997e-05,6177.932166957616,True,True,True,Z_mode_existing_controller,False,0.05060201485354432,0.0,0.0,False,False,False,0.27812819093979213,1.227022973998125e-06,6.750425600416393e-06,0.00018463221838647576,0.019961934089774033,1.3971285724356995e-05,0.0011439751492187955,0.0,0.0,0.0,0.0,3.2548216060144285e-34,0.0,0.0,0.2570155312751988,0.0,0.0,0.0,0.0,0.0,0.0,0.0,False,0.1,-0.09231787919998169,-0.0005144744645804167,25.35415475596926,50.078878584878225,189.29628010872383,207.66039268224634,-0.9231787919998169,-0.005144744645804167,-0.03108198584009436,-0.0017330173374057178,-0.03108198584009432,-0.0017330173374057456,0.23243288547547625,-0.05033574002966734,-0.32560894130464346,-0.053445628087475286,-0.0007880111892647626,6.530288618757747e-05,6163.128040318264,True,True,True,Z_mode_existing_controller,False,0.07831197579104432,0.0,3.113026168948118,False,False,False,0.3521488241365523,1.712694852833275e-05,9.422333098291926e-05,0.00011118521796252229,0.012021043846633462,1.4957932761764994e-05,0.0012247622517169833,0.0,0.0,0.0,0.0,8.027512159640797e-09,0.0,0.0,0.3388087866797068,0.0,0.0,0.0,0.0,0.0,0.0,0.0,False,-14.804126639352035,0.23962915485753017,-0.08950232929133856,0.09592116502522724
466,-20.926194410924836,-2797.2158694097216,11.962991787465295,6.558489208227016,40.311157384279355,23.035365192608243,0.1,0.0,0.0,25.39450261058168,50.10367472372567,193.20574011394362,207.9104560028853,0.0,0.0,0.0,0.0,1.3877787807814457e-16,-2.7755575615628914e-17,0.26014284641297625,-0.05033574002966734,nan,nan,-0.000995025786824094,-3.018781788887261e-05,6391.327772078625,True,True,True,Z_mode_existing_controller,False,0.05060201485354432,0.0,0.0,False,False,False,-0.7888498346652523,1.8126375852702455e-06,9.972164677581591e-06,0.0009489734590334449,0.1026004334872797,4.898140499535162e-05,0.004010619437180143,0.0,0.0,0.0,0.0,5.87408633038107e-34,0.0,0.0,-0.8954708597543897,0.0,0.0,0.0,0.0,0.0,0.0,0.0,False,0.1,-0.09349124878644943,-0.0004406179941724986,25.33809591347077,50.07959751900189,192.14093364078587,208.32700440831826,-0.9349125027656555,-0.004406179767102003,-0.03150457347339507,-0.0017101801154013885,-0.03150457347339516,-0.0017101801154012636,0.23243288547547625,-0.05033574002966734,-0.32560894130464346,-0.05296575378573401,-0.000990345176829578,-3.0453388409503943e-05,6370.4015776677,True,True,True,Z_mode_existing_controller,False,0.07831197579104432,0.0,3.1550956653763524,False,False,False,-0.6842188626106281,2.626755733124696e-05,0.000144510082717918,0.000809205371747304,0.08748908742513381,4.44371193336585e-05,0.0036385312864908145,0.0,0.0,0.0,0.0,1.7910184652768505e-09,0.0,0.0,-0.7754909931959891,0.0,0.0,0.0,0.0,0.0,0.0,0.0,False,-20.926194410924836,0.3274154472618934,-0.049061566535663514,0.09643122714223426
467,-24.79037416245319,-2822.0062435721748,10.260788208532635,3.0223335112306686,44.80798468561621,29.501159116889628,0.1,0.0,0.0,25.378288392309322,50.10306345709459,196.4069513488218,208.553603989704,0.0,0.0,0.0,0.0,3.2959746043559335e-17,-4.163336342344337e-17,0.26014284641297625,-0.05033574002966734,nan,nan,-0.0012694881051805856,0.00015775445010033783,6294.719768300723,True,True,True,Z_mode_existing_controller,False,0.05060201485354432,0.0,0.0,False,False,False,-0.30580981577574673,4.676179432612004e-06,2.5725843788555593e-05,0.0010247753370310237,0.11079592669909498,4.136393329489336e-05,0.0033868974335559744,0.0,0.0,0.0,0.0,1.1390070061727637e-34,0.0,0.0,-0.42001836575218626,0.0,0.0,0.0,0.0,0.0,0.0,0.0,False,0.1,-0.0940968319773674,-0.0005158589337952435,25.321358047950522,50.07884118587374,195.15505632315174,208.93354457788766,-0.9409683346748352,-0.005158589221537113,-0.031736436994834624,-0.0017616525897928004,-0.03173643699483463,-0.0017616525897928698,0.23243288547547625,-0.05033574002966734,-0.32560894130464346,-0.053395044532556266,-0.0012692567683711105,0.0001577333770687618,6269.92939413827,True,True,True,Z_mode_existing_controller,False,0.07831197579104432,0.0,3.178529302954786,False,False,False,-0.18185794496348082,3.824316547889585e-05,0.00021039348794629293,0.00090849355443524,0.0982238561238519,3.678909773012756e-05,0.003012307843083959,0.0,0.0,0.0,0.0,5.641010819430786e-10,20.0,0.0,-20.283304502982464,20.0,20.0,0.0,0.0,0.0,0.0,0.0,False,-24.79037416245319,0.3938280825032727,-0.015731287297067464,0.09707519333271356
468,-52.9939526151893,-2875.000196187364,8.530215255124642,5.64675458608913,42.28909608511724,25.52216963629038,0.1,0.0,0.0,25.360606709992286,50.106709753668625,199.84736218468586,209.49264004272896,0.0,0.0,0.0,0.0,-6.938893903907228e-17,1.249000902703301e-16,0.26014284641297625,-0.05033574002966734,nan,nan,0.0018727079240982668,1.7429632331582724e-06,6195.776265377135,True,True,True,Z_mode_existing_controller,False,0.05060201485354432,0.0,0.0,False,False,False,0.1889076988421948,7.801614643791964e-07,4.292032042760852e-06,0.0011836426719530916,0.12797223155231488,8.817887088807293e-05,0.007220125546947162,0.0,0.0,0.0,0.0,3.8208644537319896e-34,0.0,0.0,0.05371104971088998,0.0,0.0,0.0,0.0,0.0,0.0,0.0,False,0.1,-0.09458088874816895,-0.011520130559802055,25.30293671809144,50.082318811303395,197.33880483627203,210.13785094149944,-0.9458088874816895,-0.11520130187273026,-0.04311237596400534,0.001124118646836425,-0.04311237596400532,0.0011241186468365638,0.0277099609375,0.0,-0.387939453125,-0.05062688224314159,0.0018707793362161174,2.135981398282416e-06,6142.782312761946,False,True,True,Omega_safe_one_step_QP,False,0.3602294921875,0.0,4.312702869424125,False,False,False,0.4538774619181413,1.862953817371127e-05,0.0001024897773527321,0.0004768757568555088,0.051558511892191315,0.0001450353817435824,0.011875562188443876,0.0,0.0,0.0,0.0,1.377396630604541e-06,0.0,0.0,0.39033952066352284,0.0,0.0,0.0,0.0,0.0,0.0,0.0,False,-52.9939526151893,0.8553238584699535,0.03569031069079765,0.09868781705830672
469,-14.74134466126543,-2889.7415408486295,10.538220263723902,5.990536714965547,36.33682702723527,29.557801240590372,0.1,0.0,0.0,25.39289264374852,50.10776082282812,193.46781273594712,208.18506566072,0.0,0.0,0.0,0.0,7.112366251504909e-17,5.551115123125783e-17,0.26014284641297625,-0.05033574002966734,nan,nan,-7.920390928211566e-05,0.00012967207821283058,6252.290955983606,True,True,True,Z_mode_existing_controller,False,0.05060201485354432,0.0,0.0,False,False,False,-0.09366575419016045,5.362547106538934e-07,2.950187244943516e-06,0.00406986511689028,0.440022764865318,0.00017097507644861284,0.013999516039673478,0.0,0.0,0.0,0.0,2.455861605647536e-34,0.0,0.0,-0.5476909852823969,0.0,0.0,0.0,0.0,0.0,0.0,0.0,False,0.1,-0.0947514995932579,-0.0006216004840098321,25.333436038761324,50.08300181214334,192.63126179007034,208.62617199588857,-0.9475149512290955,-0.006216004490852356,-0.03196460326699897,-0.0018309144602772498,-0.0319646032669991,-0.0018309144602771804,0.23243288547547625,-0.05033574002966734,-0.32560894130464346,-0.05399667490788362,-7.732089385992626e-05,0.00012964712615052068,6237.549611322341,True,True,True,Z_mode_existing_controller,False,0.07831197579104432,0.0,3.201699720113521,False,False,False,-0.019959030883833294,1.947598516113751e-05,0.00010714647696993595,0.0022160961531841913,0.2395982983525967,0.00022851732346031847,0.018711101065584206,0.0,0.0,0.0,0.0,1.3300505676825575e-06,0.0,0.0,-0.2783769068295518,0.0,0.0,0.0,0.0,0.0,0.0,0.0,False,-14.74134466126543,0.23577509052353965,0.0554133068935499,0.09898140006254408
470,-15.91629251457016,-2905.6578333631996,8.223840614900151,4.991169383785941,42.081404442003155,24.377523416680216,0.1,0.0,0.0,25.390620508907865,50.110377504174586,193.88253827574297,208.4186653497113,0.0,0.0,0.0,0.0,-9.020562075079397e-17,-1.1102230246251565e-16,0.26014284641297625,-0.05033574002966734,nan,nan,0.0018852065555658452,-3.641510897166983e-05,6023.973073513447,True,True,True,Z_mode_existing_controller,False,0.05060201485354432,0.0,0.0,False,False,False,1.0479236581606346,4.104739736369346e-06,2.2582087529419326e-05,1.7199727335896178e-05,0.0018595878143139602,5.4568814696827685e-06,0.00044681190526843425,0.0,0.0,0.0,0.0,5.376052883824683e-34,20.0,0.0,-18.954405323646476,20.0,20.0,0.0,0.0,0.0,0.0,0.0,False,0.1,-0.0911865234375,0.00011959479888901114,25.330795677930713,50.0855156591473,192.96851091275406,208.87103983750512,-0.911865234375,0.0011959479888901114,-0.030788887363006542,-0.0013614604267490477,-0.03078888736300641,-0.0013614604267490893,0.23243288547547625,-0.05033574002966734,-0.32560894130464346,-0.04960384569342622,0.001880730953973769,-3.631970081375505e-05,6008.056780998877,True,True,True,Z_mode_existing_controller,False,0.07831197579104432,0.0,3.0818974018378813,False,False,False,1.1275051207334854,8.657146731965447e-06,4.7627001420847045e-05,1.1373697075093582e-05,0.001229693242892349,5.996025985794953e-06,0.0004909573003622216,0.0,0.0,0.0,0.0,1.6026949764971355e-08,20.0,0.0,-18.87426317283814,20.0,20.0,0.0,0.0,0.0,0.0,0.0,False,-15.91629251457016,0.26421586418690735,0.07007129228283475,0.09932163825434445
471,-19.74798607203047,-2925.40581943523,11.304355222448589,4.048419585931186,37.7458355395011,28.62658589127182,0.1,0.0,0.0,25.418149816377014,50.109730318863924,188.4606817521157,207.21799919400019,0.0,0.0,0.0,0.0,0.0,-8.326672684688674e-17,0.055419921875,0.0,nan,nan,-0.002023486918008891,0.00011657220444058253,6207.987227633602,False,True,True,Omega_safe_one_step_QP,False,0.33251953125,0.0,0.0,False,False,False,0.1278528875598613,7.14614735192529e-07,3.9314289178792515e-06,0.0029396528162799578,0.3178272799743249,0.00014415992174700821,0.01180387913078011,0.0,0.0,0.0,0.0,8.907425992790966e-35,0.0,0.0,-0.2017822029741616,0.0,0.0,0.0,0.0,0.0,0.0,0.0,False,0.1,-0.0895596519112587,-0.00026154867373406887,25.357800220804823,50.08475558596169,187.40161148438042,208.53089068771487,-0.8955965042114258,-0.0026154867373406887,-0.03082324210836241,0.0075000692561357635,-0.030823242108362327,0.007500069256135736,0.0277099609375,0.0,-0.387939453125,-0.0012138563590455768,-0.0020191900954407115,0.00011644512691193318,6188.239241561571,False,True,True,Omega_safe_one_step_QP,False,0.3602294921875,0.0,3.1722599088308403,False,False,False,0.22659281792001365,2.4498434614478736e-05,0.00013477731362506425,0.0030990369245626663,0.3350594569600177,1.1570144410302978e-05,0.0009473686201395416,0.0,0.0,0.0,0.0,7.85278885691773e-07,0.0,0.0,-0.10954957025265437,0.0,0.0,0.0,0.0,0.0,0.0,0.0,False,-19.74798607203047,0.31810610022079777,0.08818495087487968,0.09978492095822486
472,-13.484399754491278,-2938.8902191897214,10.850559028119863,4.324309043680316,39.359471592618696,22.13255918000298,0.1,0.0,0.0,25.38256644433224,50.111302923877126,195.45459083591314,208.79678561077725,0.0,0.0,0.0,0.0,-1.3357370765021415e-16,-5.551115123125783e-17,0.26014284641297625,-0.05033574002966734,nan,nan,-0.0013052987328937599,-7.627909073161629e-05,6333.241312498214,True,True,True,Z_mode_existing_controller,False,0.05060201485354432,0.0,0.0,False,False,False,-0.49841753676319966,3.6676956104275225e-06,2.0177703977694725e-05,0.004891476427242426,0.5288531486845257,0.000249256654979976,0.02040924684385976,0.0,0.0,0.0,0.0,1.8612307353179772e-34,0.0,0.0,-1.0477001099955627,0.0,0.0,0.0,0.0,0.0,0.0,0.0,False,0.1,-0.09233769029378891,-0.0001917169865919277,25.321708399770408,50.08616347363424,194.66878312421187,209.2542274588003,-0.9233769178390503,-0.0019171698950231075,-0.031182062083089147,-0.001553215453953899,-0.031182062083089167,-0.001553215453953899,0.23243288547547625,-0.05033574002966734,-0.32560894130464346,-0.05149437955251163,-0.0013029297876024455,-7.640830855912056e-05,6319.756912743723,True,True,True,Z_mode_existing_controller,False,0.07831197579104432,0.0,3.1220721868656884,False,False,False,-0.4309955379907433,3.816092872263344e-05,0.0002099410651990968,0.005281178364277047,0.5709866638950659,5.2321608440429315e-05,0.004284116795253804,0.0,0.0,0.0,0.0,8.209071581620573e-07,0.0,0.0,-1.0064770806534205,0.0,0.0,0.0,0.0,0.0,0.0,0.0,False,-13.484399754491278,0.21291466863706499,0.09471919520189354,0.10002878315217247
473,-19.2493732718749,-2958.1395924615963,9.685074005370417,6.765810811451027,41.70155189987001,22.445755271986954,0.1,0.0,0.0,25.363535702885073,50.11010048528402,199.21800544570328,209.5260328458207,0.0,0.0,0.0,0.0,-4.163336342344337e-17,5.551115123125783e-17,0.26014284641297625,-0.05033574002966734,nan,nan,0.0013158599873360243,-7.485263870229345e-05,6301.65724634134,True,True,True,Z_mode_existing_controller,False,0.05060201485354432,0.0,0.0,False,False,False,-0.34049720597883154,6.411895075423509e-07,3.5274824988231063e-06,0.001416328952518192,0.15312964035575824,5.318015298185304e-05,0.004354414807853599,0.0,0.0,0.0,0.0,2.077897854061541e-34,0.0,0.0,-0.4979847886249422,0.0,0.0,0.0,0.0,0.0,0.0,0.0,False,0.1,-0.09417726844549179,-0.001713625155389309,25.30236379089022,50.08486458885868,198.1791829473043,209.8611697199791,-0.9417726397514343,-0.01713625155389309,-0.03182930046335903,-0.0024313160678634815,-0.03182930046335914,-0.0024313160678634954,0.23243288547547625,-0.05033574002966734,-0.32560894130464346,-0.06048972440311827,0.0013145132266079917,-7.48718844024391e-05,6282.4078730694655,True,True,True,Z_mode_existing_controller,False,0.07831197579104432,0.0,3.192202477614231,False,False,False,-0.244250339619457,2.283850547301419e-05,0.00012564526931222762,0.0012322906917967347,0.13323192335585524,3.683789084048363e-05,0.003016303044871517,0.0,0.0,0.0,0.0,1.1899782090429088e-08,0.0,0.0,-0.3806242231892781,0.0,0.0,0.0,0.0,0.0,0.0,0.0,False,-19.2493732718749,0.30546525333555447,0.10688646330090755,0.10046846997112546
474,-22.453088749125527,-2980.592681210722,9.862434769927622,5.792395434632339,40.13975006484696,27.944362054235807,0.1,0.0,0.0,25.386938546320785,50.10951408435932,194.6089175427448,208.50246250924428,0.0,0.0,0.0,0.0,-1.3400738851920835e-16,-8.326672684688674e-17,0.26014284641297625,-0.05033574002966734,nan,nan,0.0005795028727369014,8.713030701004774e-05,6209.6885441535,True,True,True,Z_mode_existing_controller,False,0.05060201485354432,0.0,0.0,False,False,False,0.11934630496037243,5.925253897556939e-07,3.259758492435244e-06,0.0021243691297198313,0.22968102165707477,0.00010476962339191793,0.008578583812398725,0.0,0.0,0.0,0.0,2.7792259956265377e-34,0.0,0.0,-0.11891656026759351,0.0,0.0,0.0,0.0,0.0,0.0,0.0,False,0.1,-0.09391789138317108,-0.00070617237361148,25.325193511516908,50.084147250179996,193.43504612568753,208.86786378707112,-0.9391788840293884,-0.007061723619699478,-0.031768036972785504,-0.0018650528111839176,-0.03176803697278546,-0.0018650528111838899,0.23243288547547625,-0.05033574002966734,-0.32560894130464346,-0.05453167879690436,0.0005793058072370693,8.714177765463968e-05,6187.235455404374,True,True,True,Z_mode_existing_controller,False,0.07831197579104432,0.0,3.1822737077328482,False,False,False,0.23161174870600007,1.8215914061182248e-05,0.00010021423821668191,0.0022506834182220003,0.243337779528006,9.866566763502057e-05,0.008078789173910438,0.0,0.0,0.0,0.0,3.2440729114266395e-09,0.0,0.0,-0.019905037478205954,0.0,0.0,0.0,0.0,0.0,0.0,0.0,False,-22.453088749125527,0.3615815606447024,0.1252100113276801,0.10101800403220063
475,-26.247761499539592,-3006.8404427102614,10.882311809329634,5.125473931970091,40.856199625217734,23.795262762005702,0.1,0.0,0.0,25.39548578936912,50.11145341681832,192.89871069132244,208.24327306949934,0.0,0.0,0.0,0.0,-1.1102230246251565e-16,-2.7755575615628914e-17,0.26014284641297625,-0.05033574002966734,nan,nan,-0.0008170704818886039,-2.0132524224166534e-05,6273.1345707892,True,True,True,Z_mode_existing_controller,False,0.05060201485354432,0.0,0.0,False,False,False,-0.19788382821812775,8.004177608544699e-07,4.403471376166944e-06,0.0002924807474651969,0.03162222419494999,6.71791656752978e-06,0.0005500660253752697,0.0,0.0,0.0,0.0,3.6098020920531464e-35,0.0,0.0,-0.23006052190982917,0.0,0.0,0.0,0.0,0.0,0.0,0.0,False,0.1,-0.09460684657096863,-0.0002722297504078597,25.333077883756168,50.08593416733337,191.58167161061343,208.60919661758498,-0.9460684657096863,-0.0027222975622862577,-0.032027056109512,-0.0016336853651362782,-0.032027056109512,-0.0016336853651363337,0.23243288547547625,-0.05033574002966734,-0.32560894130464346,-0.05194149682981118,-0.0008146470420786582,-2.0297086585803047e-05,6246.88680928966,True,True,True,Z_mode_existing_controller,False,0.07831197579104432,0.0,3.2068695809372887,False,False,False,-0.06664502072042978,2.6652947255472596e-05,0.00014663029241713692,0.0003434997093126186,0.037138255809730875,6.690870456996675e-06,0.0005478514776991773,0.0,0.0,0.0,0.0,1.2062180828113037e-09,0.0,0.0,-0.10447775950649506,0.0,0.0,0.0,0.0,0.0,0.0,0.0,False,-26.247761499539592,0.4184154062589711,0.1577257106997965,0.10169138642637719
476,-27.918028774588493,-3034.75847148485,9.757530252072373,3.663542358273033,39.94292063496008,25.360018518751602,0.1,0.0,0.0,25.381664265155997,50.11097719186134,195.62665079416882,208.79311949246286,0.0,0.0,0.0,0.0,-1.0581813203458523e-16,2.7755575615628914e-17,0.26014284641297625,-0.05033574002966734,nan,nan,-0.00047350976387490517,7.572362639835114e-06,6224.278134739047,True,True,True,Z_mode_existing_controller,False,0.05060201485354432,0.0,0.0,False,False,False,0.04639835203263374,1.4234256323243107e-06,7.830928215974546e-06,0.0007441657204717569,0.08045717694206365,3.0233108884578474e-05,0.002475500532301619,0.0,0.0,0.0,0.0,3.108571300862523e-35,0.0,0.0,-0.03654215636994751,0.0,0.0,0.0,0.0,0.0,0.0,0.0,False,0.1,-0.09426991641521454,-0.0006854244275018573,25.318519600714442,50.085279517727926,194.21723910249182,209.11584423358724,-0.942699134349823,-0.006854244042187929,-0.031938758514516115,-0.0018589881444519563,-0.03193875851451606,-0.0018589881444519563,0.23243288547547625,-0.05033574002966734,-0.32560894130464346,-0.05439319031909098,-0.00047399434381236154,7.581803730486239e-06,6196.360105964459,True,True,True,Z_mode_existing_controller,False,0.07831197579104432,0.0,3.199281376137113,False,False,False,0.1859884959055762,3.143961743761259e-05,0.00017296399734605293,0.0006946216004246151,0.07510060121784898,2.56691806800768e-05,0.002101804041386216,0.0,0.0,0.0,0.0,5.855780764941162e-10,0.0,0.0,0.10861312606341686,0.0,0.0,0.0,0.0,0.0,0.0,0.0,False,-27.918028774588493,0.44853440303015885,0.19292188819701073,0.10241997520771495
477,-29.572094108748388,-3064.3305655935983,9.810840369335423,4.968468625830261,42.311199138246685,23.371163338066705,0.1,0.0,0.0,25.375253794811524,50.111479960564665,196.88207572447118,209.08475001555792,0.0,0.0,0.0,0.0,5.551115123125783e-17,5.551115123125783e-17,0.26014284641297625,-0.05033574002966734,nan,nan,0.000236650388046017,-4.267654374461808e-05,6259.083541638485,True,True,True,Z_mode_existing_controller,False,0.05060201485354432,0.0,0.0,False,False,False,-0.12762868246455583,8.764290953246171e-07,4.821645174867048e-06,0.000157609175562467,0.017040276079746477,8.504836200069327e-06,0.0006963798073425699,0.0,0.0,0.0,0.0,2.6797509616825523e-34,0.0,0.0,-0.14537015999681976,0.0,0.0,0.0,0.0,0.0,0.0,0.0,False,0.1,-0.0941503569483757,-0.0008484562276862562,25.311257020986297,50.08559425468826,195.40209743688195,209.38329294768454,-0.9415035843849182,-0.008484561927616596,-0.031923342236477664,-0.0019480941204832736,-0.03192334223647779,-0.0019480941204833013,0.23243288547547625,-0.05033574002966734,-0.32560894130464346,-0.055364654189818875,0.00023598235595510483,-4.268643886136555e-05,6229.511447529737,True,True,True,Z_mode_existing_controller,False,0.07831197579104432,0.0,3.1982727373530024,False,False,False,0.020231788079186117,2.8566095933300787e-05,0.0001571554154880876,0.00014038892725737489,0.015178469593967008,7.152881467229852e-06,0.0005856811466931203,0.0,0.0,0.0,0.0,8.177536593051895e-11,0.0,0.0,0.004310481841262537,0.0,0.0,0.0,0.0,0.0,0.0,0.0,False,-29.572094108748388,0.4724668381883762,0.24776459133572298,0.10320000570574936
478,-31.74831542616721,-3096.0788810197655,11.23839224315043,6.616406737475939,41.15978985705569,26.408788236078795,0.1,0.0,0.0,25.380532597169108,50.111171537880274,195.8426506210744,208.83959626339384,0.0,0.0,0.0,0.0,-9.020562075079397e-17,-1.5265566588595902e-16,0.26014284641297625,-0.05033574002966734,nan,nan,-0.00024206257199979543,6.480890660210434e-05,6381.213404034206,True,True,True,Z_mode_existing_controller,False,0.05060201485354432,0.0,0.0,False,False,False,-0.7382779944431604,1.033463270005734e-06,5.685563402456233e-06,0.00010804045455714078,0.01168104056673593,6.010036220012306e-06,0.0004921044646315376,0.0,0.0,0.0,0.0,6.456680138558208e-34,0.0,0.0,-0.7504568250379303,0.0,0.0,0.0,0.0,0.0,0.0,0.0,False,0.1,-0.09428604692220688,-0.0006269505247473717,25.315627314205194,50.08508731323591,194.29979566560513,209.13769790644247,-0.9428604245185852,-0.006269505247473717,-0.0319939587492655,-0.0018266099033080463,-0.03199395874926539,-0.0018266099033081712,0.23243288547547625,-0.05033574002966734,-0.32560894130464346,-0.05404641226115291,-0.00023924620934383505,6.459298515835597e-05,6349.465088608039,True,True,True,Z_mode_existing_controller,False,0.07831197579104432,0.0,3.204605904301755,False,False,False,-0.5795364173123244,3.0760325529281926e-05,0.00016922689577149184,0.0001215069194960001,0.013136998188222502,6.031692428269363e-06,0.0004938776846888147,0.0,0.0,0.0,0.0,1.9745106900935403e-10,0.0,0.0,-0.5933365202784582,0.0,0.0,0.0,0.0,0.0,0.0,0.0,False,-31.74831542616721,0.49752787465305437,0.2772343277886245,0.10404562041288543
479,-31.798231452998152,-3127.8771124727637,8.5976456096539,6.203481171382353,38.19752438296836,28.714225191272025,0.1,0.0,0.0,25.377771987073036,50.11285239406418,196.36469143142986,209.04232730667877,0.0,0.0,0.0,0.0,5.204170427930421e-18,-9.71445146547012e-17,0.26014284641297625,-0.05033574002966734,nan,nan,0.001987027969153005,8.58617628875434e-05,6120.807199048398,True,True,True,Z_mode_existing_controller,False,0.05060201485354432,0.0,0.0,False,False,False,0.563753030485882,1.8317687249520265e-06,1.007741399875138e-05,2.725266076765887e-05,0.00294648367857571,4.109987591139521e-06,0.0003365276296414459,0.0,0.0,0.0,0.0,1.2184516163787372e-34,0.0,0.0,0.5604599417636661,0.0,0.0,0.0,0.0,0.0,0.0,0.0,False,0.1,-0.09453124552965164,-0.0007841213955543935,25.31196326647509,50.08655600980704,194.75812406186563,209.31840153808832,-0.9453124403953552,-0.00784121360629797,-0.03210145409811751,-0.0019181582205540365,-0.03210145409811748,-0.0019181582205539949,0.23243288547547625,-0.05033574002966734,-0.32560894130464346,-0.05496460674501488,0.0019838890559223097,8.610348267877035e-05,6089.0089675954,True,True,True,Z_mode_existing_controller,False,0.07831197579104432,0.0,3.2158710891026536,False,False,False,0.7227441877508727,1.3555705618087805e-05,7.457625828951112e-05,2.1006491881872014e-05,0.002271164859892179,3.265380249000085e-06,0.0002673708011778494,0.0,0.0,0.0,0.0,1.993634441537497e-10,0.0,0.0,0.7201310756321496,0.0,0.0,0.0,0.0,0.0,0.0,0.0,False,-31.798231452998152,0.5195104243430805,0.3092290884696428,0.10489845013488125
480,-32.25299050477679,-3160.1301029775404,9.950042037019308,5.749686964761157,38.368106200574246,23.101878655539288,0.1,0.0,0.0,25.408874553146333,50.11503123039885,190.20516859610794,207.84661177297548,0.0,0.0,0.0,0.0,-2.7755575615628914e-17,1.1102230246251565e-16,0.26014284641297625,-0.05033574002966734,nan,nan,0.0004241210801100869,-6.332694624207563e-05,6112.855442169788,True,True,True,Z_mode_existing_controller,False,0.05060201485354432,0.0,0.0,False,False,False,0.6035118148789297,2.385912090712734e-06,1.312601507778684e-05,0.003793972155885222,0.41019396709889855,0.00014297356375393507,0.01170673960554753,0.0,0.0,0.0,0.0,4.441976860796874e-34,20.0,0.0,-19.818402017840594,20.0,20.0,0.0,0.0,0.0,0.0,0.0,False,0.1,-0.09355910867452621,0.00026670072111301124,25.342025219609727,50.08852281174153,188.6064065134492,208.17629990951392,-0.9355911016464233,0.0026670072693377733,-0.03179505854806661,-0.0013165295357630835,-0.03179505854806651,-0.001316529535763139,0.23243288547547625,-0.05033574002966734,-0.32560894130464346,-0.04874497928256327,0.00042491564482047056,-6.336936553646391e-05,6080.602451665011,True,True,True,Z_mode_existing_controller,False,0.07831197579104432,0.0,3.182230346932027,False,False,False,0.7647767674028136,1.3261787840901445e-05,7.295927952906345e-05,0.0037843628795494635,0.40915503823512184,0.00013043961299923166,0.010680454089110367,0.0,0.0,0.0,0.0,4.558353074542121e-09,0.0,0.0,0.3448683112406993,0.0,0.0,0.0,0.0,0.0,0.0,0.0,False,-32.25299050477679,0.5276256049223443,0.3418066702820496,0.10576328711064659
481,-31.990765353580173,-3192.1208683311206,10.767448125644284,5.875460842287205,41.095998355845076,25.01409325384293,0.1,0.0,0.0,25.41143275608697,50.113264607231734,189.71923538821807,207.63583931433556,0.0,0.0,0.0,0.0,-4.163336342344337e-17,4.163336342344337e-17,0.055419921875,0.0,nan,nan,-0.00024754327893902436,1.5422391213310298e-05,6183.103186610168,False,True,True,Omega_safe_one_step_QP,False,0.33251953125,0.0,0.0,False,False,False,0.25227309267702824,1.1721954373662882e-06,6.448793752659414e-06,2.3613108253014133e-05,0.0025529851437667314,4.442502932111799e-06,0.0003637541350834715,0.0,0.0,0.0,0.0,5.007417855406813e-35,0.0,0.0,0.24934990460442538,0.0,0.0,0.0,0.0,0.0,0.0,0.0,False,0.1,-0.09182997792959213,-0.0014211121015250683,25.343612349874856,50.08653874838646,188.14955213092207,207.8659612271567,-0.9182997345924377,-0.014211121015250683,-0.03122981826847486,-0.0022313173582535623,-0.03122981826847475,-0.002231317358253465,0.23243288547547625,-0.05033574002966734,-0.32560894130464346,-0.05897169977913416,-0.000244861202495355,1.5271407993954237e-05,6151.112421256588,True,True,True,Z_mode_existing_controller,False,0.07831197579104432,0.0,3.130942871141543,False,False,False,0.41222691944492906,1.7340262185605613e-05,9.539686889010386e-05,2.0871592683424187e-05,0.0022565799248699388,9.63100977672107e-06,0.0007885914055314499,0.0,0.0,0.0,0.0,1.1563333338495645e-08,0.0,0.0,0.40908633968230423,0.0,0.0,0.0,0.0,0.0,0.0,0.0,False,-31.990765353580173,0.5173901257682039,0.3663803631247849,0.10661333299939167
482,-33.768992545517904,-3225.8898608766385,10.228830730175616,3.8515398380109964,42.40667960478155,24.425708941783935,0.1,0.0,0.0,25.403519375864327,50.11300218911475,191.27994767391735,207.94868841852372,0.0,0.0,0.0,0.0,0.0,-8.326672684688674e-17,0.26014284641297625,-0.05033574002966734,nan,nan,-0.0008266906408967792,-4.3361218696954e-06,6167.085135612773,True,True,True,Z_mode_existing_controller,False,0.05060201485354432,0.0,0.0,False,False,False,0.3323633476640043,3.9939461583725807e-07,2.1972560388428534e-06,0.0002435822838732676,0.026335455093415935,9.787456199133435e-06,0.0008014013088542286,0.0,0.0,0.0,0.0,1.7333369499485123e-34,0.0,0.0,0.3052242940056953,0.0,0.0,0.0,0.0,0.0,0.0,0.0,False,0.1,-0.09364285320043564,-0.0008730912813916802,25.334783748316802,50.086064736535995,189.62060585957292,208.19850769989387,-0.9364285469055176,-0.008730912581086159,-0.031867883972422684,-0.0019538927868138906,-0.03186788397242268,-0.0019538927868139183,0.23243288547547625,-0.05033574002966734,-0.32560894130464346,-0.05553871534451328,-0.0008255988344248524,-4.406231585086379e-06,6133.316143067255,True,True,True,Z_mode_existing_controller,False,0.07831197579104432,0.0,3.1927726600905473,False,False,False,0.5012083103915939,2.6657416865024266e-05,0.00014665488182367682,0.00021639990725775513,0.023396570346516196,1.1058715652992928e-05,0.0009054926038228347,0.0,0.0,0.0,0.0,4.8409223539298096e-09,0.0,0.0,0.47675958771850885,0.0,0.0,0.0,0.0,0.0,0.0,0.0,False,-33.768992545517904,0.5475681266424183,0.3851576750823196,0.10751971775420233
483,-34.465234948993384,-3260.355095825632,10.277240129225941,3.718155911416955,38.0321784793629,20.800623258391703,0.1,0.0,0.0,25.38821041842109,50.112587734644165,194.30039600630172,208.56457535914433,0.0,0.0,0.0,0.0,1.3704315460216776e-16,4.163336342344337e-17,0.26014284641297625,-0.05033574002966734,nan,nan,-0.0010696732123043416,-0.00012924603225509819,6246.4517973369,True,True,True,Z_mode_existing_controller,False,0.05060201485354432,0.0,0.0,False,False,False,-0.06446996095663053,2.0309476524708046e-06,1.117319016584725e-05,0.0009123108128603559,0.09863656773914699,3.7931672362701756e-05,0.0031058623670970186,0.0,0.0,0.0,0.0,3.4380858772850265e-34,0.0,0.0,-0.16622356425304038,0.0,0.0,0.0,0.0,0.0,0.0,0.0,False,0.1,-0.09411650896072388,-0.0007342206663452089,25.31846689862217,50.085425952344735,192.61013979356449,208.81572648688874,-0.9411650896072388,-0.007342206779867411,-0.03205124814082219,-0.0018838157586048565,-0.03205124814082228,-0.0018838157586047177,0.23243288547547625,-0.05033574002966734,-0.32560894130464346,-0.054689129742390125,-0.0010685378018883964,-0.00012934850697152254,6211.986562387907,True,True,True,Z_mode_existing_controller,False,0.07831197579104432,0.0,3.2106561154956137,False,False,False,0.10785621378833639,3.967854024827511e-05,0.00021829015393767012,0.0008937313142487092,0.09662780280121834,3.8095903101941707e-05,0.0031193096537773563,0.0,0.0,0.0,0.0,3.8533208135511836e-10,0.0,0.0,0.007890810794070943,0.0,0.0,0.0,0.0,0.0,0.0,0.0,False,-34.465234948993384,0.5517569984881213,0.40686878435331936,0.1084426795661229
484,-35.07689762320024,-3295.431993448832,10.929149798958958,2.669483555324807,33.29684272750121,27.735670693585778,0.1,0.0,0.0,25.371756106071775,50.11014523309482,197.57049929239687,209.11718032553233,0.0,0.0,0.0,0.0,5.551115123125783e-17,-5.551115123125783e-17,0.26014284641297625,-0.05033574002966734,nan,nan,-0.00255998054847749,6.812345796545344e-05,6395.0833844804765,True,True,True,Z_mode_existing_controller,False,0.05060201485354432,0.0,0.0,False,False,False,-0.8076278966745122,1.3536059958143575e-05,7.446817835243179e-05,0.00106935755017303,0.11561603452260676,3.05372248876686e-05,0.0025004016872045166,0.0,0.0,0.0,0.0,1.6084524301171525e-34,20.0,0.0,-20.925818801062675,20.0,20.0,0.0,0.0,0.0,0.0,0.0,False,0.1,-0.09423280507326126,-0.00034909442183561623,25.300984456638876,50.08275406194967,195.86713775141348,209.38484373745146,-0.9423280358314514,-0.0034909441601485014,-0.032112889912447665,-0.0016707206812012765,-0.03211288991244769,-0.0016707206812014153,0.23243288547547625,-0.05033574002966734,-0.32560894130464346,-0.05240305924751767,-0.0025572574157162924,6.795240072991066e-05,6360.006486857276,True,True,True,Z_mode_existing_controller,False,0.07831197579104432,0.0,3.215632140223102,False,False,False,-0.6322434085585109,7.47906169914845e-05,0.00041145806257008655,0.0010608035697432523,0.11469120138656648,3.238944448880772e-05,0.002652062259925114,0.0,0.0,0.0,0.0,4.920922002263874e-10,20.0,0.0,-20.749998130759664,20.0,20.0,0.0,0.0,0.0,0.0,0.0,False,-35.07689762320024,0.5484978930583532,0.4280073837364333,0.10937672053604193
485,-69.35581726968758,-3364.7878107185197,8.298586954047337,4.375276385238205,38.44124728327136,22.9257942287877,0.1,0.0,0.0,25.335659064478374,50.11216420164164,204.6604312605118,210.74216552110403,0.0,0.0,0.0,0.0,-8.326672684688674e-17,-2.7755575615628914e-17,0.055419921875,0.0,nan,nan,0.001424985818513143,-9.299533320053011e-05,6285.260799168135,False,True,True,Omega_safe_one_step_QP,False,0.33251953125,0.0,0.0,False,False,False,-0.2585149701128057,3.1535739729478517e-06,1.7349281090010415e-05,0.005026713531249817,0.5434746171382958,0.0002640576885827184,0.021621162121977004,0.0,0.0,0.0,0.0,2.0029671421627254e-34,0.0,0.0,-0.8236280986541685,0.0,0.0,0.0,0.0,0.0,0.0,0.0,False,0.1,-0.09463781118392944,-0.0311856921762228,25.26387671702481,50.08454027924204,201.42057377877268,210.35869401505786,-0.9463781118392944,-0.3118569254875183,-0.0474077215478783,-0.008131206983100353,-0.047407721547878326,-0.008131206983100478,0.0277099609375,0.0,-0.387939453125,-0.1369676085913285,0.0014222579723670494,-9.229917938431134e-05,6215.904981898448,False,True,True,Omega_safe_one_step_QP,False,0.3602294921875,0.0,4.809998533641348,False,False,False,0.08826411623563217,4.769436403793175e-05,0.0002623889387728167,0.0030840651709971106,0.33344075161977005,9.483843631940669e-05,0.00776541375508686,0.0,0.0,0.0,0.0,2.756697580131951e-06,0.0,0.0,-0.2532071947755777,0.0,0.0,0.0,0.0,0.0,0.0,0.0,False,-69.35581726968758,1.1034676123362603,0.4713300981836231,0.11144617989536995
486,-18.395016788865178,-3383.182827507385,11.637739835892521,7.595110539145902,37.8237199575946,28.05940155634314,0.1,0.0,0.0,25.365194419332557,50.112056546113415,198.83677220159373,209.48673082318885,0.0,0.0,0.0,0.0,1.1102230246251565e-16,-1.3877787807814457e-17,0.26014284641297625,-0.05033574002966734,nan,nan,-8.108318299818846e-05,0.00010599238684028654,6496.953794325632,True,True,True,Z_mode_existing_controller,False,0.05060201485354432,0.0,0.0,False,False,False,-1.3169799459002889,2.5343862311363693e-06,1.3942840564965581e-05,0.003391500483451864,0.36667982277280564,0.0001576116280729373,0.012905310885527245,0.0,0.0,0.0,0.0,3.7940819904428546e-34,0.0,0.0,-1.6965790223991868,0.0,0.0,0.0,0.0,0.0,0.0,0.0,False,0.1,-0.09514341503381729,-0.0019933979492634535,25.291079520756224,50.08399115120495,197.82379463035397,209.7775383059348,-0.9514341354370117,-0.019933978095650673,-0.03241816742913356,-0.002602573158101966,-0.032418167429133525,-0.0026025731581020353,0.23243288547547625,-0.05033574002966734,-0.32560894130464346,-0.062027557405692116,-7.604968971995554e-05,0.00010585052764318023,6478.558777536767,True,True,True,Z_mode_existing_controller,False,0.07831197579104432,0.0,3.2522468641027396,False,False,False,-1.225004861955963,4.5627499022617664e-05,0.0002510181504439565,0.001293682024249958,0.13986938751473477,3.3774195824633465e-05,0.002765446321155105,0.0,0.0,0.0,0.0,2.552525246496962e-06,0.0,0.0,-1.3678932664675434,0.0,0.0,0.0,0.0,0.0,0.0,0.0,False,-18.395016788865178,0.2831329477043716,0.4689061927168685,0.11181483526443373
487,-20.172211283755132,-3403.35503879114,8.81427898975016,5.635678471555727,40.01659018598932,22.3344121817114,0.1,0.0,0.0,25.367322543520583,50.115024931556476,198.3799176909336,209.55442909028196,0.0,0.0,0.0,0.0,4.85722573273506e-17,1.1102230246251565e-16,0.26014284641297625,-0.05033574002966734,nan,nan,0.00153683178140835,-9.68298312227253e-05,6191.02807655674,True,True,True,Z_mode_existing_controller,False,0.05060201485354432,0.0,0.0,False,False,False,0.21264864294416838,3.596968365079935e-07,1.9788600417485412e-06,2.0871604391049954e-05,0.002256581190666645,4.583055367409624e-07,3.752626316037726e-05,0.0,0.0,0.0,0.0,1.9500040686920762e-34,0.0,0.0,0.21035255663029961,0.0,0.0,0.0,0.0,0.0,0.0,0.0,False,0.1,-0.09453994035720825,-0.0010173353366553783,25.292804188617218,50.086838669258434,197.25176845182665,209.87504133912327,-0.9453994035720825,-0.010173353366553783,-0.032234874941468976,-0.002048437536098166,-0.03223487494146887,-0.0020484375360981383,0.23243288547547625,-0.05033574002966734,-0.32560894130464346,-0.05634077523034641,0.0015326405597989833,-9.675810976669287e-05,6170.855865272985,True,True,True,Z_mode_existing_controller,False,0.07831197579104432,0.0,3.2299895647376924,False,False,False,0.31350969936294404,2.6817627471038904e-05,0.00014753627508135603,3.272139489205736e-05,0.0035377483619541622,9.506841480952636e-07,7.784244497134682e-05,0.0,0.0,0.0,0.0,3.4066242360794293e-09,0.0,0.0,0.30974656887431296,0.0,0.0,0.0,0.0,0.0,0.0,0.0,False,-20.172211283755132,0.32582974966856065,0.4655969547105458,0.11225184695162149
488,-21.747628867540698,-3425.1026676586807,11.77884700787368,4.891204530605581,42.66679101787465,22.950447628631633,0.1,0.0,0.0,25.39333277892327,50.113858536073614,193.26365085090137,208.389212258704,0.0,0.0,0.0,0.0,8.326672684688674e-17,8.326672684688674e-17,0.26014284641297625,-0.05033574002966734,nan,nan,-0.0018372768715672913,-2.470971917792927e-05,6373.549260645931,True,True,True,Z_mode_existing_controller,False,0.05060201485354432,0.0,0.0,False,False,False,-0.699957277501785,3.2289251483147433e-06,1.7763823045619233e-05,0.002617618637841347,0.283009819073812,0.00013577302645925913,0.011117156378302242,0.0,0.0,0.0,0.0,1.974078192996917e-35,0.0,0.0,-0.9941020167769449,0.0,0.0,0.0,0.0,0.0,0.0,0.0,False,0.1,-0.09279955923557281,-0.000778679852373898,25.318181090383185,50.085536702791686,192.1116347194936,208.71044115405672,-0.9279955625534058,-0.007786798290908337,-0.03166268296156201,-0.0018879992575201732,-0.031662682961562084,-0.0018879992575200621,0.23243288547547625,-0.05033574002966734,-0.32560894130464346,-0.055018261486396776,-0.0018314054881854187,-2.4944473657689294e-05,6351.80163177839,True,True,True,Z_mode_existing_controller,False,0.07831197579104432,0.0,3.1718922325967935,False,False,False,-0.5912191331640816,4.9495007670899485e-05,0.00027229511912541925,0.002642097478626814,0.2856564048681219,0.00013562935910570355,0.011105392830876174,0.0,0.0,0.0,0.0,3.531441031027457e-09,0.0,0.0,-0.888253229513646,0.0,0.0,0.0,0.0,0.0,0.0,0.0,False,-21.747628867540698,0.3412169260512889,0.43994567817920177,0.11273216049594467
489,-25.16036832404734,-3450.263035982728,11.444528664674873,5.751572204966392,35.93467158528144,24.14415236957779,0.1,0.0,0.0,25.364503390137585,50.11334335333948,198.95067487739266,209.56885944140936,0.0,0.0,0.0,0.0,4.163336342344337e-17,-6.938893903907228e-17,0.26014284641297625,-0.05033574002966734,nan,nan,-0.0011327304496891104,-2.2108946339731688e-05,6480.994989373182,True,True,True,Z_mode_existing_controller,False,0.05060201485354432,0.0,0.0,False,False,False,-1.2371859211380387,7.09386195738745e-06,3.9026642840219026e-05,0.0032342242277889166,0.3496755410885632,0.0001391567475664708,0.011394216982093983,0.0,0.0,0.0,0.0,2.5037089277034067e-34,20.0,0.0,-21.598294705851536,20.0,20.0,0.0,0.0,0.0,0.0,0.0,False,0.1,-0.09423841536045074,-0.0008373141172342002,25.288852565939013,50.08487633984059,197.65257507021445,209.86516630541217,-0.9423841238021851,-0.008373141288757324,-0.03217388131450656,-0.0019432555624242093,-0.03217388131450663,-0.001943255562424126,0.23243288547547625,-0.05033574002966734,-0.32560894130464346,-0.055293975986659576,-0.0011283514082052774,-2.2318552937731096e-05,6455.8346210491345,True,True,True,Z_mode_existing_controller,False,0.07831197579104432,0.0,3.223251279408495,False,False,False,-1.111384079517802,6.31009645663323e-05,0.00034714783312621837,0.0030702019970246606,0.33194190289482084,0.00013333901751728667,0.010917858633089106,0.0,0.0,0.0,0.0,2.643770152848675e-09,20.0,0.0,-21.454590991522608,20.0,20.0,0.0,0.0,0.0,0.0,0.0,False,-25.16036832404734,0.3882176790030316,0.447459882105151,0.11331855417353401
490,-57.749745468843685,-3508.0127814515718,11.38981543091967,6.0946546364608345,38.943356150516145,27.748495007844543,0.1,0.0,0.0,25.3509473167584,50.11376458994125,201.6157372578119,210.15690451568108,0.0,0.0,0.0,0.0,-4.163336342344337e-17,4.163336342344337e-17,0.055419921875,0.0,nan,nan,-0.0007701595437786257,9.87486850153023e-05,6539.969898072833,False,True,True,Omega_safe_one_step_QP,False,0.33251953125,0.0,0.0,False,False,False,-1.5320604646362925,9.146258957227222e-06,5.03178358688162e-05,0.0007102557491525884,0.07679092292434693,3.4579700937523114e-05,0.002831401441528026,0.0,0.0,0.0,0.0,1.925929944387236e-34,20.0,0.0,-21.611733106838038,20.0,20.0,0.0,0.0,0.0,0.0,0.0,False,0.1,-0.09473308175802231,-0.01679265685379505,25.27465883333146,50.085130606582325,198.974045532352,210.46889755746483,-0.9473307728767395,-0.16792656481266022,-0.044900232473292855,-0.0016326585692607656,-0.04490023247329282,-0.0016326585692606893,0.0277099609375,0.0,-0.387939453125,-0.07367920321288884,-0.0007678895284521222,9.832961414788584e-05,6482.220152603989,False,True,True,Omega_safe_one_step_QP,False,0.3602294921875,0.0,4.492990596651093,False,False,False,-1.2433117372920741,7.06744850656996e-05,0.00038881330129396065,0.00017462841823020044,0.01888035038183833,3.644914247050653e-05,0.002984472153761917,0.0,0.0,0.0,0.0,1.6205648430890075e-06,20.0,0.0,-21.26556699369381,20.0,20.0,0.0,0.0,0.0,0.0,0.0,False,-57.749745468843685,0.883027695369991,0.4788826021973968,0.11496830885627414
491,-46.52624717526851,-3554.5390286268403,9.482063003970733,5.163030544074105,43.28681082541462,20.123918392937487,0.1,0.0,0.0,25.345032783640136,50.117015824737926,202.74106839485873,210.57880437623493,0.0,0.0,0.0,0.0,-1.3877787807814457e-17,-9.71445146547012e-17,0.055419921875,0.0,nan,nan,0.0006976626634948096,-0.00014225071547433274,6364.727090903115,False,True,True,Omega_safe_one_step_QP,False,0.33251953125,0.0,0.0,False,False,False,-0.655846428787704,3.6906042502207574e-06,2.030373508860953e-05,0.0001266370168007107,0.013691650378212447,1.7799949233535826e-05,0.0014574678366946281,0.0,0.0,0.0,0.0,2.0029671421627254e-34,0.0,0.0,-0.6710158507376998,0.0,0.0,0.0,0.0,0.0,0.0,0.0,False,0.1,-0.0957537293434143,-0.030979767441749573,25.266989680390314,50.08799620657752,200.50783981517168,210.3588106900063,-0.9575372934341431,-0.3097976744174957,-0.04705939778958754,-0.007973676228123887,-0.04705939778958761,-0.007973676228123977,0.0277099609375,0.0,-0.387939453125,-0.13447750049268814,0.0006953096931154807,-0.00014208218044162537,6318.200843727846,False,True,True,Omega_safe_one_step_QP,False,0.3602294921875,0.0,4.773014176502723,False,False,False,-0.42321519291136156,5.507870371723383e-05,0.0003030136350251686,0.00023525249020103501,0.025434860420830322,1.2119118386832887e-06,9.923188558664644e-05,0.0,0.0,0.0,0.0,4.487049981310645e-07,20.0,0.0,-20.4490527475578,20.0,20.0,0.0,0.0,0.0,0.0,0.0,False,-46.52624717526851,0.7310014476782024,0.4995492900595064,0.1162506272727274
492,-26.55958773554721,-3581.0986163623875,11.170180482697637,3.603925116212701,42.059959780998895,23.895799941265558,0.1,0.0,0.0,25.362056704816037,50.11561365430837,199.39911949007242,209.77900639113702,0.0,0.0,0.0,0.0,-3.469446951953614e-17,-1.3877787807814457e-16,0.26014284641297625,-0.05033574002966734,nan,nan,-0.0020129067547126696,-7.015454894661679e-06,6462.70006666409,True,True,True,Z_mode_existing_controller,False,0.05060201485354432,0.0,0.0,False,False,False,-1.1457113075925782,1.3307471604360923e-05,7.321060721641342e-05,0.0011168622482202392,0.12075211347816607,6.396768169666778e-05,0.005237702503396036,0.0,0.0,0.0,0.0,2.1666711874356404e-35,20.0,0.0,-21.271774334181355,20.0,20.0,0.0,0.0,0.0,0.0,0.0,False,0.1,-0.0955638512969017,-0.001066934084519744,25.28252757825825,50.086301463677614,198.00551580318654,210.96367900555344,-0.9556385278701782,-0.010669340379536152,-0.044312232938402585,0.005123426932766344,-0.04431223293840259,0.005123426932766302,0.0277099609375,0.0,-0.387939453125,-0.00464056775711298,-0.0020098289233372374,-7.287414022950391e-06,6436.1404789285425,False,True,True,Omega_safe_one_step_QP,False,0.3602294921875,0.0,4.460743762560942,False,False,False,-1.012913368914842,8.413571105686536e-05,0.00046286978309533134,0.0006261625460957398,0.06769899416191942,3.658656791528476e-05,0.0029957246108942306,0.0,0.0,0.0,0.0,1.7908102592658857e-06,20.0,0.0,-21.08407274828101,20.0,20.0,0.0,0.0,0.0,0.0,0.0,False,-26.55958773554721,0.4109673582493317,0.5094077136395166,0.11687223133942591
493,-29.61572229552985,-3610.7143386579173,9.544059835964449,4.174619321647723,39.103871304039416,26.82363286559838,0.1,0.0,0.0,25.33566226942373,50.1164010701646,204.59079995025655,210.92775880057388,0.0,0.0,0.0,0.0,1.3877787807814457e-16,-1.249000902703301e-16,0.055419921875,0.0,nan,nan,7.82944689349356e-06,4.4790156889449955e-05,6416.510119470782,False,True,True,Omega_safe_one_step_QP,False,0.33251953125,0.0,0.0,False,False,False,-0.9147615716260407,9.546629381663763e-06,5.252046028583069e-05,0.002695354600065771,0.2914144202202974,0.00013196320981870066,0.01080520688089264,0.0,0.0,0.0,0.0,3.0285248375489284e-34,20.0,0.0,-21.217033719187516,20.0,20.0,0.0,0.0,0.0,0.0,0.0,False,0.1,-0.09565721452236176,-0.028236279264092445,25.255414551105737,50.08688224248815,203.06457464263204,210.93386346498923,-0.9565721154212952,-0.28236278891563416,-0.049711343391540055,-0.007326457298666482,-0.049711343391539986,-0.007326457298666565,0.0277099609375,0.0,-0.387939453125,-0.12269218782950794,5.1199416320965585e-06,4.4857219229241675e-05,6386.894397175252,False,True,True,Omega_safe_one_step_QP,False,0.3602294921875,0.0,5.024832970697417,False,False,False,-0.7666829601483914,7.51909497665541e-05,0.0004136604798603758,0.002559407634097163,0.2767162034188852,8.889664591363424e-08,7.278897288372543e-06,0.0,0.0,0.0,0.0,1.8415001106125823e-06,20.0,0.0,-21.043821944444534,20.0,20.0,0.0,0.0,0.0,0.0,0.0,False,-29.61572229552985,0.4615549846272584,0.5171592847914108,0.11759251737320321
494,-15.11339324256005,-3625.8277319004774,7.161534024928943,3.615532080577956,37.993494999630684,24.88759542656044,0.1,0.0,0.0,25.34387044987954,50.11902877767091,202.93935203917778,210.72073560012464,0.0,0.0,0.0,0.0,-1.3877787807814457e-16,7.632783294297951e-17,0.055419921875,0.0,nan,nan,0.002332924531827209,-5.128743987386643e-05,6123.7554029560715,False,True,True,Omega_safe_one_step_QP,False,0.33251953125,0.0,0.0,False,False,False,0.5490120109475128,1.6316865810871663e-07,8.976668817322027e-07,0.00027272802030064525,0.029486612971741336,4.285860552424724e-06,0.0003509281866910407,0.0,0.0,0.0,0.0,1.1752987485623107e-33,0.0,0.0,0.5191735721221987,0.0,0.0,0.0,0.0,0.0,0.0,0.0,False,0.1,-0.09517525136470795,-0.025374237447977066,25.26271298254928,50.08932295762196,201.9930478560236,210.9308011586026,-0.9517524838447571,-0.25374236702919006,-0.04830742959851697,-0.006033056155112182,-0.04830742959851693,-0.006033056155112224,0.0277099609375,0.0,-0.387939453125,-0.11081438479336952,0.002321279394446459,-5.109274448830887e-05,6108.6420097135115,False,True,True,Omega_safe_one_step_QP,False,0.3602294921875,0.0,4.868270248236451,False,False,False,0.6245789771603131,3.610389794034875e-05,0.00019862437957231214,0.00011481696544194192,0.012413698522228196,9.377720405560671e-10,7.678519580757586e-08,0.0,0.0,0.0,0.0,3.6438604563880645e-08,0.0,0.0,0.6119665410347123,0.0,0.0,0.0,0.0,0.0,0.0,0.0,False,-15.11339324256005,0.2467994269539976,0.5116911136304818,0.11784969006643371
495,32.21114956157089,-3593.6165823389065,10.321596249636084,6.835684069061694,41.60629950646746,25.204686984281484,0.1,0.0,0.0,25.385581445047013,50.11947199932435,194.70894260845006,208.9829465812666,0.0,0.0,0.0,0.0,6.093216209368535e-17,-1.249000902703301e-16,0.26014284641297625,-0.05033574002966734,nan,nan,0.0007595755993416807,1.7049894530361885e-05,6258.262314725672,True,True,True,Z_mode_existing_controller,False,0.05060201485354432,0.0,0.0,False,False,False,-0.12352254790048846,2.730297843140356e-07,1.5020641705706548e-06,0.006773963939741176,0.7323825867085195,0.0003019910674063632,0.02472716421486236,0.0,0.0,0.0,0.0,8.037677722617555e-34,0.0,0.0,-0.8806338008880409,0.0,0.0,0.0,0.0,0.0,0.0,0.0,False,0.1,-0.0938851460814476,-0.0009156749583780766,25.30385350744277,50.08966895965514,195.76579488856504,209.6625337202323,-0.9388514757156372,-0.009156749583780766,-0.03194065922434619,-0.0019814511464601448,-0.031940659224346135,-0.00198145114646002,0.23243288547547625,-0.05033574002966734,-0.32560894130464346,-0.05577840000131845,0.0007610027794953799,1.7060090982806957e-05,6290.473464287243,True,True,True,Z_mode_existing_controller,False,0.07831197579104432,0.0,3.20020602513591,False,False,False,-0.2845782957083429,2.7063402924697115e-05,0.0001488884004689699,0.0038778679520721365,0.4192645527666001,0.0001608502295230403,0.013170489026625803,0.0,0.0,0.0,0.0,2.8428667562697046e-06,0.0,0.0,-0.717165068768794,0.0,0.0,0.0,0.0,0.0,0.0,0.0,False,32.21114956157089,-0.5146979775165089,0.46538629902487094,0.11656562866031815
496,21.508982172435935,-3572.1076001664705,10.997423553850123,3.0800888935291812,39.13206162305733,23.15115729892625,0.1,0.0,0.0,25.396883832622922,50.1200031921496,192.47217898174566,208.530369558884,0.0,0.0,0.0,0.0,3.8163916471489756e-17,1.3877787807814457e-17,0.26014284641297625,-0.05033574002966734,nan,nan,-0.0022314952988062966,-4.4925220268466194e-05,6275.315998125368,True,True,True,Z_mode_existing_controller,False,0.05060201485354432,0.0,0.0,False,False,False,-0.20879096489897164,3.709556203639945e-06,2.0407998622585526e-05,0.0005003111521747829,0.054092283196135175,2.048259611886992e-05,0.0016771241683664682,0.0,0.0,0.0,0.0,1.9777692452584987e-34,0.0,0.0,-0.26458078026209586,0.0,0.0,0.0,0.0,0.0,0.0,0.0,False,0.1,-0.09341764450073242,-0.0008151002111844718,25.316405915658784,50.090405808887496,193.07650864989813,209.1385780989059,-0.9341764450073242,-0.00815100222826004,-0.031803966860457444,-0.0019180040365005674,-0.031803966860457486,-0.0019180040365006784,0.23243288547547625,-0.05033574002966734,-0.32560894130464346,-0.05520484172120783,-0.0022261653533007797,-4.487824569727149e-05,6296.824980297804,True,True,True,Z_mode_existing_controller,False,0.07831197579104432,0.0,3.1861748971848893,False,False,False,-0.31633587576115135,5.506254097935907e-05,0.0003029247162666493,0.0007232260473483212,0.07819323634488967,2.7452949311952738e-05,0.002247859818004155,0.0,0.0,0.0,0.0,2.2710338107659636e-10,20.0,0.0,-20.397079896867414,20.0,20.0,0.0,0.0,0.0,0.0,0.0,False,21.508982172435935,-0.34275536369580967,0.4260120983663717,0.11563257300082243
497,-17.537698678998822,-3589.6452988454694,9.60259845728504,6.367631313578321,40.12999606074358,27.065498329297515,0.1,0.0,0.0,25.36146866870641,50.118946419911865,199.46388597835687,209.95755299173948,0.0,0.0,0.0,0.0,-1.3877787807814457e-17,1.3877787807814457e-16,0.26014284641297625,-0.05033574002966734,nan,nan,0.0011414539223604113,5.6790436651343314e-05,6298.646214951314,True,True,True,Z_mode_existing_controller,False,0.05060201485354432,0.0,0.0,False,False,False,-0.3254420490286975,2.942053928382678e-07,1.6185610682779599e-06,0.00488839667264622,0.5285201739805471,0.00020368525510171693,0.0166778401570038,0.0,0.0,0.0,0.0,1.8308371533831162e-34,0.0,0.0,-0.8706416817273166,0.0,0.0,0.0,0.0,0.0,0.0,0.0,False,0.1,-0.09468773007392883,-0.001178991748020053,25.281927955032703,50.08948462450169,198.42138562487773,211.17023955231252,-0.9468773007392883,-0.011789917014539242,-0.04429845529350518,0.00479955963846089,-0.04429845529350514,0.004799559638460883,0.0277099609375,0.0,-0.387939453125,-0.0051754037071798644,0.0011394057765742064,5.681371773254588e-05,6281.108516272315,False,True,True,Omega_safe_one_step_QP,False,0.3602294921875,0.0,4.455770319612318,False,False,False,-0.2377535556337034,3.6941021431257055e-05,0.00020322978628717125,0.002856770987766706,0.3088663217381069,0.000412764826125833,0.03379736932416804,0.0,0.0,0.0,0.0,2.0123790293072464e-06,0.0,0.0,-0.5806224888612947,0.0,0.0,0.0,0.0,0.0,0.0,0.0,False,-17.537698678998822,0.278436001650148,0.416340604440771,0.11596384278421334
498,19.25477207631866,-3570.3905267691507,9.030542703239249,5.127992042051151,42.8467197180378,21.736559555883574,0.1,0.0,0.0,25.38243352878774,50.121012301854144,195.3042305568139,209.18251912349473,0.0,0.0,0.0,0.0,1.222980050563649e-16,-1.3877787807814457e-16,0.26014284641297625,-0.05033574002966734,nan,nan,0.0011354632108014147,-0.00010147520108801415,6139.944162812336,True,True,True,Z_mode_existing_controller,False,0.05060201485354432,0.0,0.0,False,False,False,0.468068211666191,5.145863555852401e-07,2.8309795187036867e-06,0.001730273322597178,0.18707245314401316,6.0067749692641706e-05,0.00491837431955745,0.0,0.0,0.0,0.0,9.558104433767732e-34,0.0,0.0,0.2760745532231017,0.0,0.0,0.0,0.0,0.0,0.0,0.0,False,0.1,-0.09423389285802841,-0.001240273704752326,25.302382168662863,50.09140514711885,195.84257885891563,209.7582654794856,-0.9423388838768005,-0.012402736581861973,-0.032077736401162724,-0.0021680530335431436,-0.032077736401162786,-0.0021680530335430187,0.23243288547547625,-0.05033574002966734,-0.32560894130464346,-0.05768049235726227,0.0011302363344807805,-0.00010169126119666857,6159.198934888655,True,True,True,Z_mode_existing_controller,False,0.07831197579104432,0.0,3.2150919529287734,False,False,False,0.3717943512845977,2.4548239277717848e-05,0.00013505131230387785,0.0006650244336171901,0.07190063591267588,0.00019936707823354463,0.01632426589586701,0.0,0.0,0.0,0.0,1.9789359659272264e-06,0.0,0.0,0.283432419227785,0.0,0.0,0.0,0.0,0.0,0.0,0.0,False,19.25477207631866,-0.3135984882881934,0.37663807693444484,0.11511348616402385
499,11.88980664095925,-3558.5007201281915,9.174381106919412,5.067787803839111,39.14021098589518,27.806742124761477,0.1,0.0,0.0,25.39986212749717,50.119261959879886,191.88660697028195,208.34655288480135,0.0,0.0,0.0,0.0,3.469446951953614e-17,-1.1102230246251565e-16,0.26014284641297625,-0.05033574002966734,nan,nan,0.0008733722579850127,7.027411307613195e-05,6073.926747268881,True,True,True,Z_mode_existing_controller,False,0.05060201485354432,0.0,0.0,False,False,False,0.7981552893834669,1.92713376729723e-06,1.0602061570046844e-05,0.0011680150979219578,0.12628262068418586,6.988395522351463e-05,0.005722129636605018,0.0,0.0,0.0,0.0,8.444751416307313e-35,20.0,0.0,-19.333860062998895,20.0,20.0,0.0,0.0,0.0,0.0,0.0,False,0.1,-0.09282790869474411,-9.942088945535943e-05,25.320534764782295,50.08977538906742,192.11058052774678,208.92815028305316,-0.9282790422439575,-0.0009942088508978486,-0.031621198817336015,-0.0015093883654170859,-0.03162119881733613,-0.0015093883654170304,0.23243288547547625,-0.05033574002966734,-0.32560894130464346,-0.05093341604706225,0.0008700289286531562,7.019930200890287e-05,6085.81655390984,True,True,True,Z_mode_existing_controller,False,0.07831197579104432,0.0,3.165720246457603,False,False,False,0.7387062561786706,1.7992201229104167e-05,9.898348959925313e-05,0.0013927811543847104,0.15058371636476806,6.890912393480762e-05,0.0056423100129165855,0.0,0.0,0.0,0.0,6.4226571048379715e-09,0.0,0.0,0.5823812398887296,0.0,0.0,0.0,0.0,0.0,0.0,0.0,False,11.88980664095925,-0.19575156460860282,0.342073927113911,0.11450590782112356
500,5.14961529034008,-3553.3511048378514,8.712568955379329,4.862772791394199,38.8543057300123,24.245393280553436,0.1,0.0,0.0,25.410537991264565,50.12042062353424,189.76597545974056,207.95486526112916,0.0,0.0,0.0,0.0,-6.938893903907228e-18,4.163336342344337e-17,0.055419921875,0.0,nan,nan,0.001251243273151091,-4.3082866721709436e-05,5976.993217628753,False,True,True,Omega_safe_one_step_QP,False,0.33251953125,0.0,0.0,False,False,False,1.2828229375841056,5.573881653414421e-06,3.066452234736842e-05,0.00044970780035010426,0.04862118620843915,1.5341919453797307e-05,0.0012562032544981296,0.0,0.0,0.0,0.0,2.5037089277034067e-34,20.0,0.0,-18.76708511640118,20.0,20.0,0.0,0.0,0.0,0.0,0.0,False,0.1,-0.0921560674905777,-0.0007313056266866624,25.331705455022576,50.091006764008156,189.70739681025117,208.4512791955014,-0.9215606451034546,-0.007313055917620659,-0.03141315139545753,-0.0018514838363409836,-0.031413151395457466,-0.0018514838363408864,0.23243288547547625,-0.05033574002966734,-0.32560894130464346,-0.05476408792865436,0.0012465156507982821,-4.3196488380552915e-05,5982.142832919093,True,True,True,Z_mode_existing_controller,False,0.07831197579104432,0.0,3.1467667104349624,False,False,False,1.2570748611324052,1.1530043976160293e-05,6.343214893278616e-05,0.0005775291980036011,0.06244088862831108,2.2740603414279547e-05,0.0018620108197216886,0.0,0.0,0.0,0.0,1.6031304097697483e-09,20.0,0.0,-18.80729147206769,20.0,20.0,0.0,0.0,0.0,0.0,0.0,False,5.14961529034008,-0.08615728850338368,0.3126999472420318,0.11412071617903129
501,4.121266898638169,-3549.229837939213,10.772850131080332,6.2622626853464345,37.379178577753954,24.8681217589506,0.1,0.0,0.0,25.425124619958186,50.11898011520062,186.90496729291095,207.25560197454269,0.0,0.0,0.0,0.0,1.249000902703301e-16,1.3877787807814457e-17,0.055419921875,0.0,nan,nan,-0.00012725891209595832,-4.308072342848251e-06,6115.186346179655,False,True,True,Omega_safe_one_step_QP,False,0.33251953125,0.0,0.0,False,False,False,0.5918572948295968,3.288630034717487e-06,1.8092287469011234e-05,0.0008185367730665702,0.08849797319668704,4.889691439677146e-05,0.004003701309026066,0.0,0.0,0.0,0.0,1.8151889725849698e-34,20.0,0.0,-19.500662471963587,20.0,20.0,0.0,0.0,0.0,0.0,0.0,False,0.1,-0.0879095271229744,-0.005560941528528929,25.34653541907714,50.089595289708576,186.78129247564158,208.40121383427845,-0.8790952563285828,-0.055609412491321564,-0.02960271222051282,0.0050563620855139935,-0.02960271222051289,0.0050563620855139935,0.0277099609375,0.0,-0.387939453125,-0.0262929646377862,-0.00012238205950140801,-4.398370516482371e-06,6119.307613078293,False,True,True,Omega_safe_one_step_QP,False,0.3602294921875,0.0,3.003143966496325,False,False,False,0.571250960336406,1.5158460654432135e-05,8.339376118701725e-05,0.0008562086577021033,0.09257095506682833,2.506540394384312e-07,2.0523665310843825e-05,0.0,0.0,0.0,0.0,5.09960252862611e-07,0.0,0.0,0.47857557788282684,0.0,0.0,0.0,0.0,0.0,0.0,0.0,False,4.121266898638169,-0.06739397076939202,0.28413614507855245,0.11376492455001756
502,5.407082726306726,-3543.8227552129065,10.189001948659705,4.696926495676557,43.526070620218604,26.11709938380087,0.1,0.0,0.0,25.416671784372536,50.11787474897797,188.58196152036564,207.54485885074754,0.0,0.0,0.0,0.0,8.326672684688674e-17,-8.326672684688674e-17,0.055419921875,0.0,nan,nan,-0.00027695291999089056,4.99688774341175e-05,6096.73932062471,False,True,True,Omega_safe_one_step_QP,False,0.33251953125,0.0,0.0,False,False,False,0.6840924226043217,1.4584098205982167e-06,8.023392550496716e-06,0.0002812309638916336,0.030405928143360423,8.366954043179355e-06,0.0006850899544174502,0.0,0.0,0.0,0.0,1.1170393677445967e-34,0.0,0.0,0.6529933811139934,0.0,0.0,0.0,0.0,0.0,0.0,0.0,False,0.1,-0.09042686223983765,-0.003499535843729973,25.338416380720357,50.08849042453127,188.53461902687408,207.88148885229683,-0.9042686223983765,-0.03499535843729973,-0.030817750840923946,-0.0033691885883510436,-0.03081775084092382,-0.0033691885883510714,0.23243288547547625,-0.05033574002966734,-0.32560894130464346,-0.0719320591625592,-0.00027539356112710536,4.9951586017401824e-05,6102.1464033510165,True,True,True,Z_mode_existing_controller,False,0.07831197579104432,0.0,3.100137414111087,False,False,False,0.6570570089727881,1.9574350567285175e-05,0.00010768763094172424,0.00030741539952568685,0.03323691822121776,2.701140568958004e-05,0.0022117060279195516,0.0,0.0,0.0,0.0,7.246622300695816e-07,0.0,0.0,0.6214999724304789,0.0,0.0,0.0,0.0,0.0,0.0,0.0,False,5.407082726306726,-0.08868810755964358,0.2531071051026908,0.11337005986393481
503,-3.166610663301981,-3546.9893658762085,9.90669363257633,6.0317904920477226,40.67839866860041,26.49893125491376,0.1,0.0,0.0,25.407363844969026,50.118118256354514,190.41165914951875,207.9442888416479,0.0,0.0,0.0,0.0,-1.3877787807814457e-16,-2.7755575615628914e-17,0.26014284641297625,-0.05033574002966734,nan,nan,0.0006810947728951213,4.6509294672967855e-05,6112.462454571584,True,True,True,Z_mode_existing_controller,False,0.05060201485354432,0.0,0.0,False,False,False,0.6054767528699494,2.650214229824962e-06,1.4580064401977184e-05,0.0003347793414128536,0.03619543331225477,1.595443176306606e-05,0.0013063560374429733,0.0,0.0,0.0,0.0,5.238529448733282e-34,20.0,0.0,-19.43203961654415,20.0,20.0,0.0,0.0,0.0,0.0,0.0,False,0.1,-0.09339544922113419,-0.0009383306023664773,25.329453114727897,50.08877101071153,190.00241187070526,208.3748246595311,-0.9339544773101807,-0.00938330590724945,-0.03184906621964393,-0.001986424117879748,-0.03184906621964399,-0.0019864241178796788,0.23243288547547625,-0.05033574002966734,-0.32560894130464346,-0.05594230574389691,0.0006814223718969855,4.648481518844199e-05,6109.295843908282,True,True,True,Z_mode_existing_controller,False,0.07831197579104432,0.0,3.1910952662672964,False,False,False,0.6213098061864594,1.6134209413853288e-05,8.876181015166618e-05,0.0002154415832402013,0.0232929589560328,2.4338021869949292e-05,0.001992808160227282,0.0,0.0,0.0,0.0,2.975648991182761e-08,0.0,0.0,0.5959352475035576,0.0,0.0,0.0,0.0,0.0,0.0,0.0,False,-3.166610663301981,0.05180580963623972,0.22843386727951925,0.11324991013955855
504,-6.677228208101951,-3553.6665940843104,7.925682615919533,5.019118724616929,36.00926019057925,23.37268754839678,0.1,0.0,0.0,25.41393922203395,50.11857617626921,189.10763596376233,207.6867334921047,0.0,0.0,0.0,0.0,-5.551115123125783e-17,-2.7755575615628914e-17,0.055419921875,0.0,nan,nan,0.002093722915338804,-8.76498379057041e-05,5882.6269817742805,False,True,True,Omega_safe_one_step_QP,False,0.33251953125,0.0,0.0,False,False,False,1.7546541168564682,1.1586179335435813e-05,6.37409757228073e-05,0.0001700476468990325,0.018385089824432824,6.633475807831795e-06,0.0005431519780512467,0.0,0.0,0.0,0.0,6.933347799794049e-35,20.0,2.2968307380123494,-20.56116860393409,22.29683073801235,22.29683073801235,0.0,0.0,0.0,0.0,0.0,False,0.1,-0.09184013307094574,-0.0014105032896623015,25.33606033550803,50.08920528375154,188.5417248467184,208.05709840086374,-0.918401300907135,-0.014105032198131084,-0.031339093560197595,-0.002225556251334415,-0.03133909356019757,-0.00222555625133454,0.23243288547547625,-0.05033574002966734,-0.32560894130464346,-0.058906283278276045,0.0020868924786292637,-8.765306268796944e-05,5875.9497535661785,True,True,True,Z_mode_existing_controller,False,0.07831197579104432,0.0,3.1418018489438047,False,False,False,1.7880402578969778,7.012109440826157e-06,3.857688412144327e-05,0.00021336065820435604,0.023067974991834564,1.0094997544676037e-05,0.0008265829323353588,0.0,0.0,0.0,0.0,3.172562906335334e-09,20.0,0.07917578466503483,-18.315068664748914,20.079175784665036,20.079175784665036,0.0,0.0,0.0,0.0,0.0,False,-6.677228208101951,0.11350759157073068,0.20664462638341366,0.11325039321779627
505,-0.514676022688036,-3554.1812701069985,8.36159138660098,5.454960631236677,41.40130654912202,25.789139208455346,0.1,0.0,0.0,25.440624189268867,50.116147448694875,183.8732209221508,206.4237345766734,0.0,0.0,0.0,0.0,1.1102230246251565e-16,1.3877787807814457e-17,0.055419921875,0.0,nan,nan,0.00196080416288419,8.099490654902035e-06,5802.594196703009,False,True,True,Omega_safe_one_step_QP,False,0.33251953125,0.0,0.0,False,False,False,2.1548180422128236,2.2658989587989958e-05,0.0001246576687117267,0.0027399100827849,0.29623163802307323,0.00015951662603806317,0.013061292974392347,0.0,0.0,0.0,0.0,2.946672814912471e-34,20.0,46.70189301122699,-64.85649255768034,66.70189301122699,66.70189301122699,0.0,0.0,0.0,0.0,0.0,False,0.1,-0.09054040908813477,-0.005892427172511816,25.362542875118265,50.08673006013036,183.55497404258358,207.586784678065,-0.9054040908813477,-0.058924272656440735,-0.02736490308893448,0.005958108461133482,-0.02736490308893444,0.005958108461133399,0.0277099609375,0.0,-0.387939453125,-0.02705072714301943,0.0019557856479750064,7.98588212538474e-06,5802.079520680321,False,True,True,Omega_safe_one_step_QP,False,0.3602294921875,0.0,2.8006016808918193,False,False,False,2.157391422326264,4.146324160049466e-06,2.2810862836921652e-05,0.0024867683582539364,0.2688626421640657,2.2119499785281922e-05,0.0018111545756593266,0.0,0.0,0.0,0.0,8.276655802797161e-07,20.0,27.19092943180464,-45.30423544474652,47.19092943180464,47.19092943180464,0.0,0.0,0.0,0.0,0.0,False,-0.514676022688036,0.008869757305800759,0.15214417377256803,0.11305772822157177
506,15.982291207823437,-3538.198978899175,9.04144408171194,4.965192426186352,39.28627274805311,23.011136689528097,0.1,0.0,0.0,25.460993408543256,50.114827391838155,179.87083375409054,205.48762521758692,0.0,0.0,0.0,0.0,2.7755575615628914e-17,8.326672684688674e-17,0.055419921875,0.0,nan,nan,0.0009748536352996075,-7.268734171643075e-05,5775.386868515254,False,True,True,Omega_safe_one_step_QP,False,0.33251953125,0.0,0.0,False,False,False,2.2908546831516015,2.432909538893717e-05,0.00013384569957424844,0.001601910304305348,0.17319419217147608,8.763007321693131e-05,0.007175189747184606,0.0,0.0,0.0,0.0,1.1748172660762138e-34,20.0,55.233721113711,-73.12336965817764,75.233721113711,75.233721113711,0.0,0.0,0.0,0.0,0.0,False,0.1,-0.08670216053724289,-0.007222726475447416,25.382938273887248,50.08537834575623,180.2578488512281,206.68281543943087,-0.8670216202735901,-0.07222726196050644,-0.022964641129915628,0.005820601587276458,-0.022964641129915545,0.0058206015872764305,0.0277099609375,0.0,-0.387939453125,-0.03462568878158306,0.0009728325912454101,-7.299373001516327e-05,5791.369159723077,False,True,True,Omega_safe_one_step_QP,False,0.3602294921875,0.0,2.3690802963673656,False,False,False,2.2109432271124843,4.720236745862287e-06,2.5968223614811993e-05,0.001087103452747098,0.11753467332055258,8.171603843967481e-05,0.0066909459237974415,0.0,0.0,0.0,0.0,1.9381213448346716e-07,20.0,31.312819590120217,-49.22612814428783,51.31281959012021,51.31281959012021,0.0,0.0,0.0,0.0,0.0,False,15.982291207823437,-0.27673109302775056,0.12525411956807309,0.11234294555120765
507,21.13841297397539,-3517.0605659251996,8.899929451738902,2.770464828088177,41.42941807098149,21.995120926498746,0.1,0.0,0.0,25.46326708415018,50.11127373368616,179.46203962064465,205.19062968293136,0.0,0.0,0.0,0.0,2.7755575615628914e-17,1.3877787807814457e-17,0.055419921875,0.0,nan,nan,9.055681029391301e-05,-9.72347792580128e-05,5752.540804198774,False,True,True,Omega_safe_one_step_QP,False,0.33251953125,0.0,0.0,False,False,False,2.405085004734001,1.7850571024689335e-05,9.820431579571884e-05,1.6711264353977995e-05,0.0018067765231126868,8.820634760534493e-06,0.0007222375352896409,0.0,0.0,0.0,0.0,4.81482486096809e-35,20.0,20.11060960411985,-37.70815181776005,40.11060960411985,40.11060960411985,0.0,0.0,0.0,0.0,0.0,False,0.1,-0.08454080671072006,-0.0015607108362019062,25.385854217358414,50.08190082230003,180.06643091237447,206.64709279882334,-0.8454080820083618,-0.015607108362019062,-0.022162529936679137,0.008184089268229416,-0.02216252993667911,0.008184089268229264,0.0277099609375,0.0,-0.387939453125,-0.00767331859995202,8.757120924199964e-05,-9.767590975270609e-05,5773.679217172749,False,True,True,Omega_safe_one_step_QP,False,0.3602294921875,0.0,2.362534762378218,False,False,False,2.299392939864124,6.5009989576689074e-06,3.5765026997934217e-05,3.6640827314967572e-06,0.0003961506752440944,1.2761070519748423e-07,1.0448821847920971e-05,0.0,0.0,0.0,0.0,6.22945638433098e-08,20.0,6.153804470708516,-23.854853957663046,26.153804470708515,26.153804470708515,0.0,0.0,0.0,0.0,0.0,False,21.13841297397539,-0.367462199634403,0.09220152089393145,0.11146817200615515
508,13.691379023594891,-3503.3691869016047,8.805490697316216,5.274940283075731,39.892002239140496,24.498498858297594,0.1,0.0,0.0,25.451948789272492,50.10717487474989,181.73914953251472,205.43595714956015,0.0,0.0,0.0,0.0,-1.1102230246251565e-16,-2.7755575615628914e-17,0.055419921875,0.0,nan,nan,0.0013875306220700917,-2.9288101938052978e-05,5796.729347570117,False,True,True,Omega_safe_one_step_QP,False,0.33251953125,0.0,0.0,False,False,False,2.1841422878772847,2.40477930422998e-05,0.00013229812418043922,0.000518522955073692,0.056061293872067174,6.018556588250198e-06,0.0004928021162091121,0.0,0.0,0.0,0.0,2.0992636393820872e-34,20.0,50.499293847130055,-68.37183795336522,70.49929384713005,70.49929384713005,0.0,0.0,0.0,0.0,0.0,False,0.1,-0.09162770956754684,-0.015293079428374767,25.375337334808208,50.077902351746395,182.04018713777458,206.39011669783187,-0.9162771105766296,-0.15293079614639282,-0.02619870810249146,0.002974824041873367,-0.026198708102491378,0.0029748240418733113,0.0277099609375,0.0,-0.387939453125,-0.06937376841150074,0.0013841766856297732,-2.9525227447651722e-05,5810.420726593712,False,True,True,Omega_safe_one_step_QP,False,0.3602294921875,0.0,2.6367060593089393,False,False,False,2.11568539275931,6.175865911916232e-06,3.39763184879063e-05,0.00038957136373056863,0.04211939797947328,6.6036716480776005e-06,0.0005407116000663699,0.0,0.0,0.0,0.0,4.342717838470102e-07,20.0,23.77514898317847,-41.70215811058897,43.77514898317847,43.77514898317847,0.0,0.0,0.0,0.0,0.0,False,13.691379023594891,-0.23619144870605466,0.06376298310745425,0.11083062654549898
509,22.235647827854336,-3481.1335390737504,9.325279826428162,6.076264487538923,36.510135822192915,19.54018950091306,0.1,0.0,0.0,25.4619806232248,50.10479908408295,179.78707381626336,204.87706760839325,0.0,0.0,0.0,0.0,-2.7755575615628914e-17,1.3877787807814457e-17,0.055419921875,0.0,nan,nan,0.0011828190576534314,-0.00018281221719441206,5801.749319321497,False,True,True,Omega_safe_one_step_QP,False,0.33251953125,0.0,0.0,False,False,False,2.1590424291203862,2.826320227689911e-05,0.00015548905623018772,0.00038105996019782506,0.04119916814192429,3.123575192257544e-05,0.002557597394511382,0.0,0.0,0.0,0.0,8.666684749742562e-35,20.0,72.38248392742466,-90.26735375289694,92.38248392742466,92.38248392742466,0.0,0.0,0.0,0.0,0.0,False,0.1,-0.09015015512704849,-0.007878542877733707,25.385916334181506,50.0755965632565,180.43881708758065,206.19907974227854,-0.9015015363693237,-0.07878542691469193,-0.02414770129167146,0.00638592915334564,-0.02414770129167157,0.006385929153345626,0.0277099609375,0.0,-0.387939453125,-0.03632508148412225,0.0011822102899219913,-0.00018327178838378668,5823.984967149351,False,True,True,Omega_safe_one_step_QP,False,0.3602294921875,0.0,2.497782153878403,False,False,False,2.0478641899811145,7.5927046614334674e-06,4.177100918977551e-05,0.0002564386037658127,0.02772544548932202,3.6495118387084727e-06,0.00029882366824578204,0.0,0.0,0.0,0.0,1.5842267019541795e-07,20.0,37.73109538734225,-55.71129739595057,57.73109538734225,57.73109538734225,0.0,0.0,0.0,0.0,0.0,False,22.235647827854336,-0.3832576453071356,0.025289850695505687,0.10992543391348215
510,24.031037197372825,-3457.1025018763776,10.874950723447359,5.938818385605154,38.55238892633994,26.12619937381489,0.1,0.0,0.0,25.467334374432557,50.09905595616451,178.7968443537133,204.3300043146603,0.0,0.0,0.0,0.0,1.1102230246251565e-16,-4.163336342344337e-17,0.055419921875,0.0,nan,nan,-0.0004000134491377737,3.873484796194904e-05,5927.644450553266,False,True,True,Omega_safe_one_step_QP,False,0.33251953125,0.0,0.0,False,False,False,1.5295667729615388,1.6901541588728206e-05,9.298326228994274e-05,9.805543885021556e-05,0.01060148778245546,2.992782473499406e-05,0.002450503729039188,0.0,0.0,0.0,0.0,2.2340787354891934e-34,20.0,12.29764762711985,-30.781225828932097,32.29764762711985,32.29764762711985,0.0,0.0,0.0,0.0,0.0,False,0.1,-0.09511765092611313,0.01184260006994009,25.392140357951362,50.069964215008575,179.47884211301204,206.59009731379112,-0.9511765241622925,0.11842600256204605,-0.024609078650632193,0.015621914273654558,-0.02460907865063211,0.015621914273654544,0.0277099609375,0.0,-0.387939453125,0.051750329535269854,-0.0003931000563621866,3.864488996605832e-05,5951.675487750639,False,True,True,Omega_safe_one_step_QP,False,0.3602294921875,0.0,2.914877283191196,False,False,False,1.4094115869746746,9.094199608758656e-06,5.003143311508606e-05,9.215519517980029e-05,0.00996356945871038,1.5289474123159362e-05,0.001251909007273783,0.0,0.0,0.0,0.0,8.551629020992914e-07,20.0,1.0999667169383645,-19.70182149502569,21.099966716938365,21.099966716938365,0.0,0.0,0.0,0.0,0.0,False,24.031037197372825,-0.4054061844942446,-0.041917182259995585,0.10896263789004351
511,17.064779049493154,-3440.0377228268844,10.630264057194358,4.507752693182078,39.9767144325203,26.867663246505714,0.1,0.0,0.0,25.44814372852806,50.09760482799002,182.5947405729265,205.05239079024415,0.0,0.0,0.0,0.0,-9.71445146547012e-17,-1.3877787807814457e-17,0.055419921875,0.0,nan,nan,-0.0009544518128526114,6.421988573367555e-05,5996.925164234595,False,True,True,Omega_safe_one_step_QP,False,0.33251953125,0.0,0.0,False,False,False,1.183163204554894,6.9962944137169865e-06,3.8489878281999886e-05,0.001442401569191381,0.1559485408712073,5.21842220106451e-05,0.004272867532686721,0.0,0.0,0.0,0.0,4.41037957264677e-34,20.0,0.0,-18.977096693727283,20.0,20.0,0.0,0.0,0.0,0.0,0.0,False,0.1,-0.09311114996671677,-0.008452682755887508,25.37395404525101,50.068608948729405,183.01601845279424,206.38555205299744,-0.9311115145683289,-0.08452682942152023,-0.027668305341043017,0.006281217010874349,-0.027668305341042906,0.006281217010874224,0.0277099609375,0.0,-0.387939453125,-0.03773288844565568,-0.0009496906025065672,6.419069143429306e-05,6013.989943284088,False,True,True,Omega_safe_one_step_QP,False,0.3602294921875,0.0,2.8372324677101752,False,False,False,1.0978393093074283,1.5012599228019284e-05,8.259130945804737e-05,0.001251161645871505,0.13527219966701995,4.183876371315437e-06,0.0003425776761436069,0.0,0.0,0.0,0.0,9.660749329823355e-07,20.0,0.0,-19.037859025420126,20.0,20.0,0.0,0.0,0.0,0.0,0.0,False,17.064779049493154,-0.28455881276069217,-0.0945614696004866,0.10822023049464291
512,10.81154498048545,-3429.226177846399,9.448452984933786,3.579855955056246,40.071054514348305,24.520160266494553,0.1,0.0,0.0,25.423781966977593,50.09725689434316,187.39907902546065,206.05317027674653,0.0,0.0,0.0,0.0,-2.7755575615628914e-17,-1.1102230246251565e-16,0.055419921875,0.0,nan,nan,-0.00016621541817209086,-2.0575838269223457e-05,5996.116525197033,False,True,True,Omega_safe_one_step_QP,False,0.33251953125,0.0,0.0,False,False,False,1.187206399742704,4.934814884058458e-06,2.7148718021244622e-05,0.0023081667966498264,0.24955272630956868,0.00010015595806039697,0.00820081482318745,0.0,0.0,0.0,0.0,1.4251881588465545e-34,20.0,0.0,-19.070574290108073,20.0,20.0,0.0,0.0,0.0,0.0,0.0,False,0.1,-0.0898507758975029,-0.0029493942856788635,25.35034944105274,50.0683424634575,187.56680767287,207.5053211477344,-0.8985077142715454,-0.029493942856788635,-0.031096411119410902,0.00731220331438899,-0.03109641111941093,0.007312203314388865,0.0277099609375,0.0,-0.387939453125,-0.013643888930688417,-0.0001674717211353812,-2.079354950455933e-05,6006.928070177519,False,True,True,Omega_safe_one_step_QP,False,0.3602294921875,0.0,3.1944562946116344,False,False,False,1.1331486748402768,1.852301853699216e-05,0.00010190376315585625,0.0020709682525557713,0.2239074638262646,0.00012538828255280454,0.010266848883747577,0.0,0.0,0.0,0.0,1.2814841985715018e-07,0.0,0.0,0.898872330218689,0.0,0.0,0.0,0.0,0.0,0.0,0.0,False,10.81154498048545,-0.18030912066256388,-0.12590977289021282,0.10767699659168158
513,13.68926026852023,-3415.5369175778787,9.780917318261361,3.486318817478286,42.67646425955517,24.006569754082236,0.1,0.0,0.0,25.415218333886433,50.09595998209656,189.1001786381962,206.33658351580766,0.0,0.0,0.0,0.0,-1.249000902703301e-16,2.7755575615628914e-17,0.055419921875,0.0,nan,nan,-0.0005256200687973104,-2.2052492269875523e-05,6069.95299096736,False,True,True,Omega_safe_one_step_QP,False,0.33251953125,0.0,0.0,False,False,False,0.8180240708910697,2.97882138320571e-06,1.638788559821238e-05,0.00028937398924490767,0.031286329932462914,8.032306407512293e-06,0.0006576888557282626,0.0,0.0,0.0,0.0,2.8696356171369814e-34,0.0,0.0,0.7860636642172802,0.0,0.0,0.0,0.0,0.0,0.0,0.0,False,0.1,-0.09170051664113998,-0.00034305264125578105,25.342244550694264,50.06707903879818,189.41030364165874,206.91971924506134,-0.917005181312561,-0.003430526237934828,-0.03111156388938335,-0.001627687413861545,-0.031111563889383336,-0.0016276874138616004,0.23243288547547625,-0.05033574002966734,-0.32560894130464346,-0.05242338064086795,-0.0005259593540665715,-2.215548650784079e-05,6083.64225123588,True,True,True,Z_mode_existing_controller,False,0.07831197579104432,0.0,3.1154113275142667,False,False,False,0.7495777695484684,2.4519498255731237e-05,0.000134893194538594,0.0003398477386940351,0.03674341466324495,3.429295884143105e-05,0.002807922869932259,0.0,0.0,0.0,0.0,7.992187583949648e-07,0.0,0.0,0.7098907396019942,0.0,0.0,0.0,0.0,0.0,0.0,0.0,False,13.68926026852023,-0.22552497999393223,-0.16227799388935166,0.1070431374725515
514,5.81862710848236,-3409.7182904693964,11.207641034604437,4.6611135974298,38.32061060869476,24.586426600978015,0.1,0.0,0.0,25.402674442125747,50.09490110144437,191.58313712080033,206.80067796768324,0.0,0.0,0.0,0.0,-7.632783294297951e-17,-6.938893903907228e-17,0.26014284641297625,-0.05033574002966734,nan,nan,-0.0015149724447638168,-2.6127974184502085e-06,6275.555406366733,True,True,True,Z_mode_existing_controller,False,0.05060201485354432,0.0,0.0,False,False,False,-0.20998800610579565,3.019004635835463e-06,1.6608952410332475e-05,0.0006165082826335746,0.06665520141219654,2.1538366026169656e-05,0.0017635710824925135,0.0,0.0,0.0,0.0,1.179632090937182e-34,0.0,0.0,-0.2784233875528951,0.0,0.0,0.0,0.0,0.0,0.0,0.0,False,0.1,-0.09146814048290253,-0.000864114728756249,25.330286760771394,50.06610323655953,191.5593268087945,207.29757247998182,-0.9146813750267029,-0.008641147054731846,-0.031055181020957848,-0.0019148222859132202,-0.031055181020957744,-0.0019148222859131786,0.23243288547547625,-0.05033574002966734,-0.32560894130464346,-0.055607653935830996,-0.0015094980722643713,-2.6200857930428617e-06,6281.374033475216,True,True,True,Z_mode_existing_controller,False,0.07831197579104432,0.0,3.1114157752236884,False,False,False,-0.23908114164820746,4.058493018258252e-05,0.000223276627659977,0.000461830057288624,0.049931811711077655,1.4277306713987108e-05,0.0011690322852750624,0.0,0.0,0.0,0.0,8.562546259997384e-10,0.0,0.0,-0.29040526312847476,0.0,0.0,0.0,0.0,0.0,0.0,0.0,False,5.81862710848236,-0.0927189185929136,-0.17945518385804043,0.10665102405967883
515,-3.354351592281091,-3413.0726420616775,9.973319585269534,5.313110965315622,43.72590359540405,26.062676083444913,0.1,0.0,0.0,25.37734701938567,50.09461935924496,196.5770674534469,207.84576296048044,0.0,0.0,0.0,0.0,-3.8163916471489756e-17,-5.551115123125783e-17,0.26014284641297625,-0.05033574002966734,nan,nan,0.0002957764772545205,4.587786781498214e-05,6268.763161715344,True,True,True,Z_mode_existing_controller,False,0.05060201485354432,0.0,0.0,False,False,False,-0.1760267828488486,2.2891866002847116e-06,1.2593883047144722e-05,0.0024939340167327343,0.2696373737007045,0.00010922026421699239,0.008943004281812477,0.0,0.0,0.0,0.0,1.6490775148815708e-35,0.0,0.0,-0.45461975471441274,0.0,0.0,0.0,0.0,0.0,0.0,0.0,False,0.1,-0.09384609758853912,-0.00030913218506611884,25.305359964879475,50.06585537505963,196.1731122082913,208.31836812412175,-0.9384609460830688,-0.0030913217924535275,-0.03188504463097824,-0.0016423633163101664,-0.03188504463097825,-0.0016423633163101803,0.23243288547547625,-0.05033574002966734,-0.32560894130464346,-0.052173948476300656,0.000295148120143968,4.584533014671257e-05,6265.408810123063,True,True,True,Z_mode_existing_controller,False,0.07831197579104432,0.0,3.1927314769366837,False,False,False,-0.15925502488744314,3.5835482768799084e-05,0.00019714770253857652,0.0021287015712609632,0.23014943347191222,0.00010420237470950411,0.008532137235547375,0.0,0.0,0.0,0.0,7.629075013533948e-09,0.0,0.0,-0.39813375092651626,0.0,0.0,0.0,0.0,0.0,0.0,0.0,False,-3.354351592281091,0.05350898583578372,-0.1499088649371839,0.1065470282407814
516,-9.511591146808314,-3422.584233208486,9.845275932409951,5.326138645965312,39.69529219682731,23.600445206731326,0.1,0.0,0.0,25.383312021812294,50.09608363222979,195.3815417023137,207.66926622702988,0.0,0.0,0.0,0.0,1.1275702593849246e-16,1.5265566588595902e-16,0.26014284641297625,-0.05033574002966734,nan,nan,0.000330867620086984,-4.484041780402552e-05,6227.568167894538,True,True,True,Z_mode_existing_controller,False,0.05060201485354432,0.0,0.0,False,False,False,0.02994818625517837,2.1753782831574974e-06,1.1967770420277942e-05,0.00014292818216225426,0.01545300693902688,3.115109691871898e-06,0.0002550665804779452,0.0,0.0,0.0,0.0,6.6110554606629975e-34,0.0,0.0,0.014228144965253266,0.0,0.0,0.0,0.0,0.0,0.0,0.0,False,0.1,-0.09475962072610855,-0.0007208915776573122,25.311324743557,50.06729288283281,194.7190148035056,208.0781839032137,-0.9475961923599243,-0.007208915427327156,-0.032218942638544426,-0.001886450239947865,-0.03221894263854442,-0.0018864502399478372,0.23243288547547625,-0.05033574002966734,-0.32560894130464346,-0.05458108894330487,0.0003303188439651465,-4.489162808679137e-05,6218.05657674773,True,True,True,Z_mode_existing_controller,False,0.07831197579104432,0.0,3.227412212986764,False,False,False,0.07750614198921994,3.2436126871494565e-05,0.0001784462604626224,0.00021143992626045053,0.022860310669738256,5.768845997320623e-06,0.0004723557008858494,0.0,0.0,0.0,0.0,1.7106630574755285e-09,0.0,0.0,0.053995027647470155,0.0,0.0,0.0,0.0,0.0,0.0,0.0,False,-9.511591146808314,0.15273363358500278,-0.12420116835636448,0.10663664450977792
517,-13.056903728600446,-3435.6411369370862,10.462566142019078,5.987589559731869,41.22189305437151,25.210881662225614,0.1,0.0,0.0,25.388810308749125,50.09554435354072,194.30159734183434,207.40225982329397,0.0,0.0,0.0,0.0,8.673617379884035e-18,0.0,0.26014284641297625,-0.05033574002966734,nan,nan,0.00012575171727075224,1.7942883783876335e-05,6264.446825028257,True,True,True,Z_mode_existing_controller,False,0.05060201485354432,0.0,0.0,False,False,False,-0.15444509941341494,2.089319195186905e-06,1.1494319243816057e-05,0.00011662798217312033,0.01260950073345218,7.129241963598134e-06,0.0005837455335199242,0.0,0.0,0.0,0.0,3.4137108264263755e-34,0.0,0.0,-0.16764983999963087,0.0,0.0,0.0,0.0,0.0,0.0,0.0,False,0.1,-0.09349839389324188,-0.0008324972586706281,25.316614694700185,50.06668704337397,193.49557702870007,207.77413592027472,-0.9349839091300964,-0.008324972353875637,-0.031813361051438206,-0.001928977045522362,-0.031813361051438296,-0.0019289770455222788,0.23243288547547625,-0.05033574002966734,-0.32560894130464346,-0.05530447020431025,0.00012735905804729403,1.7877887497809095e-05,6251.389921299657,True,True,True,Z_mode_existing_controller,False,0.07831197579104432,0.0,3.1871788368890157,False,False,False,-0.08916058077041271,3.1500822627999316e-05,0.00017330071564132548,0.00014967999888210778,0.016182995028461128,9.244517592926372e-06,0.0007569452519596543,0.0,0.0,0.0,0.0,1.6630495299188777e-09,0.0,0.0,-0.10627382342952435,0.0,0.0,0.0,0.0,0.0,0.0,0.0,False,-13.056903728600446,0.2084286784338943,-0.12795947845598488,0.10683493505891659
518,-16.89610049739258,-3452.537237434479,10.88776135665945,3.6030949078553425,39.99400826502442,22.9827696513468,0.1,0.0,0.0,25.390340311167346,50.09609460620187,193.99113272635657,207.36224923612363,0.0,0.0,0.0,0.0,-1.5612511283791264e-17,8.326672684688674e-17,0.26014284641297625,-0.05033574002966734,nan,nan,-0.001764416864617903,-4.755999587248471e-05,6302.022120849787,True,True,True,Z_mode_existing_controller,False,0.05060201485354432,0.0,0.0,False,False,False,-0.3423215785210641,5.385439154698597e-06,2.9627812282036195e-05,9.63882774637594e-06,0.0010421238820468813,1.6008470857156253e-07,1.310780782734504e-05,0.0,0.0,0.0,0.0,7.52316384526264e-35,0.0,0.0,-0.3434064380232204,0.0,0.0,0.0,0.0,0.0,0.0,0.0,False,0.1,-0.0933823511004448,-0.0009546895744279027,25.317853422330316,50.067148751334294,193.0298106606978,207.6988035386197,-0.9338234663009644,-0.009546895511448383,-0.03179603475968691,-0.0019953479605963054,-0.03179603475968691,-0.001995347960596333,0.23243288547547625,-0.05033574002966734,-0.32560894130464346,-0.056040851411459744,-0.0017613104491721408,-4.768606608016729e-05,6285.126020352394,True,True,True,Z_mode_existing_controller,False,0.07831197579104432,0.0,3.1858581888136097,False,False,False,-0.2578410760341012,5.2743888939135246e-05,0.00029016873009323266,2.1693830956203335e-05,0.00234547809416426,5.674967725817057e-07,4.646689058570664e-05,0.0,0.0,0.0,0.0,4.705298753621446e-11,0.0,0.0,-0.26052318979599737,0.0,0.0,0.0,0.0,0.0,0.0,0.0,False,-16.89610049739258,0.2681060169797413,-0.09779063143496894,0.10715035683517916
519,-22.237497603553493,-3474.7747350380323,13.671609987931387,1.9757733519620158,43.82837557227162,25.83195160627306,0.1,0.0,0.0,25.363259418289125,50.095285354166414,199.3369479161976,208.4521689782664,0.0,0.0,0.0,0.0,1.3183898417423734e-16,-1.3877787807814457e-17,0.26014284641297625,-0.05033574002966734,nan,nan,-0.005940011001836552,9.898575849626645e-05,6725.245559044027,True,True,True,Z_mode_existing_controller,False,0.05060201485354432,0.0,0.0,False,False,False,-2.4584387694922634,5.757292510291652e-05,0.00031673551004447384,0.0028577740043935125,0.30897476517214156,0.00011879250443125594,0.00972678360917816,0.0,0.0,0.0,0.0,3.1179000240306485e-34,20.0,35.94546218920133,-58.72291924298496,55.94546218920133,55.94546218920133,0.0,0.0,0.0,0.0,0.0,False,0.1,-0.09469049423933029,-0.002657234203070402,25.290379249923387,50.06622614087534,198.19679765434057,208.66670828703357,-0.9469048976898193,-0.026572341099381447,-0.03226344806947451,-0.0029659277295813746,-0.03226344806947439,-0.0029659277295812775,0.23243288547547625,-0.05033574002966734,-0.32560894130464346,-0.06599568394247578,-0.005929562121291481,9.858968609409045e-05,6703.008061440473,True,True,True,Z_mode_existing_controller,False,0.07831197579104432,0.0,3.2399487783432286,False,False,False,-2.347251281474496,0.00016049729936585844,0.0008829704915033157,0.002669775459247366,0.28864887297425157,9.368396020021208e-05,0.007670884732004701,0.0,0.0,0.0,0.0,1.160500290129355e-08,20.0,42.524756604397076,-65.16921062567434,62.524756604397076,62.524756604397076,0.0,0.0,0.0,0.0,0.0,False,-22.237497603553493,0.3306570356178115,-0.06909951791672989,0.10761588760175594
520,-94.35871345137093,-3569.1334484894032,10.303354884225067,5.609075468414919,40.87062137970095,21.685679319437604,0.1,0.0,0.0,25.277968401725786,50.09823919495377,216.113892424341,212.1999729723515,0.0,0.0,0.0,0.0,-2.7755575615628914e-17,5.551115123125783e-17,0.055419921875,0.0,nan,nan,5.92225096637854e-05,-9.112037263545362e-05,6777.481968149924,False,True,True,Omega_safe_one_step_QP,False,0.33251953125,0.0,0.0,False,False,False,-2.719620815021749,4.0391141356338784e-05,0.00022221050495366135,0.028146586702932304,3.0431325232736355,0.0014046034778080253,0.11500956353053374,0.0,0.0,0.0,0.0,3.0285248375489284e-34,20.0,5.470917621870213,-31.348902734201086,25.470917621870214,25.470917621870214,0.0,0.0,0.0,0.0,0.0,False,0.1,-0.09881298989057541,-0.05564171075820923,25.20466197051776,50.06903640572328,211.94540251204688,210.7274162250877,-0.9881298542022705,-0.5564171075820923,-0.06126877979518566,-0.01957870786366292,-0.06126877979518555,-0.01957870786366283,0.0277099609375,0.0,-0.387939453125,-0.234052673638313,5.731831659556118e-05,-9.106755662165785e-05,6683.123254698553,False,True,True,Omega_safe_one_step_QP,False,0.3602294921875,0.0,6.432098552728793,False,False,False,-2.2478272477648944,0.0001356994500783212,0.0007465459581301412,0.01890241355333456,2.0436776245599995,0.0004246517205959273,0.03477067358144677,0.0,0.0,0.0,0.0,1.1172937323018809e-05,20.0,14.081684958860219,-38.408718223662014,34.08168495886022,34.08168495886022,0.0,0.0,0.0,0.0,0.0,False,-94.35871345137093,1.3922385023641517,0.012939769084025906,0.11030669758469844
521,-65.34405670069373,-3634.477505190097,12.724332748808655,5.135133229456533,35.03224347483661,27.426362505307516,0.1,0.0,0.0,25.296532823390137,50.09998822670974,212.43120118869922,211.50863765832403,0.0,0.0,0.0,0.0,2.7755575615628914e-17,7.632783294297951e-17,0.055419921875,0.0,nan,nan,-0.0028370616341455756,9.367610808918908e-05,6956.291270505273,False,True,True,Omega_safe_one_step_QP,False,0.33251953125,0.0,0.0,False,False,False,-3.6136673267984953,6.651422057983613e-05,0.00036592574622368464,0.0013562214737072808,0.14663098296642693,4.7794451642145974e-05,0.003913431163592555,0.0,0.0,0.0,0.0,3.5148221485067053e-35,20.0,61.32348508454307,-85.08806275121782,81.32348508454308,81.32348508454308,0.0,0.0,0.0,0.0,0.0,False,0.1,-0.0970173254609108,-0.0049653551541268826,25.22016434657277,50.07021594566839,209.5177914948069,212.3336938337974,-0.9701732397079468,-0.0496535487473011,-0.05742750885013248,0.001950765066111422,-0.05742750885013245,0.0019507650661114775,0.0277099609375,0.0,-0.387939453125,-0.021272973158351974,-0.002833859579433027,9.27706220108875e-05,6890.947213804579,False,True,True,Omega_safe_one_step_QP,False,0.3602294921875,0.0,5.746063223699503,False,False,False,-3.2869470432950267,0.0001836282903840979,0.0010102248602000537,0.0005893295251025011,0.06371670795087883,0.0002580127756242209,0.021126201934336144,0.0,0.0,0.0,0.0,4.782735671071939e-06,20.0,98.19372935841871,-121.56653431919482,118.19372935841871,118.19372935841871,0.0,0.0,0.0,0.0,0.0,False,-65.34405670069373,0.9393519356751638,0.0694149258597535,0.11208523251555158
522,-60.891386401048294,-3695.3688915911453,7.561543279874049,6.095747719110162,41.367413519639946,23.924755288627424,0.1,0.0,0.0,25.26860200306364,50.104857133810796,217.877763540163,212.94655777592334,0.0,0.0,0.0,0.0,8.326672684688674e-17,8.326672684688674e-17,0.055419921875,0.0,nan,nan,0.0029486965464606057,-7.00679922159967e-05,6511.732155469188,False,True,True,Omega_safe_one_step_QP,False,0.33251953125,0.0,0.0,False,False,False,-1.3908717516180695,1.576261906950847e-05,8.671751837678649e-05,0.0029665041448382534,0.3207303727042275,0.0002067614264596798,0.016929718449215172,0.0,0.0,0.0,0.0,3.1296361596292584e-35,20.0,0.0,-21.72861856028989,20.0,20.0,0.0,0.0,0.0,0.0,0.0,False,0.1,-0.09804461151361465,-0.037305038422346115,25.19027675901462,50.074632597018976,214.95267193067028,212.38417864714967,-0.9804461002349854,-0.37305039167404175,-0.06400952984360428,-0.012960126030823312,-0.06400952984360417,-0.012960126030823374,0.0277099609375,0.0,-0.387939453125,-0.158150632884848,0.002941287880179151,-6.920822233216946e-05,6450.84076906814,False,True,True,Omega_safe_one_step_QP,False,0.3602294921875,0.0,6.5308382138390915,False,False,False,-1.086414819612828,9.108463338176015e-05,0.0005010990454248127,0.0029537925352130646,0.31935602798947244,2.548716379212099e-07,2.0869004168617687e-05,0.0,0.0,0.0,0.0,2.6565767366315342e-06,20.0,0.0,-21.40629547222863,20.0,20.0,0.0,0.0,0.0,0.0,0.0,False,-60.891386401048294,0.9351027491188465,0.1229844335471616,0.11373468857787306
523,-14.367402694121665,-3709.736294285267,9.816179929027232,4.051495988730294,44.754801897157364,21.33418495972631,0.1,0.0,0.0,25.331947825351016,50.107284504753025,205.35899483304655,210.40697631867218,0.0,0.0,0.0,0.0,9.71445146547012e-17,3.469446951953614e-17,0.055419921875,0.0,nan,nan,-0.00020981000877597859,-9.49804967090652e-05,6463.679622134443,False,True,True,Omega_safe_one_step_QP,False,0.33251953125,0.0,0.0,False,False,False,-1.1506090849443444,1.3010746751816e-05,7.157818542534263e-05,0.015671956994227774,1.694409433578379,0.0006449473978013924,0.05280858255957527,0.0,0.0,0.0,0.0,2.5518571763130876e-35,20.0,0.0,-22.897898679267726,20.0,20.0,0.0,0.0,0.0,0.0,0.0,False,0.1,-0.09455942362546921,-0.009092547930777073,25.25150522637472,50.07668179198726,204.45388504533756,211.35118651400288,-0.9455941915512085,-0.09092547744512558,-0.05053218314109967,0.0009698935533841921,-0.05053218314109975,0.0009698935533841088,0.0277099609375,0.0,-0.387939453125,-0.03996758942537319,-0.00021252460929641233,-9.511871690879095e-05,6449.312219440321,False,True,True,Omega_safe_one_step_QP,False,0.3602294921875,0.0,5.054149014928775,False,False,False,-1.078772071473736,8.483136915427846e-05,0.00046669692270838437,0.011022452606363432,1.1917176447250113,0.00010670727471431585,0.00873723957282096,0.0,0.0,0.0,0.0,3.756843197559107e-06,20.0,0.0,-22.279697409537476,20.0,20.0,0.0,0.0,0.0,0.0,0.0,False,-14.367402694121665,0.22227900412825918,0.13169885392046046,0.11395019436539901
524,-5.947198152526653,-3715.6834924377936,11.150916943575199,3.8804437333289226,42.82888955089411,20.784206791476613,0.1,0.0,0.0,25.33755502936743,50.107264006489885,204.25148087950265,210.16392311384905,0.0,0.0,0.0,0.0,9.71445146547012e-17,6.938893903907228e-17,0.055419921875,0.0,nan,nan,-0.001793099506101072,-9.677304288206907e-05,6580.22939806319,False,True,True,Omega_safe_one_step_QP,False,0.33251953125,0.0,0.0,False,False,False,-1.733357964588081,2.352978567699863e-05,0.00012944832409190508,0.00012265871572944415,0.013261527269321083,5.907486037479298e-06,0.0004837076096333544,0.0,0.0,0.0,0.0,1.2037062152420224e-35,20.0,0.0,-21.747232647791126,20.0,20.0,0.0,0.0,0.0,0.0,0.0,False,0.1,-0.09500300884246826,-0.0267103910446167,25.256709721624215,50.076543655382174,203.72309460322072,210.45079116729616,-0.9500300884246826,-0.267103910446167,-0.05002696298911288,-0.006151858988948919,-0.0500269629891128,-0.006151858988948995,0.0277099609375,0.0,-0.387939453125,-0.11686112389855478,-0.0017902846306716447,-9.684735707014011e-05,6574.282199910664,False,True,True,Omega_safe_one_step_QP,False,0.3602294921875,0.0,5.040379345777429,False,False,False,-1.7036219738254477,0.00010910767522363158,0.0006002522036173754,5.340546702893289e-05,0.005774054074536583,8.107117803711078e-05,0.006638144464446968,0.0,0.0,0.0,0.0,5.097460667620175e-07,20.0,1.9202068850948721,-23.636841819408986,21.92020688509487,21.92020688509487,0.0,0.0,0.0,0.0,0.0,False,-5.947198152526653,0.09037979974189254,0.13037212243760063,0.1139026495679662
525,-11.646009855506236,-3727.3295022933,8.726264813043038,4.7403047510746,40.555925462553276,20.73445429218497,0.1,0.0,0.0,25.318497004091807,50.107035919618305,208.00885438816812,210.94800242099276,0.0,0.0,0.0,0.0,1.3877787807814457e-16,-1.1102230246251565e-16,0.055419921875,0.0,nan,nan,0.0011876049804525994,-0.00014617893755542095,6409.924860226564,False,True,True,Omega_safe_one_step_QP,False,0.33251953125,0.0,0.0,False,False,False,-0.8818352754049511,8.984059119062421e-06,4.9425498917403304e-05,0.001411785568362104,0.15263842199819883,6.147803598909655e-05,0.005033849194830778,0.0,0.0,0.0,0.0,3.42815530100928e-34,20.0,0.0,-21.039556972096896,20.0,20.0,0.0,0.0,0.0,0.0,0.0,False,0.1,-0.09686609357595444,-0.03890010342001915,25.237638710671142,50.07627830618954,207.23837192486403,210.69987394139008,-0.9686608910560608,-0.3890010118484497,-0.054883585480002786,-0.01192159502161231,-0.054883585480002814,-0.011921595021612316,0.0277099609375,0.0,-0.387939453125,-0.16691914163776372,0.0011805330264451751,-0.00014607390400103466,6398.278850371058,False,True,True,Omega_safe_one_step_QP,False,0.3602294921875,0.0,5.616344347527244,False,False,False,-0.8236052261274199,7.439465895200118e-05,0.0004092797127404093,0.0012357174648059768,0.1336024167483352,6.204222835032328e-06,0.0005080045518730821,0.0,0.0,0.0,0.0,5.687663590563221e-07,20.0,0.0,-20.958125495906728,20.0,20.0,0.0,0.0,0.0,0.0,0.0,False,-11.646009855506236,0.18168715093322635,0.13865170693221046,0.11403558046485214
526,10.741587786572381,-3716.5879145067274,12.236837040151196,6.621490815779623,35.4263843666856,25.745891617050955,0.1,0.0,0.0,25.34725786282775,50.10640379911021,202.3440823582468,209.6964253196932,0.0,0.0,0.0,0.0,5.551115123125783e-17,-1.3877787807814457e-17,0.055419921875,0.0,nan,nan,-0.0013425661273925621,3.4827999805833254e-05,6648.898921365122,False,True,True,Omega_safe_one_step_QP,False,0.33251953125,0.0,0.0,False,False,False,-2.0767055810977397,1.49260982643235e-05,8.211542731715307e-05,0.003208964215097895,0.34694449710906905,0.00015664452404974446,0.012826123973809209,0.0,0.0,0.0,0.0,1.6370404527291504e-34,20.0,0.0,-22.436558317607936,20.0,20.0,0.0,0.0,0.0,0.0,0.0,False,0.1,-0.0954098030924797,-0.008214726112782955,25.26604237259851,50.075589162264976,202.4741977722779,210.88609202720414,-0.9540979862213135,-0.0821472555398941,-0.04894651893666602,0.001911006776554501,-0.048946518936665906,0.0019110067765545705,0.0277099609375,0.0,-0.387939453125,-0.03578716216563792,-0.001333167809783084,3.492674700606314e-05,6659.6405091516945,False,True,True,Omega_safe_one_step_QP,False,0.3602294921875,0.0,4.898381021232851,False,False,False,-2.130413520030602,8.925861875554722e-05,0.0004910532874066411,0.0022697355356169698,0.24539764272540815,3.46771754842533e-06,0.00028393827011873496,0.0,0.0,0.0,0.0,2.265896316466603e-06,20.0,0.0,-22.376588420209853,20.0,20.0,0.0,0.0,0.0,0.0,0.0,False,10.741587786572381,-0.16155438537433756,0.14185604248752923,0.11347611513215498
527,4.9971266539514545,-3711.590787852776,8.390235611111843,6.746919530705095,44.01035381643694,28.995063344366404,0.1,0.0,0.0,25.333382924650945,50.10851410631859,205.05216313367262,210.39084582149948,0.0,0.0,0.0,0.0,-2.7755575615628914e-17,8.326672684688674e-17,0.055419921875,0.0,nan,nan,0.0025501001922904054,0.00010806485122281983,6302.280182227414,False,True,True,Omega_safe_one_step_QP,False,0.33251953125,0.0,0.0,False,False,False,-0.3436118854092001,8.231821869311308e-07,4.528709100173009e-06,0.000733370148623095,0.07928998902877477,4.8221983332890196e-05,0.0039484376504230565,0.0,0.0,0.0,0.0,1.6370404527291504e-34,0.0,0.0,-0.42685484079749814,0.0,0.0,0.0,0.0,0.0,0.0,0.0,False,0.1,-0.09605319797992706,-0.03071199730038643,25.252788048057702,50.077745239596744,204.9870027915233,210.59874184233604,-0.9605319499969482,-0.3071199655532837,-0.05198176376509908,-0.008088537882513382,-0.051981763765099095,-0.008088537882513333,0.0277099609375,0.0,-0.387939453125,-0.1328995176741787,0.002540863635812689,0.00010800172246262915,6307.277308881366,False,True,True,Omega_safe_one_step_QP,False,0.3602294921875,0.0,5.260730186207441,False,False,False,-0.3685975186789574,4.089760067163608e-05,0.00022499677383370714,0.0006314189064744903,0.0682672975726117,8.257012874373299e-06,0.0006760879221441474,0.0,0.0,0.0,0.0,1.0920360455722386e-06,0.0,0.0,-0.4377669929835925,0.0,0.0,0.0,0.0,0.0,0.0,0.0,False,4.9971266539514545,-0.07929077269594384,0.15401839723672228,0.11310589902435601
528,59.06172938340569,-3652.5290584693703,11.532891805433723,7.012159491702896,38.86932851276826,26.430174028922462,0.1,0.0,0.0,25.38013152622073,50.112504367530846,195.78694631274865,208.63604467847762,0.0,0.0,0.0,0.0,1.1102230246251565e-16,1.249000902703301e-16,0.26014284641297625,-0.05033574002966734,nan,nan,-0.00033428654018159015,5.970161276876217e-05,6410.473146677705,True,True,True,Z_mode_existing_controller,False,0.05060201485354432,0.0,0.0,False,False,False,-0.8845767076606534,1.1768234910297722e-06,6.4742548341486105e-06,0.008584424273873244,0.9281246417947291,0.0003079327051550844,0.02521366818194877,0.0,0.0,0.0,0.0,2.0992636393820872e-34,0.0,0.0,-1.8379214918921654,0.0,0.0,0.0,0.0,0.0,0.0,0.0,False,0.1,-0.09429468214511871,-0.0013022338971495628,25.2997173056498,50.08177459076502,197.91512421741243,209.46796206897295,-0.9429467916488647,-0.013022338971495628,-0.03195320387374088,-0.0022035815183076984,-0.031953203873740954,-0.0022035815183078233,0.23243288547547625,-0.05033574002966734,-0.32560894130464346,-0.05804244168376434,-0.0003250674876318976,6.0176919759474205e-05,6469.5348760611105,True,True,True,Z_mode_existing_controller,False,0.07831197579104432,0.0,3.2029096292350845,False,False,False,-1.179885354577682,4.207352009435933e-05,0.0002314660549664906,0.005001146656696858,0.5407103960875614,0.0001278662895847076,0.010469749212322526,0.0,0.0,0.0,0.0,4.35775922730323e-06,0.0,0.0,-1.7313013236917596,0.0,0.0,0.0,0.0,0.0,0.0,0.0,False,59.06172938340569,-0.9213318273396879,0.11752554318473794,0.11108905629413489
529,41.810162785644934,-3610.7188956837253,11.311062041443154,4.4112786884975,35.04598285919721,23.687845385323037,0.1,0.0,0.0,25.375939576139842,50.1140788876143,196.5924516752216,208.8933015885127,0.0,0.0,0.0,0.0,-2.42861286636753e-17,1.3877787807814457e-17,0.26014284641297625,-0.05033574002966734,nan,nan,-0.001868622923134014,-4.1560764847893734e-05,6409.556212134653,True,True,True,Z_mode_existing_controller,False,0.05060201485354432,0.0,0.0,False,False,False,-0.8799920349453941,7.64459541545252e-06,4.205648442681509e-05,6.488388889726892e-05,0.007015069877697884,6.618111776080552e-06,0.0005418939642319037,0.0,0.0,0.0,0.0,3.063432317790947e-34,20.0,0.0,-20.887591055271752,20.0,20.0,0.0,0.0,0.0,0.0,0.0,False,0.1,-0.0943671390414238,-0.0013517917832359672,25.29775827666974,50.08373109325855,198.027643872411,209.6082488685491,-0.9436713457107544,-0.013517918065190315,-0.03200300501572423,-0.002232371740103656,-0.032003005015724215,-0.0022323717401035725,0.23243288547547625,-0.05033574002966734,-0.32560894130464346,-0.058329585809099305,-0.0018614879093537583,-4.1328397253313776e-05,6451.366374920298,True,True,True,Z_mode_existing_controller,False,0.07831197579104432,0.0,3.208077015320061,False,False,False,-1.0890428488736188,6.527215756818901e-05,0.0003590925783622606,1.2660672760999185e-06,0.00013688375593161136,1.9680386135321584e-06,0.00016114388546637634,0.0,0.0,0.0,0.0,3.309030613885311e-11,20.0,0.0,-21.08969996912647,20.0,20.0,0.0,0.0,0.0,0.0,0.0,False,41.810162785644934,-0.6523097918462655,0.10161581801603344,0.10960376628346069
530,-9.17970120528389,-3619.8985968890092,8.62139340204624,4.440074766580507,41.263786703050776,26.335560745731563,0.1,0.0,0.0,25.349394157232897,50.11374936038163,201.827069761474,209.98707499641114,0.0,0.0,0.0,0.0,-5.551115123125783e-17,5.551115123125783e-17,0.055419921875,0.0,nan,nan,0.001178889482196292,2.3907880018076246e-05,6252.104357426471,False,True,True,Omega_safe_one_step_QP,False,0.33251953125,0.0,0.0,False,False,False,-0.09273276140448615,1.5244353399979977e-06,8.386629723623802e-06,0.0027401226508920705,0.2962546203095994,0.00011963402678257342,0.009795687837207873,0.0,0.0,0.0,0.0,2.7083389842945504e-35,0.0,0.0,-0.3987914561810171,0.0,0.0,0.0,0.0,0.0,0.0,0.0,False,0.1,-0.0951654464006424,-0.02315923385322094,25.27284452766716,50.083670306497645,201.15634422092856,210.38661598584568,-0.9516544342041016,-0.2315923422574997,-0.04742193137952576,-0.004443731140407962,-0.047421931379525675,-0.0044437311404078375,0.0277099609375,0.0,-0.387939453125,-0.10115144041569608,0.001172647535927618,2.3946635772628937e-05,6242.924656221187,False,True,True,Omega_safe_one_step_QP,False,0.3602294921875,0.0,4.762967900597981,False,False,False,-0.0468342553780667,4.3140029986279454e-05,0.00023733342324734394,0.0009788765870813868,0.1058334784909507,6.058553692885696e-05,0.004960770970982328,0.0,0.0,0.0,0.0,2.426334006096458e-06,0.0,0.0,-0.15786826459725317,0.0,0.0,0.0,0.0,0.0,0.0,0.0,False,-9.17970120528389,0.14682578345609212,0.12733441732302458,0.10967427364861884
531,33.40200073865526,-3586.496596150354,8.572663975423499,6.217704372542743,37.22594876580195,23.64920359738682,0.1,0.0,0.0,25.372891822163005,50.115542896605334,197.17133558915998,209.09049038609322,0.0,0.0,0.0,0.0,1.249000902703301e-16,-9.71445146547012e-17,0.26014284641297625,-0.05033574002966734,nan,nan,0.001995742480604794,-6.967206136036677e-05,6137.388019188176,True,True,True,Z_mode_existing_controller,False,0.05060201485354432,0.0,0.0,False,False,False,0.4808489297869892,1.2350148545910153e-06,6.794392662560251e-06,0.002167586068325258,0.23435351970504564,8.038639634589294e-05,0.006582074232054002,0.0,0.0,0.0,0.0,5.585196838722984e-34,0.0,0.0,0.23990654145722698,0.0,0.0,0.0,0.0,0.0,0.0,0.0,False,0.1,-0.09443655610084534,-0.0013264480512589216,25.29606143735039,50.08540082617612,198.3277823991178,209.76272218919473,-0.9443655610084534,-0.013264480046927929,-0.0320278465492813,-0.002219316115001438,-0.03202784654928116,-0.00221931611500141,0.23243288547547625,-0.05033574002966734,-0.32560894130464346,-0.058173949344109216,0.001987713702852675,-7.004158314057843e-05,6170.7900199268315,True,True,True,Z_mode_existing_controller,False,0.07831197579104432,0.0,3.210464637093207,False,False,False,0.3138389260937129,2.0506201782143684e-05,0.00011281417904217538,0.0008000761979805359,0.08650206594741501,3.892434694995329e-05,0.0031871430080831972,0.0,0.0,0.0,0.0,2.4192586996601818e-06,0.0,0.0,0.22403448370047285,0.0,0.0,0.0,0.0,0.0,0.0,0.0,False,33.40200073865526,-0.5442380477529839,0.1144301931203724,0.10846059237535165
532,24.70014694391375,-3561.7964492064402,10.940654899015094,4.157687279948826,35.13662379539087,23.386484638306204,0.1,0.0,0.0,25.404786398392268,50.11473759700065,190.89083265624308,207.6974566561713,0.0,0.0,0.0,0.0,1.3877787807814457e-16,-1.1102230246251565e-16,0.26014284641297625,-0.05033574002966734,nan,nan,-0.0016263757564260852,-5.53355660553597e-05,6231.333692052961,True,True,True,Z_mode_existing_controller,False,0.05060201485354432,0.0,0.0,False,False,False,0.011120565463065758,1.0784334901754047e-06,5.932965555409052e-06,0.003944471709037783,0.4264655701096109,0.00019405429727001498,0.015889253004753846,0.0,0.0,0.0,0.0,3.851859888774472e-36,0.0,0.0,-0.4312401906168544,0.0,0.0,0.0,0.0,0.0,0.0,0.0,False,0.1,-0.09255920350551605,-0.00011062133125960827,25.329129248326502,50.0848083039713,191.63533212063118,208.3624013869236,-0.9255920052528381,-0.0011062133125960827,-0.031415516692167494,-0.0015114301136747443,-0.03141551669216748,-0.0015114301136746472,0.23243288547547625,-0.05033574002966734,-0.32560894130464346,-0.05100267889083939,-0.0016208909535663238,-5.5290240198277874e-05,6256.033838996875,True,True,True,Z_mode_existing_controller,False,0.07831197579104432,0.0,3.145185384082105,False,False,False,-0.112380169256503,3.8309890120380034e-05,0.0002107605713160409,0.00447888907300158,0.4842453243101785,0.0001960898349273247,0.016055923742236636,0.0,0.0,0.0,0.0,8.760504447872541e-09,0.0,0.0,-0.6128921866407386,0.0,0.0,0.0,0.0,0.0,0.0,0.0,False,24.70014694391375,-0.396386201808045,0.1033888444228908,0.10751102774764972
533,12.957613626265811,-3548.8388355801744,10.77580358079133,4.927480549860397,38.045804700046254,25.387883585417285,0.1,0.0,0.0,25.37715723368408,50.11324616271497,196.35277107675364,208.77298189769505,0.0,0.0,0.0,0.0,-2.0816681711721685e-17,8.326672684688674e-17,0.26014284641297625,-0.05033574002966734,nan,nan,-0.0009002100055488797,1.4975849489731134e-05,6347.065337595874,True,True,True,Z_mode_existing_controller,False,0.05060201485354432,0.0,0.0,False,False,False,-0.5675376622514977,3.092381452067905e-06,1.7012632495603055e-05,0.0029832771309449427,0.3225438224156401,0.00011567545451546887,0.009471558162294742,0.0,0.0,0.0,0.0,6.321865042451102e-34,0.0,0.0,-0.8995700554619283,0.0,0.0,0.0,0.0,0.0,0.0,0.0,False,0.1,-0.09389596432447433,-0.0006765550933778286,25.302537762363766,50.08347180845635,196.6174543845224,209.33121281793865,-0.9389596581459045,-0.006765550933778286,-0.031892549884227114,-0.0018481816997688721,-0.03189254988422712,-0.0018481816997688166,0.23243288547547625,-0.05033574002966734,-0.32560894130464346,-0.054356637444611396,-0.0008969836494880984,1.4999314163990744e-05,6360.022951222139,True,True,True,Z_mode_existing_controller,False,0.07831197579104432,0.0,3.1946056309242157,False,False,False,-0.6323257303828268,4.775531386021669e-05,0.00026272425216907077,0.002482154225236065,0.26836377463168626,9.385955888654116e-05,0.007685262831297719,0.0,0.0,0.0,0.0,3.409622970635489e-09,20.0,0.0,-20.9086374955076,20.0,20.0,0.0,0.0,0.0,0.0,0.0,False,12.957613626265811,-0.20415125632177383,0.10373525401140117,0.10691507764788664
534,-22.183409627589754,-3571.022245207764,9.873367081680895,5.2851153931552,37.94115817021518,24.81309589450218,0.1,0.0,0.0,25.364942408650688,50.11401290110186,198.74939518031314,209.32364225171804,0.0,0.0,0.0,0.0,-9.020562075079397e-17,-9.71445146547012e-17,0.26014284641297625,-0.05033574002966734,nan,nan,0.00023473805466972357,-1.488568497248462e-05,6310.983861747302,True,True,True,Z_mode_existing_controller,False,0.05060201485354432,0.0,0.0,False,False,False,-0.38713028300864155,1.7561070045929455e-06,9.661163590318303e-06,0.0005743807093762393,0.062100482587528746,3.032268254927298e-05,0.002482834864191799,0.0,0.0,0.0,0.0,3.7363040921112375e-34,0.0,0.0,-0.45172326162395243,0.0,0.0,0.0,0.0,0.0,0.0,0.0,False,0.1,-0.09455110132694244,-0.0012317862128838897,25.290934160658168,50.08431901685779,197.52458573712224,210.54865172492435,-0.945510983467102,-0.012317861430346966,-0.043291381122030334,0.005415984885343415,-0.043291381122030265,0.005415984885343443,0.0277099609375,0.0,-0.387939453125,-0.005414968312902794,0.00023406551451523976,-1.4966107123974559e-05,6288.800452119713,False,True,True,Omega_safe_one_step_QP,False,0.3602294921875,0.0,4.362885022242902,False,False,False,-0.27621323487069277,4.244822393265681e-05,0.00023352747552357747,8.228872908696033e-05,0.008896833936787581,0.00014821574922425497,0.012135972105974243,0.0,0.0,0.0,0.0,1.8270146976417826e-06,0.0,0.0,-0.2974813954036758,0.0,0.0,0.0,0.0,0.0,0.0,0.0,False,-22.183409627589754,0.35150477506446837,0.1254917777630948,0.10737923257999002
535,12.418620896837638,-3558.6036243109265,8.0945429600314,5.870444248665431,38.37268704992071,23.887277774782046,0.1,0.0,0.0,25.371731739257843,50.114552695149044,197.40225662121927,209.0616448872908,0.0,0.0,0.0,0.0,-1.3877787807814457e-17,-4.163336342344337e-17,0.26014284641297625,-0.05033574002966734,nan,nan,0.002329392133976007,-6.537617520887716e-05,6092.980706071386,True,True,True,Z_mode_existing_controller,False,0.05060201485354432,0.0,0.0,False,False,False,0.7028854953709424,1.8846132052313548e-06,1.0368136128717644e-05,0.00018147822973975296,0.019620933401833494,6.8642618966815095e-06,0.000562048846645753,0.0,0.0,0.0,0.0,8.907425992790966e-35,0.0,0.0,0.6826921449863343,0.0,0.0,0.0,0.0,0.0,0.0,0.0,False,0.1,-0.0945550724864006,-0.001011076383292675,25.297067750158966,50.08468022653654,197.66728518312857,209.60186034478528,-0.9455507397651672,-0.01011076383292675,-0.032115638344202536,-0.002045181783710867,-0.03211563834420246,-0.0020451817837109504,0.23243288547547625,-0.05033574002966734,-0.32560894130464346,-0.05630287534150405,0.0023205716376229965,-6.559796433271885e-05,6105.399326968223,True,True,True,Z_mode_existing_controller,False,0.07831197579104432,0.0,3.2180692888501192,False,False,False,0.6407923908867542,1.783136203626553e-05,9.809863819231451e-05,2.0363131890514253e-06,0.00022016065246475763,8.964139175056545e-05,0.007339877411944719,0.0,0.0,0.0,0.0,1.8056623469957858e-06,0.0,0.0,0.6331324485218054,0.0,0.0,0.0,0.0,0.0,0.0,0.0,False,12.418620896837638,-0.20381848385738416,0.11337571696748656,0.10681011895064794
536,6.613191736098088,-3551.9904325748284,7.052896661691001,6.693946960162388,39.884173184692465,26.197561881985617,0.1,0.0,0.0,25.40882514647343,50.1138723102982,190.09540225928,207.45658785067127,0.0,0.0,0.0,0.0,-4.85722573273506e-17,5.551115123125783e-17,0.26014284641297625,-0.05033574002966734,nan,nan,0.0037369531523811037,-3.3557323978083324e-06,5816.228274966696,True,True,True,Z_mode_existing_controller,False,0.05060201485354432,0.0,0.0,False,False,False,2.0866476508943923,2.274085577166893e-05,0.00012510805276632532,0.005339012066659076,0.5772394867512649,0.0002576208090801904,0.02109410753768986,0.0,0.0,0.0,0.0,1.0640762942739478e-34,20.0,48.80801450282319,-67.31982555427052,68.8080145028232,68.8080145028232,0.0,0.0,0.0,0.0,0.0,False,0.1,-0.0923953577876091,6.614549783989787e-05,25.334592419456175,50.08407608194191,190.1138773173033,208.00736877950868,-0.9239535331726074,0.0006614549783989787,-0.031405636228971086,-0.0014102206131364758,-0.03140563622897099,-0.001410220613136351,0.23243288547547625,-0.05033574002966734,-0.32560894130464346,-0.04993623993213314,0.0037253133440688954,-3.545990904006615e-06,5822.841466702794,True,True,True,Z_mode_existing_controller,False,0.07831197579104432,0.0,3.143728215231357,False,False,False,2.053581692213902,4.338670770188622e-06,2.3869051239870536e-05,0.005705397038751118,0.6168520350285962,0.00025424033517382167,0.02081731281616137,0.0,0.0,0.0,0.0,9.072786917706292e-09,20.0,24.380169073867567,-42.96428060762245,44.38016907386756,44.38016907386756,0.0,0.0,0.0,0.0,0.0,False,6.613191736098088,-0.11370241028127383,0.10113782644232348,0.10642583698725709
537,23.30445333920852,-3528.68597923562,10.562444213106057,3.7762137497588295,39.88741345875317,26.243288533391596,0.1,0.0,0.0,25.460990769612714,50.11329980600957,179.8159789240292,205.22283978557329,0.0,0.0,0.0,0.0,-8.326672684688674e-17,1.1102230246251565e-16,0.055419921875,0.0,nan,nan,-0.0013145428187606948,4.4199493071978404e-05,5922.07568575437,False,True,True,Omega_safe_one_step_QP,False,0.33251953125,0.0,0.0,False,False,False,1.5574105969560197,7.136870064967832e-06,3.92632504967897e-05,0.010566654410529893,1.142437981495154,0.0004989630418328989,0.040855317935438236,0.0,0.0,0.0,0.0,4.2851941262616e-35,20.0,0.0,-19.62592196572507,20.0,20.0,0.0,0.0,0.0,0.0,0.0,False,0.1,-0.08363575488328934,-0.0007212294149212539,25.386945649166915,50.083540582321056,180.49171760268862,206.7127108591078,-0.8363575339317322,-0.007212293799966574,-0.022291769714716372,0.008401786828758626,-0.0222917697147164,0.008401786828758709,0.0277099609375,0.0,-0.387939453125,-0.003584335241966657,-0.001309512617756351,4.414990634950397e-05,5945.380139093579,False,True,True,Omega_safe_one_step_QP,False,0.3602294921875,0.0,2.3822531748952525,False,False,False,1.440888330259977,9.7237776816618e-06,5.3495035696982536e-05,0.009258595757355343,1.0010142319003128,0.00016761391308567312,0.013724302474112769,0.0,0.0,0.0,0.0,1.7933805287945514e-06,20.0,0.0,-19.573905492530674,20.0,20.0,0.0,0.0,0.0,0.0,0.0,False,23.30445333920852,-0.39351832998804265,0.07291459804305267,0.10554031199867403
538,4.5728811681601655,-3524.1130980674598,11.54802135234985,2.8049644848195303,42.04387126418721,25.94915353045211,0.1,0.0,0.0,25.428883920163027,50.11208409990245,186.15739742984738,206.50207167881396,0.0,0.0,0.0,0.0,-1.249000902703301e-16,0.0,0.055419921875,0.0,nan,nan,-0.002964728223804847,5.7866986428075024e-05,6174.912997901828,False,True,True,Omega_safe_one_step_QP,False,0.33251953125,0.0,0.0,False,False,False,0.2932240362187304,1.1340506813100069e-06,6.23894166084002e-06,0.004021358866593332,0.43477840080019614,0.00016364342366841274,0.013399197017593224,0.0,0.0,0.0,0.0,1.4059288594026821e-34,0.0,0.0,-0.15495980054071984,0.0,0.0,0.0,0.0,0.0,0.0,0.0,False,0.1,-0.09221987426280975,-0.01485292799770832,25.35580798789446,50.08244271757739,186.0672839479943,207.3849236509883,-0.9221987128257751,-0.1485292762517929,-0.030476284304322518,0.002232182898208701,-0.03047628430432249,0.0022321828982086594,0.0277099609375,0.0,-0.387939453125,-0.06694447231370436,-0.002957315567126112,5.784965631886645e-05,6179.485879069988,False,True,True,Omega_safe_one_step_QP,False,0.3602294921875,0.0,3.055792115784291,False,False,False,0.27035963037792954,3.694623302327687e-05,0.00020325845768529095,0.0031086940070905273,0.33610355449946855,4.5187003756777265e-05,0.00369993215980762,0.0,0.0,0.0,0.0,1.0505029172733357e-06,0.0,0.0,-0.06964816524194921,0.0,0.0,0.0,0.0,0.0,0.0,0.0,False,4.5728811681601655,-0.07405579916209319,0.05614635572413886,0.10520923288195347
539,5.011327195834383,-3519.1017708716254,10.547633766992542,5.325036414257251,42.355959905144225,24.749561662598833,0.1,0.0,0.0,25.377272714026834,50.11212952767494,196.32902065846505,208.6718905033906,0.0,0.0,0.0,0.0,-1.214306433183765e-16,8.326672684688674e-17,0.26014284641297625,-0.05033574002966734,nan,nan,-0.0003132463221459551,9.947002306956226e-06,6321.753666399732,True,True,True,Z_mode_existing_controller,False,0.05060201485354432,0.0,0.0,False,False,False,-0.4409793062707877,1.5321061734679372e-06,8.428830555824431e-06,0.010346191910495468,1.1186021746494492,0.00047081137314872016,0.03855024666146115,0.0,0.0,0.0,0.0,6.94538486194647e-35,0.0,0.0,-1.598140156412254,0.0,0.0,0.0,0.0,0.0,0.0,0.0,False,0.1,-0.09363547712564468,-0.0016131382435560226,25.30457782737078,50.08250127105605,196.27140096709047,209.1229318867125,-0.9363547563552856,-0.016131382435560226,-0.031800577994041804,-0.002366754418487993,-0.0318005779940419,-0.00236675441848809,0.23243288547547625,-0.05033574002966734,-0.32560894130464346,-0.0599496026372658,-0.0003115002577606515,9.926192999383781e-06,6326.764993595566,True,True,True,Z_mode_existing_controller,False,0.07831197579104432,0.0,3.1888529085433985,False,False,False,-0.4660359422499596,3.920027224168072e-05,0.00021565897859377652,0.010412400413940818,1.1257604582551424,0.0003020672627445177,0.02473340312336762,0.0,0.0,0.0,0.0,2.290397821953655e-07,0.0,0.0,-1.6167456916468457,0.0,0.0,0.0,0.0,0.0,0.0,0.0,False,5.011327195834383,-0.07927115576283372,0.034881926121930626,0.10486171839196466
540,-2.547873507004624,-3521.64964437863,8.262809455270917,4.834711592591915,35.863218054894574,27.869674436030394,0.1,0.0,0.0,25.37384625576028,50.11279577952288,196.99431455890053,208.84699867307148,0.0,0.0,0.0,0.0,-1.3183898417423734e-16,2.7755575615628914e-17,0.26014284641297625,-0.05033574002966734,nan,nan,0.0016350056209095095,4.865986400998188e-05,6101.570686569249,True,True,True,Z_mode_existing_controller,False,0.05060201485354432,0.0,0.0,False,False,False,0.6599355928816248,7.458581273920951e-07,4.103313388681444e-06,4.426159739566438e-05,0.00478544371963786,3.066287108898376e-06,0.0002510689654592349,0.0,0.0,0.0,0.0,3.1898214703913593e-35,0.0,0.0,0.654894976883139,0.0,0.0,0.0,0.0,0.0,0.0,0.0,False,0.1,-0.09437984228134155,-0.000941810489166528,25.30147237062702,50.083197924730335,196.6176895334721,209.28415253929253,-0.9437984228134155,-0.009418104775249958,-0.03207702853927864,-0.0020037839929737955,-0.03207702853927864,-0.0020037839929736706,0.23243288547547625,-0.05033574002966734,-0.32560894130464346,-0.05590440419726015,0.00162844736347517,4.8659021583129757e-05,6099.0228130622445,True,True,True,Z_mode_existing_controller,False,0.07831197579104432,0.0,3.2139553671452696,False,False,False,0.672674960416648,2.127590809230613e-05,0.0001170486924058433,1.199157712066353e-05,0.0012964967555882533,2.5992098818329927e-06,0.0002128244723559766,0.0,0.0,0.0,0.0,2.081724337598108e-09,0.0,0.0,0.6710485884145736,0.0,0.0,0.0,0.0,0.0,0.0,0.0,False,-2.547873507004624,0.04175766598284262,-0.03756586590323583,0.10474719475015544
541,-7.967037169285504,-3529.6166815479155,10.609235809012919,5.115911385383885,32.43891167863441,25.199533595021812,0.1,0.0,0.0,25.400191883316428,50.114338034942215,191.78010479775418,207.81670326936805,0.0,0.0,0.0,0.0,1.0408340855860843e-17,1.249000902703301e-16,0.26014284641297625,-0.05033574002966734,nan,nan,-0.0007709452499349255,-1.5720329022327387e-05,6219.383661692129,True,True,True,Z_mode_existing_controller,False,0.05060201485354432,0.0,0.0,False,False,False,0.0708707172672257,3.812778553798127e-07,2.0975872908404726e-06,0.002718798343323387,0.2939490940806663,0.00010615086188924222,0.0086916802408347,0.0,0.0,0.0,0.0,2.9671358205715855e-34,0.0,0.0,-0.2317721546415661,0.0,0.0,0.0,0.0,0.0,0.0,0.0,False,0.1,-0.0944889709353447,-0.00045745610259473324,25.32775491798,50.08472033134657,191.18285215521226,208.24410324753563,-0.9448897242546082,-0.004574561025947332,-0.03213774260536813,-0.0017352032023408431,-0.032137742605368017,-0.0017352032023407182,0.23243288547547625,-0.05033574002966734,-0.32560894130464346,-0.05303742718570968,-0.0007676760846468799,-1.5779920562447505e-05,6211.416624522843,True,True,True,Z_mode_existing_controller,False,0.07831197579104432,0.0,3.21845526599688,False,False,False,0.11070590311365322,3.012275836157047e-05,0.0001657193414533516,0.002953745732813017,0.31935096784106953,0.00010817025292840316,0.00885702888597248,0.0,0.0,0.0,0.0,7.582183891812661e-10,0.0,0.0,-0.21766781371306052,0.0,0.0,0.0,0.0,0.0,0.0,0.0,False,-7.967037169285504,0.128100107706137,-0.08344502813088116,0.10479031507379964
542,-13.15498212150942,-3542.771663669425,11.933724712607392,4.476775880530974,44.19622127575617,23.41257136511162,0.1,0.0,0.0,25.386131212640738,50.11377938390844,194.55621547204763,208.37222561371948,0.0,0.0,0.0,0.0,1.6046192152785466e-17,6.938893903907228e-17,0.26014284641297625,-0.05033574002966734,nan,nan,-0.002222393269099505,-1.2910294696060615e-06,6421.2838077242395,True,True,True,Z_mode_existing_controller,False,0.05060201485354432,0.0,0.0,False,False,False,-0.9386300128933271,6.523562509067502e-06,3.588915961665862e-05,0.0007706790475926025,0.08332372587437993,3.086050750737096e-05,0.0025268722132828075,0.0,0.0,0.0,0.0,3.113273278265812e-35,20.0,0.0,-21.024516500140606,20.0,20.0,0.0,0.0,0.0,0.0,0.0,False,0.1,-0.09438548237085342,-0.0007124542025849223,25.31360019383122,50.084105767888886,193.7557664273642,208.7489603835855,-0.943854808807373,-0.0071245417930185795,-0.032125768929738716,-0.0018758819291346956,-0.03212576892973863,-0.0018758819291346263,0.23243288547547625,-0.05033574002966734,-0.32560894130464346,-0.0545480323729487,-0.0022160976717076003,-1.4550157194370694e-06,6408.12882560273,True,True,True,Z_mode_existing_controller,False,0.07831197579104432,0.0,3.218049039929333,False,False,False,-0.87285510228578,5.80875878188103e-05,0.0003195669096568453,0.0006619887851843115,0.07157242984730758,2.548807278204854e-05,0.002086974845365238,0.0,0.0,0.0,0.0,1.9933873080432728e-10,20.0,0.0,-20.946834074087448,20.0,20.0,0.0,0.0,0.0,0.0,0.0,False,-13.15498212150942,0.2048652966511951,-0.12151965994289642,0.10498073563177349
543,-47.24473998681151,-3590.0164036562364,9.018988227404177,5.510730674770038,39.48389092355217,22.79733510189748,0.1,0.0,0.0,25.352596548603618,50.11394189984743,201.16289825291148,209.78736692861236,0.0,0.0,0.0,0.0,-6.938893903907228e-17,9.71445146547012e-17,0.055419921875,0.0,nan,nan,0.0012540835707531132,-8.219492408627186e-05,6278.531282907442,False,True,True,Omega_safe_one_step_QP,False,0.33251953125,0.0,0.0,False,False,False,-0.22486738880933899,1.1193482129266363e-06,6.158056525787471e-06,0.004364825736696289,0.47191310612375215,0.00020026249411167444,0.01639758295007417,0.0,0.0,0.0,0.0,8.06953361952484e-35,0.0,0.0,-0.7131842359396912,0.0,0.0,0.0,0.0,0.0,0.0,0.0,False,0.1,-0.09534456580877304,-0.0268385112285614,25.27985282178575,50.0841793866741,198.88623773032037,209.77155698590758,-0.9534456133842468,-0.268385112285614,-0.04512805678920635,-0.005475184526035959,-0.045128056789206436,-0.0054751845260360005,0.0277099609375,0.0,-0.387939453125,-0.11700102016128663,0.0012514947163553315,-8.194638836034069e-05,6231.28654292063,False,True,True,Omega_safe_one_step_QP,False,0.3602294921875,0.0,4.545898321744543,False,False,False,0.01135631112471856,3.8431621544542314e-05,0.00021143027264963749,0.0026321735790456897,0.2845834597934044,0.00010457038110806374,0.008562269764722682,0.0,0.0,0.0,0.0,1.8201446876452483e-06,0.0,0.0,-0.28200266885074576,0.0,0.0,0.0,0.0,0.0,0.0,0.0,False,-47.24473998681151,0.7524807611523688,-0.09547881393562574,0.10618315802874831
544,-3.4373611306828025,-3593.4537647869192,7.71076449942529,5.38288202778049,49.082639004841056,29.120216252899013,0.1,0.0,0.0,25.376672764596233,50.11351179198571,196.41928378210557,208.74418445903152,0.0,0.0,0.0,0.0,-9.367506770274758e-17,-1.249000902703301e-16,0.26014284641297625,-0.05033574002966734,nan,nan,0.0027152643970281285,0.00011785933908105251,6028.386280034362,True,True,True,Z_mode_existing_controller,False,0.05060201485354432,0.0,0.0,False,False,False,1.0258576255560592,3.8594244421565285e-06,2.1232493693509277e-05,0.0022501878247639224,0.2432841973090849,0.00010882296648407834,0.008910473365026322,0.0,0.0,0.0,0.0,4.989362262178183e-34,20.0,0.0,-19.226358277611745,20.0,20.0,0.0,0.0,0.0,0.0,0.0,False,0.1,-0.09456515312194824,-0.0012072852114215493,25.30238863116096,50.08344440622927,195.99760841187074,209.15424434230235,-0.9456515312194824,-0.01207285188138485,-0.032183912353184456,-0.0021548324034836586,-0.03218391235318451,-0.002154832403483589,0.23243288547547625,-0.05033574002966734,-0.32560894130464346,-0.05746009421918049,0.0027058014940932033,0.0001178842086924088,6024.948918903679,True,True,True,Z_mode_existing_controller,False,0.07831197579104432,0.0,3.225596870417264,False,False,False,1.0430444312094733,1.3024679698146012e-05,7.165483706071411e-05,0.000834417933940678,0.09021500118567241,3.8107489995487944e-05,0.0031202583938242674,0.0,0.0,0.0,0.0,1.7857561339833565e-06,20.0,0.0,-19.050364268963218,20.0,20.0,0.0,0.0,0.0,0.0,0.0,False,-3.4373611306828025,0.057019589837285764,-0.09791136796424026,0.10609565360692622
545,-5.940843883107846,-3599.394608670027,10.325011005319897,4.410304154203446,35.82793823398938,25.59047307057231,0.1,0.0,0.0,25.418744722201737,50.11634755576933,188.08960722582043,207.12285282699744,0.0,0.0,0.0,0.0,-1.3877787807814457e-16,-9.71445146547012e-17,0.055419921875,0.0,nan,nan,-0.0007878321156727337,6.134715096598289e-06,6100.2413487018,False,True,True,Omega_safe_one_step_QP,False,0.33251953125,0.0,0.0,False,False,False,0.6665822822188693,7.934574613354784e-07,4.365179522586997e-06,0.00693835115323262,0.7501556858436279,0.00026287162610342645,0.021524046793545536,0.0,0.0,0.0,0.0,2.8046354815139123e-35,0.0,0.0,-0.10510181559782679,0.0,0.0,0.0,0.0,0.0,0.0,0.0,False,0.1,-0.09083624184131622,-0.0015094083501026034,25.34432544860106,50.086255519983965,187.547566167676,208.43064194380915,-0.9083623886108398,-0.015094083733856678,-0.031452321882232,0.00714902819453149,-0.03145232188223211,0.007149028194531407,0.0277099609375,0.0,-0.387939453125,-0.006906766325682912,-0.0007851946017280787,6.019863819400027e-06,6094.300504818692,False,True,True,Omega_safe_one_step_QP,False,0.3602294921875,0.0,3.2254567985166767,False,False,False,0.6962865016344085,2.1598158649287103e-05,0.00011882154300089347,0.007140321392867582,0.771992159710013,5.236004311051103e-05,0.004287263843300016,0.0,0.0,0.0,0.0,8.709704664448431e-07,0.0,0.0,-0.08011261443237182,0.0,0.0,0.0,0.0,0.0,0.0,0.0,False,-5.940843883107846,0.09738703017663594,-0.10273631394775745,0.10607999689482175
546,-1.5904541276740929,-3600.985062797701,9.994197393911367,5.573804404313812,40.59406222881686,25.72074927981951,0.1,0.0,0.0,25.40137266024683,50.11564853877508,191.52017251393318,207.81009374030046,0.0,0.0,0.0,0.0,6.245004513516506e-17,-1.3877787807814457e-17,0.26014284641297625,-0.05033574002966734,nan,nan,0.0003391613295335474,2.411175162111745e-05,6148.332007845886,True,True,True,Z_mode_existing_controller,False,0.05060201485354432,0.0,0.0,False,False,False,0.4261289864984383,1.049255926569162e-06,5.772446171095014e-06,0.0011768778196004084,0.12724083408565687,4.723000729175617e-05,0.0038672142067066773,0.0,0.0,0.0,0.0,4.742602488053568e-34,0.0,0.0,0.2950151657599036,0.0,0.0,0.0,0.0,0.0,0.0,0.0,False,0.1,-0.09419236332178116,-0.001026218174956739,25.326902860753595,50.08548433863201,191.18143233888733,208.24196979490065,-0.9419236183166504,-0.010262181051075459,-0.03205425709991545,-0.002047950642672769,-0.032054257099915426,-0.002047950642672741,0.23243288547547625,-0.05033574002966734,-0.32560894130464346,-0.05641556056746877,0.0003396294365397021,2.4076821367595078e-05,6146.741553718212,True,True,True,Z_mode_existing_controller,False,0.07831197579104432,0.0,3.211961238966472,False,False,False,0.43408125713680873,2.0212589906611595e-05,0.00011119888318938468,0.0013204983350274147,0.14276869421726257,3.559717977374924e-06,0.00029147130655591294,0.0,0.0,0.0,0.0,8.494674573826842e-07,0.0,0.0,0.29090904326234346,0.0,0.0,0.0,0.0,0.0,0.0,0.0,False,-1.5904541276740929,0.02586805861564591,-0.09320791226001855,0.10593491469783062
547,-7.268568253468402,-3608.2536310511696,10.097693445602378,4.853098754929263,43.88493357601376,21.135721076359015,0.1,0.0,0.0,25.40374492100714,50.11584360769875,191.04787056535173,207.7151503685343,0.0,0.0,0.0,0.0,-9.020562075079397e-17,5.551115123125783e-17,0.26014284641297625,-0.05033574002966734,nan,nan,-8.340446508038927e-05,-9.916805450532631e-05,6147.273879083465,True,True,True,Z_mode_existing_controller,False,0.05060201485354432,0.0,0.0,False,False,False,0.4314196303105473,7.223288133820326e-07,3.973867659449316e-06,2.2306913063383103e-05,0.0024117628667900473,9.014243842327914e-07,7.380903338512376e-05,0.0,0.0,0.0,0.0,2.8118577188053643e-34,0.0,0.0,0.4289300845427127,0.0,0.0,0.0,0.0,0.0,0.0,0.0,False,0.1,-0.09420576691627502,-0.0005573095986619592,25.32935704665669,50.085666329068374,190.4712198222856,208.13224687692983,-0.9420576691627502,-0.005573095753788948,-0.03208154710760648,-0.0017864899765525216,-0.0320815471076064,-0.0017864899765524106,0.23243288547547625,-0.05033574002966734,-0.32560894130464346,-0.0536370460611316,-8.269782841974129e-05,-9.925748071471039e-05,6140.005310829996,True,True,True,Z_mode_existing_controller,False,0.07831197579104432,0.0,3.213124976178018,False,False,False,0.4677624715778893,2.319347455135546e-05,0.0001275981197515176,5.044018187377608e-05,0.005453455495686591,1.2039118728033029e-06,9.857684478783525e-05,0.0,0.0,0.0,0.0,6.910642444786031e-10,0.0,0.0,0.46208284042659914,0.0,0.0,0.0,0.0,0.0,0.0,0.0,False,-7.268568253468402,0.11824051435548075,-0.08342262537177345,0.10595712827323808
548,-11.168044432342867,-3619.4216754835124,11.702600985561547,5.037864057713489,34.628341621904134,25.294866216676894,0.1,0.0,0.0,25.399387531124454,50.113499411230656,191.9321131171791,207.76394635648094,0.0,0.0,0.0,0.0,2.42861286636753e-17,2.7755575615628914e-17,0.26014284641297625,-0.05033574002966734,nan,nan,-0.001906340372432887,8.575662153050955e-06,6334.321937059194,True,True,True,Z_mode_existing_controller,False,0.05060201485354432,0.0,0.0,False,False,False,-0.5038206595681004,2.402217291890735e-06,1.3215717593374853e-05,7.818848904622041e-05,0.008453527117637657,2.3810484396893487e-07,1.9496131550313446e-05,0.0,0.0,0.0,0.0,1.3878732661740518e-34,0.0,0.0,-0.5123068985348818,0.0,0.0,0.0,0.0,0.0,0.0,0.0,False,0.1,-0.0928773581981659,-0.0007861398044042289,25.324892264374387,50.08327040409152,191.2050547436899,208.13602289404818,-0.9287735819816589,-0.007861398160457611,-0.031651168331437524,-0.0018933807408428455,-0.03165116833143747,-0.0018933807408428316,0.23243288547547625,-0.05033574002966734,-0.32560894130464346,-0.05505916133562526,-0.0018992847574104384,8.460165870304969e-06,6323.153892626851,True,True,True,Z_mode_existing_controller,False,0.07831197579104432,0.0,3.170774901147638,False,False,False,-0.44798043740638605,4.5513134440804703e-05,0.0002503889775456401,5.385136918724686e-05,0.0058222638050621596,1.4258305278109675e-09,1.1674764391724119e-07,0.0,0.0,0.0,0.0,1.9665152646725616e-09,0.0,0.0,-0.4540532089031531,0.0,0.0,0.0,0.0,0.0,0.0,0.0,False,-11.168044432342867,0.176310022498285,-0.026743562923299734,0.1060877478124848
549,-16.391289862261146,-3635.8129653457736,9.144205750321165,3.766208298888253,34.909604412927,21.617639896876142,0.1,0.0,0.0,25.368424424260922,50.11345350098638,198.0343026154802,209.05936304637174,0.0,0.0,0.0,0.0,6.938893903907228e-17,0.0,0.26014284641297625,-0.05033574002966734,nan,nan,0.00013972216391147782,-0.00013099150156727123,6218.8826882058465,True,True,True,Z_mode_existing_controller,False,0.05060201485354432,0.0,0.0,False,False,False,0.0733755846986378,1.7058182994733523e-06,9.384501971387922e-06,0.0037236716673175892,0.40259326917342325,0.0001678104400447637,0.013740394189777794,0.0,0.0,0.0,0.0,2.8046354815139123e-35,0.0,0.0,-0.34296746316653465,0.0,0.0,0.0,0.0,0.0,0.0,0.0,False,0.1,-0.09471841156482697,-0.0013196419458836317,25.293795728940648,50.0831496108263,197.06488753382732,209.36611238390003,-0.9471840858459473,-0.01319641899317503,-0.03229992636145332,-0.002219932555066473,-0.032299926361453186,-0.0022199325550666116,0.23243288547547625,-0.05033574002966734,-0.32560894130464346,-0.058110526261936,0.00013683505064856095,-0.00013097893912544225,6202.491398343585,True,True,True,Z_mode_existing_controller,False,0.07831197579104432,0.0,3.237612304622558,False,False,False,0.15533203400994353,4.234899430122349e-05,0.00023298156704546253,0.0034337640328369508,0.3712492429671676,0.0001513120153043983,0.012389495763061722,0.0,0.0,0.0,0.0,5.275230688827179e-09,0.0,0.0,-0.22853969156256196,0.0,0.0,0.0,0.0,0.0,0.0,0.0,False,-16.391289862261146,0.2635729066468377,0.020301818472638032,0.10637428905102073
550,-20.561652276623136,-3656.3746176223967,12.995087533876678,4.921224167010252,37.225740224632645,23.401024789714505,0.1,0.0,0.0,25.373199351304216,50.111563907923816,197.1128750091198,208.7486372989169,0.0,0.0,0.0,0.0,1.734723475976807e-17,-4.163336342344337e-17,0.26014284641297625,-0.05033574002966734,nan,nan,-0.003243264532310309,-1.8467449245519675e-05,6597.160039232413,True,True,True,Z_mode_existing_controller,False,0.05060201485354432,0.0,0.0,False,False,False,-1.8180111704341926,1.837280876178974e-05,0.00010107738913234854,8.490288337630491e-05,0.009179469199909236,9.655049013137726e-06,0.0007905597490045854,0.0,0.0,0.0,0.0,4.4416759342430626e-35,20.0,0.0,-21.82808227677224,20.0,20.0,0.0,0.0,0.0,0.0,0.0,False,0.1,-0.09498881548643112,-0.00011190283112227917,25.2980925174314,50.081150999186804,196.01755464983907,209.10135659936384,-0.9498881697654724,-0.0011190283112227917,-0.032414107672773626,-0.0015501987861558236,-0.032414107672773536,-0.0015501987861559208,0.23243288547547625,-0.05033574002966734,-0.32560894130464346,-0.05099314858857567,-0.003233434922551271,-1.8801164541786593e-05,6576.5983869557895,True,True,True,Z_mode_existing_controller,False,0.07831197579104432,0.0,3.2451155487883,False,False,False,-1.7152029090510768,9.068532041431168e-05,0.0004989022385718333,0.00010969061698831388,0.011859451647837426,7.009562544537433e-06,0.0005739461289425988,0.0,0.0,0.0,0.0,4.615806930741532e-09,20.0,0.0,-21.728135213682236,20.0,20.0,0.0,0.0,0.0,0.0,0.0,False,-20.561652276623136,0.31167429855188883,0.029427990551979883,0.10676978649217134
551,-66.92894072557829,-3723.303558347975,10.724608442141802,4.563380342801782,36.09605932131869,27.65779615630878,0.1,0.0,0.0,25.326473040850196,50.11178671156538,206.31942471900123,210.72255232763217,0.0,0.0,0.0,0.0,9.71445146547012e-17,-1.249000902703301e-16,0.055419921875,0.0,nan,nan,-0.0011099715230557137,7.54302298899173e-05,6585.706634736495,False,True,True,Omega_safe_one_step_QP,False,0.33251953125,0.0,0.0,False,False,False,-1.760744147954606,2.241228917212418e-05,0.00012330045467565418,0.00847605575605181,0.9164081319187017,0.0003896340540588055,0.03190341131994567,0.0,0.0,0.0,0.0,1.3300953678424348e-34,20.0,0.0,-22.709178991647928,20.0,20.0,0.0,0.0,0.0,0.0,0.0,False,0.1,-0.09658940881490707,-0.03780664876103401,25.25097883810093,50.08123672493562,203.28738370864448,210.12297031269077,-0.9658940434455872,-0.3780664801597595,-0.050485802609079714,-0.010815132437581962,-0.0504858026090798,-0.010815132437581837,0.0277099609375,0.0,-0.387939453125,-0.1626918685805774,-0.001109573583282012,7.51684446538667e-05,6518.777694010917,False,True,True,Omega_safe_one_step_QP,False,0.3602294921875,0.0,5.163122460997229,False,False,False,-1.4260994443267145,0.0001017848068188805,0.0005599656895133717,0.00528504145442516,0.5714043307117971,0.00010436945792576356,0.008545818084327035,0.0,0.0,0.0,0.0,4.124251534362417e-06,20.0,0.0,-22.006613683063886,20.0,20.0,0.0,0.0,0.0,0.0,0.0,False,-66.92894072557829,1.0162757686860768,0.10997484925516882,0.1085154930501168
552,-55.4830293444511,-3778.786587692426,12.372453983662428,4.30677427552266,40.9430582546191,27.05070038022362,0.1,0.0,0.0,25.319359938115653,50.11531640831523,207.67781424645065,211.21035717230234,0.0,0.0,0.0,0.0,-8.326672684688674e-17,9.020562075079397e-17,0.055419921875,0.0,nan,nan,-0.002871044663006665,0.00010348849277069236,6796.259327150425,False,True,True,Omega_safe_one_step_QP,False,0.33251953125,0.0,0.0,False,False,False,-2.8135076100242533,4.727523933043031e-05,0.0002600831382986284,0.0001845222108284254,0.019950040371319207,2.379535664836843e-05,0.00194837448818867,0.0,0.0,0.0,0.0,7.881868297404763e-34,20.0,16.86908225314763,-39.70474836116969,36.86908225314763,36.86908225314763,0.0,0.0,0.0,0.0,0.0,False,0.1,-0.09606724232435226,-0.026045555248856544,25.241770266321126,50.08434912683211,205.16333020377436,211.15294934421806,-0.9606724381446838,-0.26045554876327515,-0.052177567440201106,-0.006531037221136057,-0.05217756744020119,-0.006531037221135988,0.0277099609375,0.0,-0.387939453125,-0.11269002332312641,-0.00286748528209497,0.00010281595708102232,6740.776297805974,False,True,True,Omega_safe_one_step_QP,False,0.3602294921875,0.0,5.258472203178975,False,False,False,-2.5360924633019977,0.00015101898572079025,0.0008308258679434457,0.0003519175252590085,0.03804836721157704,0.00010608568053858946,0.008686343162572155,0.0,0.0,0.0,0.0,2.1215540067393401e-07,20.0,35.53877303123252,-58.12243124293202,55.53877303123252,55.53877303123252,0.0,0.0,0.0,0.0,0.0,False,-55.4830293444511,0.8163759896977673,0.1736430450011697,0.1099148275322733
553,-57.82643256781648,-3836.6130202602426,9.254461602520491,5.752860979625233,42.7522568470734,24.309197149377123,0.1,0.0,0.0,25.286943787481835,50.11960932314989,214.01540695083642,212.8055289954817,0.0,0.0,0.0,0.0,5.551115123125783e-17,3.469446951953614e-17,0.055419921875,0.0,nan,nan,0.0012049841151778639,-2.3468807403168588e-05,6608.7190596947285,False,True,True,Omega_safe_one_step_QP,False,0.33251953125,0.0,0.0,False,False,False,-1.8758062727457718,2.124096669702409e-05,0.00011685646349552583,0.004016508128668373,0.4342539521877546,0.0002544573145465352,0.020835079184638436,0.0,0.0,0.0,0.0,2.2340787354891934e-34,20.0,0.0,-22.33101216058166,20.0,20.0,0.0,0.0,0.0,0.0,0.0,False,0.1,-0.09793060272932053,-0.053168077021837234,25.20773366191146,50.08828478881454,211.30864248787097,211.55959355193195,-0.9793060421943665,-0.5316807627677917,-0.059970980339552005,-0.01937748345136439,-0.05997098033955198,-0.019377483451364405,0.0277099609375,0.0,-0.387939453125,-0.22566265748449202,0.0012008141727328,-2.3162394003534842e-05,6550.892627126912,False,True,True,Omega_safe_one_step_QP,False,0.3602294921875,0.0,6.302384745312561,False,False,False,-1.5866741099066894,0.00010321001066872511,0.0005678064005331946,0.0037764863069068627,0.4083034445895546,1.6535951166726206e-05,0.001353971107358549,0.0,0.0,0.0,0.0,2.2576846536591718e-06,20.0,0.0,-21.99690158968879,20.0,20.0,0.0,0.0,0.0,0.0,0.0,False,-57.82643256781648,0.8750021304504902,0.2298057198158749,0.11138273324079088
554,-24.52753019424381,-3861.1405504544864,10.394076101090405,4.040596503085331,40.90656038886962,25.686111314886258,0.1,0.0,0.0,25.32089698832377,50.12233624021595,207.28753085150265,211.52007636204428,0.0,0.0,0.0,0.0,6.938893903907228e-17,-2.0816681711721685e-17,0.055419921875,0.0,nan,nan,-0.0009338466226751852,3.054511610647317e-05,6572.327600025319,False,True,True,Omega_safe_one_step_QP,False,0.33251953125,0.0,0.0,False,False,False,-1.6938489743987248,2.3557923199424756e-05,0.00012960312172466556,0.004526431680798658,0.48938550196495106,0.0001652388472811187,0.013529831019461114,0.0,0.0,0.0,0.0,3.274080905458301e-35,20.0,0.0,-22.196893910504862,20.0,20.0,0.0,0.0,0.0,0.0,0.0,False,0.1,-0.09499120712280273,-0.01973874121904373,25.239801358293107,50.09067811375638,205.97346857174128,211.87498951142453,-0.9499120712280273,-0.19738741219043732,-0.052382125535710006,-0.0044454843892035995,-0.05238212553571012,-0.004445484389203509,0.0277099609375,0.0,-0.387939453125,-0.08637005961425845,-0.0009344492059211538,3.0484197601335795e-05,6547.800069831075,False,True,True,Omega_safe_one_step_QP,False,0.3602294921875,0.0,5.2570423310960095,False,False,False,-1.5712113234275058,0.00010874014270569064,0.000598230235837905,0.0028464080715350612,0.30774591137526913,9.9474611264243e-06,0.0008145025841544826,0.0,0.0,0.0,0.0,2.8055531322616753e-06,20.0,1.1444990632979644,-23.024871836473864,21.144499063297964,21.144499063297964,0.0,0.0,0.0,0.0,0.0,False,-24.52753019424381,0.373193968513519,0.23119514421443063,0.11188133004723419
555,-19.56312913311558,-3880.703679587602,13.492192815931286,4.3288060775939154,37.15638448902498,26.027439230664296,0.1,0.0,0.0,25.317195275239463,50.12509211020409,207.98251439689554,211.82170075559105,0.0,0.0,0.0,0.0,-8.326672684688674e-17,-1.3183898417423734e-16,0.055419921875,0.0,nan,nan,-0.0041658927008673425,7.152464412633417e-05,6925.945625931726,False,True,True,Omega_safe_one_step_QP,False,0.33251953125,0.0,0.0,False,False,False,-3.4619391039307583,6.88375159530789e-05,0.00037870727753745037,4.83002128366867e-05,0.00522208785440571,9.097727478245928e-06,0.0007449260114503394,0.0,0.0,0.0,0.0,3.5629703971163865e-34,20.0,68.88630385856152,-92.35458868363567,88.88630385856152,88.88630385856152,0.0,0.0,0.0,0.0,0.0,False,0.1,-0.09553694725036621,-0.03265581652522087,25.235402995594754,50.09327063504632,206.92681079173448,211.67279126636626,-0.9553694725036621,-0.3265581727027893,-0.05372185742122704,-0.010144119804486804,-0.05372185742122704,-0.010144119804486915,0.0277099609375,0.0,-0.387939453125,-0.142074573189678,-0.004154952481728575,7.122300825389977e-05,6906.38249679861,False,True,True,Omega_safe_one_step_QP,False,0.3602294921875,0.0,5.467120934636825,False,False,False,-3.3641234582651807,0.00019154865532578324,0.0010537984813954093,9.088613884215695e-05,0.009826362533561384,4.088413030464412e-06,0.00033476109492484423,0.0,0.0,0.0,0.0,3.4269327121392994e-07,20.0,133.51769563397858,-156.8930343570469,153.51769563397858,153.51769563397858,0.0,0.0,0.0,0.0,0.0,False,-19.56312913311558,0.2824614888668551,0.25498879761260407,0.11222297806010788
556,-42.21254270605277,-3922.9162222936548,13.424501725135832,4.489533618512279,44.02561125511931,30.186458024598952,0.1,0.0,0.0,25.265579534351495,50.128768599445564,218.11232354252851,214.1913956956347,0.0,0.0,0.0,0.0,-8.326672684688674e-17,3.122502256758253e-17,0.055419921875,0.0,nan,nan,-0.0037048336999736305,0.00023532277311577512,7174.494163332054,False,True,True,Omega_safe_one_step_QP,False,0.33251953125,0.0,0.0,False,False,False,-4.7046817909324,0.00011522872844140271,0.000633926971912966,0.010261303332694947,1.1094242521295477,0.0005615454108868449,0.04597959041754358,0.0,0.0,0.0,0.0,2.6589870294696275e-34,20.0,238.54506877822223,-264.40578833867363,258.54506877822223,258.54506877822223,0.0,0.0,0.0,0.0,0.0,False,0.1,-0.09838783740997314,-0.05540381744503975,25.183475830082216,50.09683494085625,216.17985872725035,212.92070126909616,-0.9838783740997314,-0.5540381669998169,-0.06559722076550462,-0.021879380344150545,-0.06559722076550459,-0.02187938034415049,0.0277099609375,0.0,-0.387939453125,-0.23405905510351407,-0.0036988728825976033,0.0002344914097871945,7132.281620626001,False,True,True,Omega_safe_one_step_QP,False,0.3602294921875,0.0,6.914985651758322,False,False,False,-4.493619077402136,0.00026548748677635356,0.001460570474475928,0.008561889609695445,0.9256882550958984,0.00015572793749133278,0.012751073454793415,0.0,0.0,0.0,0.0,2.7874059449239594e-06,20.0,367.94222977597485,-393.3757515398081,387.94222977597485,387.94222977597485,0.0,0.0,0.0,0.0,0.0,False,-42.21254270605277,0.5883696013273775,0.29051759980732533,0.11320881069272404
557,-41.641428469923085,-3964.557650763578,7.961231830960407,3.567608115261333,34.59141791316616,26.974652017623676,0.1,0.0,0.0,25.229246843742377,50.13728452703582,225.1723298083958,216.18368182958164,0.0,0.0,0.0,0.0,5.551115123125783e-17,-6.938893903907228e-18,0.055419921875,0.0,nan,nan,0.0012932760519033413,6.614127414226469e-06,6726.884935856805,False,True,True,Omega_safe_one_step_QP,False,0.33251953125,0.0,0.0,False,False,False,-2.4666356535561547,6.086280802657579e-05,0.00033483469023983686,0.004984368847408535,0.5388964249068477,0.0003969204039517275,0.03250002092127135,0.0,0.0,0.0,0.0,2.0715783964315207e-34,20.0,44.81908614532973,-67.85745307940424,64.81908614532972,64.81908614532972,0.0,0.0,0.0,0.0,0.0,False,0.1,-0.09672021865844727,-0.033708296716213226,25.146048397277212,50.1051203597769,223.0852255241403,215.6899797385112,-0.9672021865844727,-0.33708295226097107,-0.07176037178416517,-0.014882876719765636,-0.071760371784165,-0.014882876719765755,0.0277099609375,0.0,-0.387939453125,-0.14485940968161007,0.0012833946501265795,7.045752406467003e-06,6685.243507386882,False,True,True,Omega_safe_one_step_QP,False,0.3602294921875,0.0,7.32874544383779,False,False,False,-2.258428511206539,0.00018004517540786698,0.0009905124737351351,0.004768409059959017,0.5155474391188686,0.0007668903241165717,0.06279332412737425,0.0,0.0,0.0,0.0,8.693549344484361e-07,20.0,120.52898885704077,-143.36674951332222,140.52898885704076,140.52898885704076,0.0,0.0,0.0,0.0,0.0,False,-41.641428469923085,0.6190298907590754,0.33924628413840335,0.11418884178458089
558,-5.725163736745344,-3970.282814500323,11.462868506659806,5.441275713922524,38.87165355348772,26.279001068338292,0.1,0.0,0.0,25.273699676873807,50.14230082319031,216.3476483590772,214.58202307827497,0.0,0.0,0.0,0.0,-5.551115123125783e-17,1.1102230246251565e-16,0.055419921875,0.0,nan,nan,-0.001238126469203244,5.827817274938092e-05,6910.6653638343105,False,True,True,Omega_safe_one_step_QP,False,0.33251953125,0.0,0.0,False,False,False,-3.385537793443682,6.218377618385464e-05,0.0003421019521046857,0.0077875002681947894,0.8419633823193499,0.0002565310755637249,0.021004879667993227,0.0,0.0,0.0,0.0,2.624079549227609e-34,20.0,46.9864260983898,-71.23527425577294,66.9864260983898,66.9864260983898,0.0,0.0,0.0,0.0,0.0,False,0.1,-0.0928812325000763,-0.047762151807546616,25.18904812260719,50.109885183776626,215.8437557590008,213.73842091175874,-0.9288123250007629,-0.47762152552604675,-0.0612057949387442,-0.019286083943405797,-0.0612057949387442,-0.019286083943405707,0.0277099609375,0.0,-0.387939453125,-0.21373866257808993,-0.0012356308036771263,5.825138452108928e-05,6904.940200097565,False,True,True,Omega_safe_one_step_QP,False,0.3602294921875,0.0,6.417244243408306,False,False,False,-3.356911974759955,0.0001811988935753237,0.000996859615409173,0.005243888435942951,0.5669549781030474,0.00038085818542754407,0.031184839255424104,0.0,0.0,0.0,0.0,1.3078732624020791e-06,20.0,129.7410491133927,-153.6970990729998,149.7410491133927,149.7410491133927,0.0,0.0,0.0,0.0,0.0,False,-5.725163736745344,0.08284533305153119,0.34528416187702426,0.11412657838516164
559,-5.399633064677801,-3975.682447565001,7.854262238531184,5.934770794858974,41.58481872645159,24.698704331194403,0.1,0.0,0.0,25.272868029833962,50.1469677018022,216.45435278063908,214.86788458310252,0.0,0.0,0.0,0.0,-8.326672684688674e-17,3.9898639947466563e-17,0.055419921875,0.0,nan,nan,0.0026091655664415795,-4.0571063994772035e-05,6509.378270613972,False,True,True,Omega_safe_one_step_QP,False,0.33251953125,0.0,0.0,False,False,False,-1.3791023273419887,1.761661817033041e-05,9.691723204030304e-05,1.1385833580856771e-06,0.00012310054089392187,8.171679994227196e-06,0.0006691008275972065,0.0,0.0,0.0,0.0,5.828947347309494e-35,20.0,0.0,-21.37999144594252,20.0,20.0,0.0,0.0,0.0,0.0,0.0,False,0.1,-0.09583275020122528,-0.050371672958135605,25.188236820052424,50.11455477594392,215.95330867310386,213.92775901895024,-0.9583274722099304,-0.5037167072296143,-0.0634730130857652,-0.020666470909043763,-0.06347301308576522,-0.020666470909043836,0.0277099609375,0.0,-0.387939453125,-0.21847391738663938,0.002596104264235847,-4.051968437239668e-05,6503.978637549294,False,True,True,Omega_safe_one_step_QP,False,0.3602294921875,0.0,6.675272586209563,False,False,False,-1.3521041620185996,9.362240955458686e-05,0.0005150605356399115,1.200184098847298e-06,0.00012976064571046457,3.5848918834861085e-06,0.00029353255729318447,0.0,0.0,0.0,0.0,7.045746301085078e-08,20.0,0.22383031660780403,-21.576872902822508,20.223830316607803,20.223830316607803,0.0,0.0,0.0,0.0,0.0,False,-5.399633064677801,0.08295159445647797,0.3528287434153118,0.11406835476066575
560,26.0121154067283,-3949.6703321582727,9.013432756781262,3.167829691524485,39.89864024155909,23.444406157755875,0.1,0.0,0.0,25.3298202117922,50.149662420520606,205.192896534963,212.6122878825045,0.0,0.0,0.0,0.0,6.938893903907228e-17,-1.3877787807814457e-17,0.055419921875,0.0,nan,nan,9.210765407834847e-05,-6.208106337931966e-05,6372.607649251143,False,True,True,Omega_safe_one_step_QP,False,0.33251953125,0.0,0.0,False,False,False,-0.695249220527844,1.2831315761677227e-05,7.059105187119721e-05,0.012682039677327664,1.3711476922884533,0.0005087716475748735,0.041658450978357964,0.0,0.0,0.0,0.0,2.619565650920451e-34,20.0,0.0,-22.10812595484653,20.0,20.0,0.0,0.0,0.0,0.0,0.0,False,0.1,-0.09586954116821289,-0.032315608114004135,25.244978216426514,50.11725696712343,206.01357034535928,212.68474052042498,-0.9586954116821289,-0.32315605878829956,-0.05296035572222492,-0.01104753521176291,-0.05296035572222492,-0.01104753521176282,0.0277099609375,0.0,-0.387939453125,-0.1401066847090823,8.455030265464014e-05,-6.224989829423886e-05,6398.619764657871,False,True,True,Omega_safe_one_step_QP,False,0.3602294921875,0.0,5.410034484621849,False,False,False,-0.8253097975614856,8.017250362110609e-05,0.000441066330754959,0.009879839802403458,1.0681814510849763,0.00015450949876759905,0.0126513071449278,0.0,0.0,0.0,0.0,2.030398887916252e-06,20.0,0.0,-21.906585652521034,20.0,20.0,0.0,0.0,0.0,0.0,0.0,False,26.0121154067283,-0.4081863632352296,0.3300673176942568,0.11311520815894402
561,32.5939750134894,-3917.0763571447833,10.645738595690013,6.266857181610951,34.703832000323345,22.880490843735565,0.1,0.0,0.0,25.33969459318041,50.15017183933042,203.23795765278805,212.21877629081212,0.0,0.0,0.0,0.0,-5.551115123125783e-17,-6.938893903907228e-17,0.055419921875,0.0,nan,nan,-6.020091218921636e-05,-7.533807629743266e-05,6499.905648222772,False,True,True,Omega_safe_one_step_QP,False,0.33251953125,0.0,0.0,False,False,False,-1.3317392153859873,1.0312031292606814e-05,5.6731293142042144e-05,0.0003821786033039471,0.04132011279692294,1.5485137279626528e-05,0.0012679299943920926,0.0,0.0,0.0,0.0,1.8681520460556187e-34,20.0,0.0,-21.374383989470445,20.0,20.0,0.0,0.0,0.0,0.0,0.0,False,0.1,-0.09546485543251038,-0.028501948341727257,25.255795424097624,50.11795158058859,204.30054564644342,212.49632130033976,-0.9546485543251038,-0.28501948714256287,-0.05090527417481985,-0.009107362497846178,-0.05090527417481998,-0.009107362497846164,0.0277099609375,0.0,-0.387939453125,-0.12409611971029252,-5.79721317634594e-05,-7.52408870207062e-05,6532.499623236261,False,True,True,Omega_safe_one_step_QP,False,0.3602294921875,0.0,5.171354745596918,False,False,False,-1.4947090904534344,7.174816741344094e-05,0.0003947201285991513,0.00029344536190957705,0.03172651568930042,3.5501802497523556e-06,0.00029069035313505383,0.0,0.0,0.0,0.0,7.987630326311007e-08,20.0,0.0,-21.52712109650077,20.0,20.0,0.0,0.0,0.0,0.0,0.0,False,32.5939750134894,-0.5014530483592691,0.2981438157676915,0.11197330405749122
562,33.640505478269006,-3883.4358516665143,8.846627087184938,4.75931795725983,39.05446765540795,21.443025988003217,0.1,0.0,0.0,25.345666009642056,50.15011146138597,202.0591448643392,211.95827381558829,0.0,0.0,0.0,0.0,0.0,6.938893903907228e-17,0.055419921875,0.0,nan,nan,0.0010473044251050735,-0.00012718951599448888,6280.186838220053,False,True,True,Omega_safe_one_step_QP,False,0.33251953125,0.0,0.0,False,False,False,-0.2331451653723934,3.715003589881676e-06,2.0437967234682265e-05,0.00013895995902105573,0.015023973428568212,6.786153959774254e-06,0.0005556533336957261,0.0,0.0,0.0,0.0,2.2340787354891934e-34,0.0,0.0,-0.24874523010189203,0.0,0.0,0.0,0.0,0.0,0.0,0.0,False,0.1,-0.09551582485437393,-0.018607543781399727,25.263048570591636,50.118113976900396,203.19968945865878,212.6703707265894,-0.9551582336425781,-0.18607543408870697,-0.049772790955911694,-0.004742641214918984,-0.04977279095591172,-0.004742641214918922,0.0277099609375,0.0,-0.387939453125,-0.08097312337168118,0.0010392939603998041,-0.0001275259343763129,6313.827343698322,False,True,True,Omega_safe_one_step_QP,False,0.3602294921875,0.0,4.999823362114241,False,False,False,-0.40134769276373844,4.8373498444130316e-05,0.0002661251738546982,0.00012118843461837378,0.013102564468087816,3.029320277782831e-06,0.000248042104726738,0.0,0.0,0.0,0.0,2.033331011874684e-07,20.0,0.0,-20.41496462784351,20.0,20.0,0.0,0.0,0.0,0.0,0.0,False,33.640505478269006,-0.5356609022129585,0.2624203760649059,0.11081272205682638
563,45.927128921901385,-3837.508722744613,12.574860091948025,5.0427685573215735,37.6755444202071,29.0588402382632,0.1,0.0,0.0,25.367275268165614,50.14883134707914,197.81187737829026,210.97226669173233,0.0,0.0,0.0,0.0,2.42861286636753e-17,-2.7755575615628914e-17,0.26014284641297625,-0.05033574002966734,nan,nan,-0.0027041254661937957,0.000147974042739994,6568.4805215686965,True,True,True,Z_mode_existing_controller,False,0.05060201485354432,0.0,0.0,False,False,False,-1.6746135821156123,1.8358055158494403e-05,0.00010099622268029858,0.0018039281098048486,0.19503580872997167,9.722100482946937e-05,0.007960499534634784,0.0,0.0,0.0,0.0,1.0026872772966047e-34,20.0,0.0,-21.877710886602898,20.0,20.0,0.0,0.0,0.0,0.0,0.0,False,0.1,-0.09535675495862961,-0.0007619088282808661,25.28584404864357,50.117047368349944,199.34698082145246,212.52037836349066,-0.9535675644874573,-0.007619088049978018,-0.04562009492233871,0.0036093511362931263,-0.04562009492233873,0.003609351136293182,0.0277099609375,0.0,-0.387939453125,-0.003321075241931021,-0.0026896923952906063,0.00014872353643761904,6614.407650490598,False,True,True,Omega_safe_one_step_QP,False,0.3602294921875,0.0,4.57626537293048,False,False,False,-1.9042492267251192,8.776343988103547e-05,0.00048282761114336895,0.0014843363843204174,0.1604824192104712,2.249770898794202e-06,0.0001842122515016169,0.0,0.0,0.0,0.0,8.700066058195833e-07,20.0,0.27161728329961266,-22.337016839104454,20.271617283299612,20.271617283299612,0.0,0.0,0.0,0.0,0.0,False,45.927128921901385,-0.6992047669334184,0.1902233679277283,0.10929734898785293
564,22.828188019391746,-3814.680534725221,10.89067789331361,5.780182716290039,40.0505934922462,27.67816839132775,0.1,0.0,0.0,25.32910414083516,50.15239851568525,205.2925405639733,212.76987363936806,0.0,0.0,0.0,0.0,1.1102230246251565e-16,-1.3877787807814457e-16,0.055419921875,0.0,nan,nan,-0.00044171302092692365,9.446634871282085e-05,6574.946295027149,False,True,True,Omega_safe_one_step_QP,False,0.33251953125,0.0,0.0,False,False,False,-1.7069424494078749,1.78571146526278e-05,9.82403153446201e-05,0.005596032169763336,0.6050278023700193,0.00032313907381882395,0.02645877247688495,0.0,0.0,0.0,0.0,1.984911548934095e-34,20.0,0.0,-22.338527264570125,20.0,20.0,0.0,0.0,0.0,0.0,0.0,False,0.1,-0.0955960676074028,-0.03207520768046379,25.249510625841886,50.120888288403066,205.9616842249082,212.82382756100563,-0.9559606313705444,-0.3207520842552185,-0.05273847073905763,-0.01109158761371122,-0.05273847073905749,-0.011091587613711172,0.0277099609375,0.0,-0.387939453125,-0.13946223534079097,-0.0004392891020321057,9.459261904724836e-05,6597.774483046541,False,True,True,Omega_safe_one_step_QP,False,0.3602294921875,0.0,5.389220362619309,False,False,False,-1.8210833895048335,8.414869523500976e-05,0.00046294121511445703,0.004375430111568888,0.47305962233917764,9.208141547247619e-06,0.0007539667650040268,0.0,0.0,0.0,0.0,2.6678887439942602e-06,20.0,0.030864292450353024,-22.326226880163226,20.030864292450353,20.030864292450353,0.0,0.0,0.0,0.0,0.0,False,22.828188019391746,-0.34719961190644955,0.16932427447363302,0.10844409595676764
565,22.27927993233243,-3792.4012547928887,8.954628418459878,6.339366050393364,40.518617871595644,23.467771798418653,0.1,0.0,0.0,25.33104566845711,50.15604799407863,204.86452350799215,212.88304066651187,0.0,0.0,0.0,0.0,2.7755575615628914e-17,-4.163336342344337e-17,0.055419921875,0.0,nan,nan,0.0017490903055968768,-6.035004022206746e-05,6356.951986555036,False,True,True,Omega_safe_one_step_QP,False,0.33251953125,0.0,0.0,False,False,False,-0.6169709070473073,5.155812675817656e-06,2.8364529935723953e-05,1.8319860021076563e-05,0.0019806935185555027,1.2806776032569363e-06,0.00010486245727069261,0.0,0.0,0.0,0.0,1.6370404527291504e-34,0.0,0.0,-0.6190848275530692,0.0,0.0,0.0,0.0,0.0,0.0,0.0,False,0.1,-0.09646662324666977,-0.03197358548641205,25.252401283943698,50.12470255148972,205.5433247400696,212.93831699309587,-0.9646662473678589,-0.3197358548641205,-0.052823349905527006,-0.011144493193186611,-0.0528233499055271,-0.01114449319318675,0.0277099609375,0.0,-0.387939453125,-0.13776580568101532,0.0017419371930503177,-6.050386230276655e-05,6379.231266487368,False,True,True,Omega_safe_one_step_QP,False,0.3602294921875,0.0,5.398616511454323,False,False,False,-0.7283673067089694,4.6558513735888666e-05,0.00025614009655907337,1.7502465855440994e-05,0.0018923190809715463,1.3107830060345238e-06,0.00010732750116960461,0.0,0.0,0.0,0.0,1.0003473240222745e-10,20.0,0.0,-20.730623093487704,20.0,20.0,0.0,0.0,0.0,0.0,0.0,False,22.27927993233243,-0.35047110595538783,0.14743525002574823,0.10761625867037104
566,43.81800302523607,-3748.5832517676527,11.115947164644952,5.5692417748346505,35.444920469194464,25.125683205500373,0.1,0.0,0.0,25.365484461781385,50.156525544856635,198.06739446887048,211.4534876657596,0.0,0.0,0.0,0.0,4.163336342344337e-17,1.0408340855860843e-16,0.26014284641297625,-0.05033574002966734,nan,nan,-0.0009314974356631916,7.509833778553739e-07,6422.578125062081,True,True,True,Z_mode_existing_controller,False,0.05060201485354432,0.0,0.0,False,False,False,-0.9451015995825355,8.317869716969103e-06,4.576048033998937e-05,0.00462009631744711,0.49951226813641786,0.00020436217819598033,0.016733266923949067,0.0,0.0,0.0,0.0,2.1425970631308e-34,0.0,0.0,-1.4613928951232424,0.0,0.0,0.0,0.0,0.0,0.0,0.0,False,0.1,-0.09372812509536743,-0.002391619374975562,25.28764961920527,50.12534030508737,199.57094729809438,212.87666488835268,-0.9372812509536743,-0.02391619235277176,-0.044991981799973414,0.002419439963764085,-0.044991981799973546,0.00241943996376396,0.0277099609375,0.0,-0.387939453125,-0.01060594342261358,-0.0009256975513287679,9.695125107140137e-07,6466.396128087317,False,True,True,Omega_safe_one_step_QP,False,0.3602294921875,0.0,4.505698742733936,False,False,False,-1.164191614708716,5.582961937632327e-05,0.00030714477225429,0.0035669292309414547,0.38564670258090383,3.800982019265126e-07,3.11226114650726e-05,0.0,0.0,0.0,0.0,2.4531060909090833e-06,20.0,0.0,-21.55017903777943,20.0,20.0,0.0,0.0,0.0,0.0,0.0,False,43.81800302523607,-0.6822494358496031,0.11251261803917625,0.10617932915879141
567,33.493824821131966,-3715.0894269465207,9.372205304550405,6.823394024026735,41.25184032435339,24.12101279555422,0.1,0.0,0.0,25.354091381412655,50.157168771536426,200.3035026630284,211.962825103271,0.0,0.0,0.0,0.0,1.1796119636642288e-16,4.163336342344337e-17,0.26014284641297625,-0.05033574002966734,nan,nan,0.001625152233287191,-3.121974645241754e-05,6292.266890708197,True,True,True,Z_mode_existing_controller,False,0.05060201485354432,0.0,0.0,False,False,False,-0.29354542781311466,2.8679163422290545e-06,1.5777745247388606e-05,0.0005000179855980264,0.0540605868219396,2.594246252506702e-05,0.0021241804815771465,0.0,0.0,0.0,0.0,9.725946219155541e-35,0.0,0.0,-0.3497459728618788,0.0,0.0,0.0,0.0,0.0,0.0,0.0,False,0.1,-0.0947398766875267,-0.0029779686592519283,25.277925048578126,50.12624338138047,201.4263184608579,213.2990487422101,-0.9473987817764282,-0.02977968566119671,-0.04747021302605431,0.0017488764959766867,-0.047470213026054406,0.0017488764959767943,0.0277099609375,0.0,-0.387939453125,-0.013065152410922636,0.001620615869718958,-3.143125082159604e-05,6325.760715529329,False,True,True,Omega_safe_one_step_QP,False,0.3602294921875,0.0,4.750241776727972,False,False,False,-0.4610145519187745,2.9944987910211386e-05,0.00016474134329742322,0.0003442402151614502,0.037218317291289445,1.7840811999943906e-05,0.001460813698358432,0.0,0.0,0.0,0.0,6.591285374252991e-08,0.0,0.0,-0.4998584901645735,0.0,0.0,0.0,0.0,0.0,0.0,0.0,False,33.493824821131966,-0.5323014011149522,0.08134994150212306,0.10504339177128326
568,71.94645357744321,-3643.1429733690775,11.773969742147557,4.756716746606355,41.4558106945441,27.23635257589317,0.1,0.0,0.0,25.382895589303768,50.15751826223759,194.61867068336593,210.7634826148847,0.0,0.0,0.0,0.0,2.5587171270657905e-17,7.632783294297951e-17,0.26014284641297625,-0.05033574002966734,nan,nan,-0.0019539963148054017,9.85230911623473e-05,6404.389353012923,True,True,True,Z_mode_existing_controller,False,0.05060201485354432,0.0,0.0,False,False,False,-0.8541577393367424,8.972286177044942e-06,4.936073047307006e-05,0.0032317314636993192,0.34940603020420746,0.0001438422404448625,0.011777867243098749,0.0,0.0,0.0,0.0,9.736666727635041e-35,0.0,0.0,-1.2153909975145218,0.0,0.0,0.0,0.0,0.0,0.0,0.0,False,0.1,-0.09406126290559769,-0.0014222966274246573,25.307927897626925,50.1267850200676,197.27276169341857,211.69358817864148,-0.9406126141548157,-0.014222966507077217,-0.031723158229900676,-0.0022669256393648557,-0.0317231582299006,-0.002266925639364807,0.23243288547547625,-0.05033574002966734,-0.32560894130464346,-0.05877386836936269,-0.0019430865580204936,9.923827001280054e-05,6476.335806590366,True,True,True,Z_mode_existing_controller,False,0.07831197579104432,0.0,3.180405194206749,False,False,False,-1.2138900072239585,5.284339262198883e-05,0.00029071614625601397,0.0017252033820341144,0.1865243049375766,0.0002577503621174048,0.021104715398555574,0.0,0.0,0.0,0.0,2.6409640154328476e-06,20.0,0.0,-21.42181238467036,20.0,20.0,0.0,0.0,0.0,0.0,0.0,False,71.94645357744321,-1.1233928734141725,0.018052911636915397,0.10282292592001435
569,16.462962461587267,-3626.68001090749,11.762921611030146,4.89219405698602,36.64752035579906,25.873802036395485,0.1,0.0,0.0,25.353309835406463,50.159579279908556,200.42455915713978,212.11679342339957,0.0,0.0,0.0,0.0,6.938893903907228e-18,1.249000902703301e-16,0.26014284641297625,-0.05033574002966734,nan,nan,-0.0019872835314689763,3.737015860115749e-05,6548.558117907106,True,True,True,Z_mode_existing_controller,False,0.05060201485354432,0.0,0.0,False,False,False,-1.5750015638076593,2.0369796857019173e-05,0.00011206375193681884,0.003370834096990002,0.3644454291873809,0.0001831450144443151,0.014995996027935813,0.0,0.0,0.0,0.0,2.7070224306216296e-35,20.0,0.0,-21.954555052774914,20.0,20.0,0.0,0.0,0.0,0.0,0.0,False,0.1,-0.0939134880900383,-0.0030606251675635576,25.281007778581913,50.12931205242144,200.81160560087255,213.30823674857663,-0.9391348361968994,-0.03060625120997429,-0.04637609315850007,0.00167268427432897,-0.046376093158500206,0.0016726842743289595,0.0277099609375,0.0,-0.387939453125,-0.013545946204692981,-0.0019802810779900185,3.7525758832062024e-05,6565.021080368693,False,True,True,Omega_safe_one_step_QP,False,0.3602294921875,0.0,4.64062483866934,False,False,False,-1.6573163761155956,7.932869372415373e-05,0.0004364241390022555,0.0012523416201324158,0.13539977527993183,0.0002607090004393644,0.02134697003299824,0.0,0.0,0.0,0.0,2.302290282938486e-06,20.0,0.0,-21.814501847857812,20.0,20.0,0.0,0.0,0.0,0.0,0.0,False,16.462962461587267,-0.25139827982237967,-0.006933169745768563,0.10216944630519789
570,2.213572227986333,-3624.466438679504,9.382752407747883,3.824065470410234,38.532464159504826,24.15294577360951,0.1,0.0,0.0,25.328020558277274,50.16131352601548,205.387296059418,213.27123334623448,0.0,0.0,0.0,0.0,-1.3877787807814457e-17,-8.673617379884035e-17,0.055419921875,0.0,nan,nan,-1.567203186484149e-05,-4.005396336684004e-05,6416.277348178302,False,True,True,Omega_safe_one_step_QP,False,0.33251953125,0.0,0.0,False,False,False,-0.9135977151636416,1.6238188293447385e-05,8.93338464587188e-05,0.0024628757561233915,0.2662794389012159,0.00013327315354350747,0.010912465661338421,0.0,0.0,0.0,0.0,4.522324250664278e-34,20.0,0.0,-21.190878953572653,20.0,20.0,0.0,0.0,0.0,0.0,0.0,False,0.1,-0.09606655687093735,-0.035328157246112823,25.256479157753372,50.1311305462777,205.2325827665051,213.0247765100848,-0.9606655836105347,-0.35328155755996704,-0.05225075453014738,-0.012788730944979964,-0.05225075453014748,-0.012788730944979846,0.0277099609375,0.0,-0.387939453125,-0.15285369162321868,-1.9587739045158134e-05,-4.0058142864671524e-05,6418.490920406289,False,True,True,Omega_safe_one_step_QP,False,0.3602294921875,0.0,5.3793057062717695,False,False,False,-0.9246655763035733,6.955030718933808e-05,0.0003826286745373111,0.001954503909904429,0.21131565535354982,8.03497068058515e-06,0.0006579070076039177,0.0,0.0,0.0,0.0,2.4364417637678096e-06,20.0,0.0,-21.137024203781028,20.0,20.0,0.0,0.0,0.0,0.0,0.0,False,2.213572227986333,-0.03449932270485169,-0.024256007697253546,0.10192285378251016
571,10.888355156024772,-3613.578083523479,11.225961155817693,5.493962205743793,38.36114678849916,24.227205022023213,0.1,0.0,0.0,25.336404865119984,50.16226550703547,203.72090814275322,212.9648166309625,0.0,0.0,0.0,0.0,8.326672684688674e-17,6.938893903907228e-18,0.055419921875,0.0,nan,nan,-0.0009988977121318911,-1.1638178128609315e-05,6572.39416606727,False,True,True,Omega_safe_one_step_QP,False,0.33251953125,0.0,0.0,False,False,False,-1.6941818046084791,2.0433166366436553e-05,0.0001124123771604062,0.0002776848688806368,0.03002253398006536,9.389120339806905e-06,0.0007687853898112276,0.0,0.0,0.0,0.0,1.82120750366118e-34,20.0,0.0,-21.725085536355515,20.0,20.0,0.0,0.0,0.0,0.0,0.0,False,0.1,-0.09532713145017624,-0.026936223730444908,25.2650187155633,50.132117759716685,203.9115838255395,213.122371965861,-0.9532713294029236,-0.2693622410297394,-0.05041423977628505,-0.009052044983294684,-0.050414239776284925,-0.009052044983294788,0.0277099609375,0.0,-0.387939453125,-0.11744846866044173,-0.0009951315930158688,-1.1557986795961389e-05,6583.282521223295,False,True,True,Omega_safe_one_step_QP,False,0.3602294921875,0.0,5.122045578282502,False,False,False,-1.748623580388603,7.78264224824061e-05,0.0004281594443193032,0.0001745038202032185,0.018866879181502517,9.524872988164382e-07,7.799008776214047e-05,0.0,0.0,0.0,0.0,1.733560841740902e-07,20.0,0.005630420858884536,-21.773627203317158,20.005630420858886,20.005630420858886,0.0,0.0,0.0,0.0,0.0,False,10.888355156024772,-0.1656680180905834,-0.08341971928546313,0.10142920228093144
572,9.757132076351809,-3603.8209514471273,10.854257012583336,5.373683461528567,35.78817087050854,27.066823404581026,0.1,0.0,0.0,25.32865978839069,50.16352481733286,205.23061309672275,213.35443762438226,0.0,0.0,0.0,0.0,0.0,1.3877787807814457e-17,0.055419921875,0.0,nan,nan,-0.0007687638293535325,5.804298420227904e-05,6570.122772405143,False,True,True,Omega_safe_one_step_QP,False,0.33251953125,0.0,0.0,False,False,False,-1.6828248362978457,2.2712822078156313e-05,0.00012495382634483852,0.00022792090480401464,0.024642189316361855,1.5180451851339623e-05,0.0012429822146983705,0.0,0.0,0.0,0.0,6.98149604840373e-35,20.0,0.0,-21.70883496165525,20.0,20.0,0.0,0.0,0.0,0.0,0.0,False,0.1,-0.0947761982679367,-0.027346227318048477,25.25782318748682,50.133457506057105,205.37944954830155,213.47085877659487,-0.9477619528770447,-0.2734622657299042,-0.05162921390932167,-0.009618856430763382,-0.05162921390932179,-0.009618856430763427,0.0277099609375,0.0,-0.387939453125,-0.11992930260225586,-0.0007666193552892542,5.8102507476849694e-05,6579.879904481495,False,True,True,Omega_safe_one_step_QP,False,0.3602294921875,0.0,5.251759826886743,False,False,False,-1.7316104966796046,8.100900540561557e-05,0.0004456683171729863,0.0002154629780059732,0.02329527210001134,1.21443057255467e-05,0.0009943812064712712,0.0,0.0,0.0,0.0,1.7974373609301798e-08,20.0,0.6048798893998535,-22.36122572567749,20.604879889399854,20.604879889399854,0.0,0.0,0.0,0.0,0.0,False,9.757132076351809,-0.14850760654477066,-0.13324818645632616,0.10096912678798839
573,9.26848883133971,-3594.5524626157876,8.155147252674833,4.258818884476681,38.325991284290986,30.166660832096554,0.1,0.0,0.0,25.325611651437892,50.166409081924506,205.79525656168505,213.63563950997496,0.0,0.0,0.0,0.0,-1.249000902703301e-16,-1.0408340855860843e-17,0.055419921875,0.0,nan,nan,0.0015196585372777537,0.0001220691195829818,6293.387764834525,False,True,True,Omega_safe_one_step_QP,False,0.33251953125,0.0,0.0,False,False,False,-0.2991497984447551,9.94915730258958e-06,5.473495409717816e-05,3.1882224252463405e-05,0.003447019511139059,7.907450046089436e-06,0.0006474655607855058,0.0,0.0,0.0,0.0,1.6189848595005203e-34,0.0,0.0,-0.30329901847077684,0.0,0.0,0.0,0.0,0.0,0.0,0.0,False,0.1,-0.09525533765554428,-0.028336912393569946,25.255264265774745,50.13641602297317,205.94371925886944,213.7004342273624,-0.952553391456604,-0.28336912393569946,-0.052511791752080636,-0.010305929450517292,-0.052511791752080594,-0.010305929450517153,0.0277099609375,0.0,-0.387939453125,-0.12364893477486086,0.0015105280228501251,0.00012195077704800874,6302.656253665865,False,True,True,Omega_safe_one_step_QP,False,0.3602294921875,0.0,5.3513553935922715,False,False,False,-0.34549224260145367,4.747848472695373e-05,0.000261201286008111,3.184003062643646e-05,0.003442457650868305,5.270488759511319e-06,0.00043154998645591254,0.0,0.0,0.0,0.0,1.2510129830022864e-08,20.0,0.0,-20.349627464034917,20.0,20.0,0.0,0.0,0.0,0.0,0.0,False,9.26848883133971,-0.14727344282087806,-0.18478927931929887,0.1005321875411519
574,28.419577401955394,-3566.132885213832,9.940159875343266,5.784454552969232,40.08401301210435,24.938170980130877,0.1,0.0,0.0,25.35734833226323,50.170654333849825,199.48649217745114,212.52703997847257,0.0,0.0,0.0,0.0,8.326672684688674e-17,-6.938893903907228e-18,0.26014284641297625,-0.05033574002966734,nan,nan,0.000496095220323906,-2.3924766992286343e-06,6332.222440079,True,True,True,Z_mode_existing_controller,False,0.05060201485354432,0.0,0.0,False,False,False,-0.49332317466712994,7.4413009243144735e-06,4.093806662496227e-05,0.003980050805577826,0.4303122854137589,0.00012289929212473233,0.010063049229761966,0.0,0.0,0.0,0.0,4.3345460810865225e-34,0.0,0.0,-0.9337394473772758,0.0,0.0,0.0,0.0,0.0,0.0,0.0,False,0.1,-0.09401964396238327,-0.005009052809327841,25.28731883110037,50.14073314220056,200.40314803416715,213.68507603881108,-0.9401963949203491,-0.05009052902460098,-0.046010071141569256,0.00039137939289957124,-0.04601007114156922,0.00039137939289959553,0.0277099609375,0.0,-0.387939453125,-0.02214441341681997,0.0004948971394995241,-2.446291313757754e-06,6360.6420174809555,False,True,True,Omega_safe_one_step_QP,False,0.3602294921875,0.0,4.601173572341561,False,False,False,-0.6354210616769069,3.707162144891693e-05,0.00020394827788945433,0.003069792949599904,0.33189767779800977,2.3587395557782464e-08,1.9313465407020593e-06,0.0,0.0,0.0,0.0,1.5670478738859055e-06,20.0,0.0,-20.96752618614722,20.0,20.0,0.0,0.0,0.0,0.0,0.0,False,28.419577401955394,-0.44880889246842115,-0.2256227144564876,0.09956102908931266
575,30.995353563113895,-3535.1375316507183,8.26448408366791,4.917504081841278,40.00385828104561,24.575482248726598,0.1,0.0,0.0,25.368501239826845,50.17142022584057,197.2765017631827,212.09382595874268,0.0,0.0,0.0,0.0,-5.204170427930421e-17,9.71445146547012e-17,0.26014284641297625,-0.05033574002966734,nan,nan,0.0017585699199496377,-3.738625938186791e-05,6104.959338515924,True,True,True,Z_mode_existing_controller,False,0.05060201485354432,0.0,0.0,False,False,False,0.6429923331482496,5.525730734205378e-06,3.039962168568545e-05,0.000488405763115842,0.052805104859739785,1.8767438689052812e-05,0.0015366863077844529,0.0,0.0,0.0,0.0,2.9141727471009364e-34,0.0,0.0,0.5886201423590396,0.0,0.0,0.0,0.0,0.0,0.0,0.0,False,0.1,-0.09477158635854721,-0.0019015957368537784,25.29952942357834,50.141663446512304,198.33638057759666,213.42116913469954,-0.9477158784866333,-0.019015956670045853,-0.04425279882663699,0.0021163616314827556,-0.04425279882663691,0.0021163616314827556,0.0277099609375,0.0,-0.387939453125,-0.008340022407314457,0.0017496833559002894,-3.7780141933921275e-05,6135.954692079038,False,True,True,Omega_safe_one_step_QP,False,0.3602294921875,0.0,4.430337673977015,False,False,False,0.48801556533268015,1.7308229065836006e-05,9.522063975965052e-05,0.00042715277195388464,0.04618259778561112,6.9646854037735606e-06,0.0005702715685038009,0.0,0.0,0.0,0.0,6.063569712254943e-08,0.0,0.0,0.44116741470310844,0.0,0.0,0.0,0.0,0.0,0.0,0.0,False,30.995353563113895,-0.5077077805836568,-0.26595993100116355,0.0985277538574274
576,59.589882885039515,-3475.547648765679,8.77059953682109,3.740871422049068,37.65451502008434,24.974156705678144,0.1,0.0,0.0,25.396761225776917,50.17114133343331,191.70635647252018,210.8828637362564,0.0,0.0,0.0,0.0,-2.7755575615628914e-17,-1.3183898417423734e-16,0.26014284641297625,-0.05033574002966734,nan,nan,0.0006145707040818357,-2.4919471981522424e-05,6026.7101858862825,True,True,True,Z_mode_existing_controller,False,0.05060201485354432,0.0,0.0,False,False,False,1.0342380962964581,5.899311892568169e-06,3.2454865856891365e-05,0.003102651855908973,0.3354502935209639,0.00014664295042888945,0.012007190634310352,0.0,0.0,0.0,0.0,5.302325878141109e-34,0.0,0.0,0.6867481572753271,0.0,0.0,0.0,0.0,0.0,0.0,0.0,False,0.1,-0.09398867934942245,-0.0006120206671766937,25.328843633177698,50.141559674549086,193.99646927839734,211.81412444349547,-0.9398868083953857,-0.006120206788182259,-0.03159575202959393,-0.001813620930002216,-0.031595752029593915,-0.0018136209300021883,0.23243288547547625,-0.05033574002966734,-0.32560894130464346,-0.05396950883568226,0.000607697595768915,-2.540422062583599e-05,6086.300068771322,True,True,True,Z_mode_existing_controller,False,0.07831197579104432,0.0,3.164776085591724,False,False,False,0.7362886818712604,1.2933846776496665e-05,7.115512279891472e-05,0.0018834830084917887,0.2036370683475275,0.0002582592639527174,0.02114638450936436,0.0,0.0,0.0,0.0,1.7564559655611204e-06,0.0,0.0,0.5114323174356041,0.0,0.0,0.0,0.0,0.0,0.0,0.0,False,59.589882885039515,-0.9887630406484575,-0.3473793415214097,0.09670449046344252
577,44.530228383864596,-3431.017420381814,8.981850199997115,3.2051838357726807,40.360922562175766,24.84504217959115,0.1,0.0,0.0,25.403255207348984,50.17024785380228,190.43434104140135,210.55458198689632,0.0,0.0,0.0,0.0,0.0,0.0,0.26014284641297625,-0.05033574002966734,nan,nan,0.00017530008070727016,-1.670538138999955e-05,6017.781085409166,True,True,True,Z_mode_existing_controller,False,0.05060201485354432,0.0,0.0,False,False,False,1.0788835986820413,5.563324851777892e-06,3.0606444458416155e-05,0.00016180232570044256,0.01749362808631548,1.0776890696291923e-05,0.0008824166498085557,0.0,0.0,0.0,0.0,1.8151889725849698e-34,0.0,0.0,1.060476947501459,0.0,0.0,0.0,0.0,0.0,0.0,0.0,False,0.1,-0.0921720489859581,-0.0007649980834685266,25.33741410827738,50.1410465720229,192.07953688391152,211.36440139745363,-0.9217205047607422,-0.0076499804854393005,-0.031014325065177414,-0.0018705359449617404,-0.031014325065177428,-0.001870535944961671,0.23243288547547625,-0.05033574002966734,-0.32560894130464346,-0.05496730602693733,0.00017045011078011853,-1.7027582057437267e-05,6062.31131379303,True,True,True,Z_mode_existing_controller,False,0.07831197579104432,0.0,3.1070681742921002,False,False,False,0.8562324567627183,1.2682386556267708e-05,6.977172285931221e-05,0.00036746298050291637,0.0397290996194218,2.0225081814115033e-05,0.0016560387814507625,0.0,0.0,0.0,0.0,3.412966338784091e-09,0.0,0.0,0.8147775432260201,0.0,0.0,0.0,0.0,0.0,0.0,0.0,False,44.530228383864596,-0.739977539093828,-0.4165849602615458,0.095305890074478
578,29.947531625837655,-3401.0698887559765,8.51731901464391,4.340499694470901,42.21102464899751,24.44718297692669,0.1,0.0,0.0,25.402110777752668,50.16932360101447,190.6685065775369,210.5462301992617,0.0,0.0,0.0,0.0,6.245004513516506e-17,1.0408340855860843e-16,0.26014284641297625,-0.05033574002966734,nan,nan,0.0012821739457847306,-2.9068827429052074e-05,5975.564778265236,True,True,True,Z_mode_existing_controller,False,0.05060201485354432,0.0,0.0,False,False,False,1.2899651344016911,8.090069072256963e-06,4.450724275891492e-05,5.483349831364923e-06,0.0005928448939272341,6.97523566940877e-09,5.711354289918371e-07,0.0,0.0,0.0,0.0,1.4733364074562355e-34,20.0,0.0,-18.710672788870426,20.0,20.0,0.0,0.0,0.0,0.0,0.0,False,0.1,-0.09264476597309113,-0.0005576970288529992,25.337845991619695,50.14040541809608,191.70591298095644,211.26932669291088,-0.9264476299285889,-0.0055769700556993484,-0.031201363730779197,-0.001762257165812492,-0.031201363730779093,-0.0017622571658125058,0.23243288547547625,-0.05033574002966734,-0.32560894130464346,-0.05369500447922477,0.0012757912325380948,-2.9395407691272112e-05,6005.5123098910735,True,True,True,Z_mode_existing_controller,False,0.07831197579104432,0.0,3.1251090364639063,False,False,False,1.1402274762725029,6.106216659961889e-06,3.3593145472073944e-05,1.3959482085938294e-05,0.001509261296658358,9.039199443891845e-07,7.401337097141455e-05,0.0,0.0,0.0,0.0,4.670775644408497e-10,0.0,0.0,1.1386106079923237,0.0,0.0,0.0,0.0,0.0,0.0,0.0,False,29.947531625837655,-0.5011665463784281,-0.44770678392004926,0.09431746016385846
579,23.27154370225344,-3377.798345053723,11.192987400509306,4.414887849825722,40.29208149913116,19.355575542573398,0.1,0.0,0.0,25.41776590812972,50.16819094322738,187.59330001368514,209.8190658654515,0.0,0.0,0.0,0.0,5.551115123125783e-17,9.71445146547012e-17,0.055419921875,0.0,nan,nan,-0.0016011392621272111,-0.0001523988888603926,6171.897307147496,False,True,True,Omega_safe_one_step_QP,False,0.33251953125,0.0,0.0,False,False,False,0.3083024899903921,3.850341031252355e-06,2.1182521614089414e-05,0.000945689541035698,0.10224538519072493,5.287679683656023e-05,0.004329575870448377,0.0,0.0,0.0,0.0,9.62964972193618e-37,0.0,0.0,0.2017063464076047,0.0,0.0,0.0,0.0,0.0,0.0,0.0,False,0.1,-0.08776327967643738,-0.004437911324203014,25.35455599444362,50.13946044220074,188.31005968109153,210.25295113735706,-0.8776327967643738,-0.044379111379384995,-0.029583593590544396,-0.0038511232740982768,-0.029583593590544313,-0.0038511232740982074,0.23243288547547625,-0.05033574002966734,-0.32560894130464346,-0.07855414927299613,-0.0015952480540968733,-0.00015233162591893898,6195.168850849749,True,True,True,Z_mode_existing_controller,False,0.07831197579104432,0.0,2.9833205664205793,False,False,False,0.19194477147912495,1.8827028646490132e-05,0.00010357626454289517,0.0011531819634203403,0.1246789024607161,0.00010330192699273395,0.008458408172132685,0.0,0.0,0.0,0.0,6.980541844979911e-08,0.0,0.0,0.05870381477631484,0.0,0.0,0.0,0.0,0.0,0.0,0.0,False,23.27154370225344,-0.3770565604729576,-0.47150929258737684,0.09351204799988376
580,8.932206451136153,-3368.866138602587,9.817038961739357,6.970706317768767,37.29655014360609,23.294391593848577,0.1,0.0,0.0,25.387631338165697,50.16411728627594,193.57956921658288,210.8581990847478,0.0,0.0,0.0,0.0,-1.1102230246251565e-16,1.457167719820518e-16,0.26014284641297625,-0.05033574002966734,nan,nan,0.0011952252087579765,-6.37636633566514e-05,6177.654142914471,True,True,True,Z_mode_existing_controller,False,0.05060201485354432,0.0,0.0,False,False,False,0.2795183111555161,4.48613015560385e-06,2.468029408651845e-05,0.0035835418969562,0.3874428189193189,0.00010797978474450994,0.00884143326554144,0.0,0.0,0.0,0.0,3.009265538105056e-34,0.0,0.0,-0.11679062132343078,0.0,0.0,0.0,0.0,0.0,0.0,0.0,False,0.1,-0.09206174314022064,-0.0005240619648247957,25.32539655006028,50.1355388762923,193.71173504581523,211.4295702621655,-0.920617401599884,-0.005240619648247957,-0.03105715489120265,-0.0017343558594763026,-0.031057154891202594,-0.0017343558594762054,0.23243288547547625,-0.05033574002966734,-0.32560894130464346,-0.05351239611091681,0.0011948725297886388,-6.3835552747482e-05,6186.586349365607,True,True,True,Z_mode_existing_controller,False,0.07831197579104432,0.0,3.110554388181386,False,False,False,0.23485727889983538,1.0209140470587134e-05,5.616524274712053e-05,0.0029178096745862926,0.3154656588086742,0.00013844325648649787,0.011335796012057175,0.0,0.0,0.0,0.0,6.65208719440324e-08,0.0,0.0,-0.09200040768451509,0.0,0.0,0.0,0.0,0.0,0.0,0.0,False,8.932206451136153,-0.1445889692834463,-0.4587448679923202,0.09310553299782756
581,-0.03821630352467764,-3368.9043549061116,8.253444694312211,6.367638300819262,42.03060796689099,25.255898683504878,0.1,0.0,0.0,25.404405404305113,50.16275626186339,190.2864669124185,210.07136888728536,0.0,0.0,0.0,0.0,6.938893903907228e-17,-9.71445146547012e-17,0.26014284641297625,-0.05033574002966734,nan,nan,0.0024909573960728024,-9.101782426388294e-06,5939.500139559182,True,True,True,Z_mode_existing_controller,False,0.05060201485354432,0.0,0.0,False,False,False,1.470288327931962,1.3614592595862616e-05,7.49002230161103e-05,0.0010844522785692834,0.11724803556761573,6.191017596387981e-05,0.005069233010027847,0.0,0.0,0.0,0.0,9.152982060700339e-34,20.0,1.3950378397310859,-20.047141680599783,21.395037839731085,21.395037839731085,0.0,0.0,0.0,0.0,0.0,False,0.1,-0.09310880303382874,0.0005208963411860168,25.342574889947965,50.13422947379595,190.04044066681527,210.64119577218815,-0.9310880303382874,0.0052089630626142025,-0.03143696921301606,-0.0011676248828711433,-0.031436969213016176,-0.001167624882871282,0.23243288547547625,-0.05033574002966734,-0.32560894130464346,-0.04721378016844011,0.002485741149621366,-9.156730570797182e-06,5939.461923255657,True,True,True,Z_mode_existing_controller,False,0.07831197579104432,0.0,3.1458645571086365,False,False,False,1.4704794094495854,1.0383966445639573e-06,5.712704196573364e-06,0.00134784024172767,0.14572482692372649,6.215343364470361e-05,0.0050891510581738296,0.0,0.0,0.0,0.0,4.654429188982813e-09,20.0,0.0,-18.680340285890942,20.0,20.0,0.0,0.0,0.0,0.0,0.0,False,-0.03821630352467764,0.0006434262585523566,-0.43489550985922837,0.09295400492275434
582,5.159076844975971,-3363.7452780611357,9.741818429215742,6.637653520740839,44.404594383063205,21.549763813522546,0.1,0.0,0.0,25.43789591403302,50.161980829941065,183.69103586348604,208.61288289350566,0.0,0.0,0.0,0.0,1.3877787807814457e-16,-1.3877787807814457e-17,0.055419921875,0.0,nan,nan,0.0012650150491265492,-9.018750708300626e-05,5931.150540069588,False,True,True,Omega_safe_one_step_QP,False,0.33251953125,0.0,0.0,False,False,False,1.5120363253799314,1.7533327153643646e-05,9.645900931485967e-05,0.004349971072122225,0.47030706012731355,0.00021271813940515694,0.017417456780181802,0.0,0.0,0.0,0.0,1.1748172660762138e-34,20.0,13.711359038183454,-32.68714368872033,33.71135903818345,33.71135903818345,0.0,0.0,0.0,0.0,0.0,False,0.1,-0.0881132110953331,-0.009631144814193249,25.37608892400062,50.133445507372834,183.65789865004453,209.47249466931558,-0.8811321258544922,-0.09631144255399704,-0.026659875508576805,0.0021846825327600378,-0.026659875508576694,0.00218468253276001,0.0277099609375,0.0,-0.387939453125,-0.0454322302978984,0.0012653430351143658,-9.035103973837867e-05,5936.309616914564,False,True,True,Omega_safe_one_step_QP,False,0.3602294921875,0.0,2.6749239239682154,False,False,False,1.4862409411550517,1.3405698070967766e-07,7.375099681699337e-07,0.004073684259584394,0.4404356802026605,0.00013658622678555728,0.011183741586204754,0.0,0.0,0.0,0.0,3.4058589269891884e-07,20.0,2.1962180525042165,-21.161597611233894,22.196218052504218,22.196218052504218,0.0,0.0,0.0,0.0,0.0,False,5.159076844975971,-0.08698273311598397,-0.4134444686458937,0.09266001796153209
583,10.588973146012904,-3353.1563049151227,7.347385805806628,5.930115391629757,41.689692839211205,23.014458866777048,0.1,0.0,0.0,25.44754476521438,50.15856184622101,181.82679653309276,208.01291364284904,0.0,0.0,0.0,0.0,-1.1102230246251565e-16,2.7755575615628914e-17,0.055419921875,0.0,nan,nan,0.0032032247855248025,-8.675621914954845e-05,5653.122128520797,False,True,True,Omega_safe_one_step_QP,False,0.33251953125,0.0,0.0,False,False,False,2.9021783831238874,4.2127374534066486e-05,0.0002317623333542625,0.00034753882809851667,0.037574954364779874,3.599631017334583e-05,0.002947394041916248,0.0,0.0,0.0,0.0,6.4133467148094955e-34,20.0,179.79972364863025,-196.93829937624642,199.79972364863025,199.79972364863025,0.0,0.0,0.0,0.0,0.0,False,0.1,-0.09034936875104904,-0.0005465153371915221,25.3860168183424,50.13004153143263,182.02870841567764,209.343508094641,-0.9034937024116516,-0.0054651531390845776,-0.02578549306284869,0.006636497712407444,-0.025785493062848636,0.006636497712407416,0.0277099609375,0.0,-0.387939453125,-0.002514226527755217,0.0031951290719781297,-8.713132638972073e-05,5663.71110166681,False,True,True,Omega_safe_one_step_QP,False,0.3602294921875,0.0,2.662582870787308,False,False,False,2.849233517393823,5.00766125877949e-06,2.7549479900390277e-05,0.0002654260819756436,0.02869714722819397,1.663753644627853e-06,0.0001362288955667363,0.0,0.0,0.0,0.0,2.058320305513645e-07,20.0,120.74898047388626,-137.92860808792813,140.74898047388626,140.74898047388626,0.0,0.0,0.0,0.0,0.0,False,10.588973146012904,-0.18731194736781015,-0.3881575305000848,0.0922247101958306
584,32.946903245877365,-3320.2094016692454,9.400479106582504,3.4642602619512677,40.254959075897844,31.314331433434283,0.1,0.0,0.0,25.48473509308696,50.15493092515836,174.5355909517686,206.24164269427072,0.0,0.0,0.0,0.0,-2.7755575615628914e-17,9.71445146547012e-17,0.055419921875,0.0,nan,nan,-0.00016285597774254573,0.00018372386889326485,5680.5782727389005,False,True,True,Omega_safe_one_step_QP,False,0.33251953125,0.0,0.0,False,False,False,2.764897662033368,2.7616149088232964e-05,0.0001519293148869831,0.005316167882913263,0.5747696356372298,0.00031374007732775397,0.025689178423373205,0.0,0.0,0.0,0.0,1.1748172660762138e-34,20.0,70.12352503549373,-87.95923811683585,90.12352503549373,90.12352503549373,0.0,0.0,0.0,0.0,0.0,False,0.1,-0.08328027278184891,0.003769299015402794,25.423549197899693,50.12644536255363,175.66650340985336,207.8669929253182,-0.8328027129173279,0.03769299015402794,-0.017804902599884903,0.009348871791118,-0.01780490259988482,0.009348871791117971,0.0277099609375,0.0,-0.387939453125,0.018812461521139447,-0.00016283504858861605,0.00018371701353307274,5713.525175984778,False,True,True,Omega_safe_one_step_QP,False,0.3602294921875,0.0,2.01100959808288,False,False,False,2.600163145803981,1.0730606168825795e-06,5.903406873793254e-06,0.00404776525361355,0.4376333876592246,0.00021800970452404058,0.017850732508407914,0.0,0.0,0.0,0.0,7.104679728040995e-07,20.0,35.85093860599409,-53.70626619423258,55.85093860599409,55.85093860599409,0.0,0.0,0.0,0.0,0.0,False,32.946903245877365,-0.5799920653147159,-0.39912732960763325,0.0911760919910583
585,25.02226212524056,-3295.187139544005,10.566687151338636,4.799231690192357,39.864057511744306,27.046605981635086,0.1,0.0,0.0,25.465414704210446,50.155587025098264,178.3343332319896,207.08550900851003,0.0,0.0,0.0,0.0,-8.326672684688674e-17,-8.326672684688674e-17,0.055419921875,0.0,nan,nan,-0.0007220738955442769,6.784941144329071e-05,5883.680178175872,False,True,True,Omega_safe_one_step_QP,False,0.33251953125,0.0,0.0,False,False,False,1.7493881348485092,1.3667945099897119e-05,7.519374002166996e-05,0.001443044291153869,0.15601803022450303,7.121103563078326e-05,0.005830791576306372,0.0,0.0,0.0,0.0,3.5629703971163865e-34,20.0,3.8807469379120176,-22.29328281860434,23.88074693791202,23.88074693791202,0.0,0.0,0.0,0.0,0.0,False,0.1,-0.08234413713216782,-0.010982265695929527,25.40544364370161,50.12728327562607,179.1295248072389,208.01411156609453,-0.8234413266181946,-0.10982265323400497,-0.020694279883634342,0.0024398542568781906,-0.02069427988363423,0.002439854256878052,0.0277099609375,0.0,-0.387939453125,-0.05543530432852844,-0.000717599668185754,6.789020354798645e-05,5908.702440301113,False,True,True,Omega_safe_one_step_QP,False,0.3602294921875,0.0,2.08376128358552,False,False,False,1.6242768242223065,2.976619052819576e-07,1.6375769551704552e-06,0.0011992517198750141,0.12965983942782294,2.1643894463878115e-06,0.00017722117983619127,0.0,0.0,0.0,0.0,5.608302437628179e-07,20.0,0.0,-18.50556243479255,20.0,20.0,0.0,0.0,0.0,0.0,0.0,False,25.02226212524056,-0.4252824995154352,-0.40288047712989394,0.09034298854102965
586,8.030297299699669,-3287.156842244305,9.61298636444616,4.0338616984310995,38.0477845418272,22.64113434974488,0.1,0.0,0.0,25.440845954407603,50.15451388578225,183.18807149984758,208.05528245543425,0.0,0.0,0.0,0.0,8.326672684688674e-17,-9.71445146547012e-17,0.055419921875,0.0,nan,nan,-0.0001576448384714062,-8.211412197402473e-05,5908.972954617793,False,True,True,Omega_safe_one_step_QP,False,0.33251953125,0.0,0.0,False,False,False,1.6229242526389043,8.393308065881814e-06,4.6175501877927005e-05,0.0023558775172868958,0.2547110798680967,9.40460538359287e-05,0.007700533121503168,0.0,0.0,0.0,0.0,2.792598419361492e-34,20.0,0.0,-18.639533535852575,20.0,20.0,0.0,0.0,0.0,0.0,0.0,False,0.1,-0.09165745228528976,-0.023872818797826767,25.381879921116145,50.126358592479754,183.29625150428242,208.43885088908928,-0.9165744781494141,-0.23872818052768707,-0.027475518051365402,-0.0030151543149984084,-0.027475518051365333,-0.0030151543149984916,0.0277099609375,0.0,-0.387939453125,-0.10825877108663039,-0.00015739486403432124,-8.219869919546084e-05,5917.003251917493,False,True,True,Omega_safe_one_step_QP,False,0.3602294921875,0.0,2.764046395656481,False,False,False,1.582772766140406,1.7556014393358937e-06,9.658382240069608e-06,0.001736161136785516,0.18770902762590785,1.8040349249804143e-05,0.0014771518979835119,0.0,0.0,0.0,0.0,7.574230960673964e-07,20.0,0.0,-18.60642382918882,20.0,20.0,0.0,0.0,0.0,0.0,0.0,False,8.030297299699669,-0.13590005169043945,-0.37544503017421627,0.08997705805446513
587,9.45444056123597,-3277.702401683069,11.858049136917126,5.2420608038881635,42.50198916530205,26.90507852128593,0.1,0.0,0.0,25.428761230062825,50.15119792557827,185.6071283071097,208.3760914122122,0.0,0.0,0.0,0.0,-1.1102230246251565e-16,-2.7755575615628914e-17,0.055419921875,0.0,nan,nan,-0.0017108231821950414,9.224874117856217e-05,6188.651026261498,False,True,True,Omega_safe_one_step_QP,False,0.33251953125,0.0,0.0,False,False,False,0.2245338944203786,1.9184534525851817e-06,1.0554307110763206e-05,0.0005851835836761148,0.0632684600220133,1.0291838674894903e-05,0.0008427003724734523,0.0,0.0,0.0,0.0,4.256305177095791e-34,0.0,0.0,0.1604121797187811,0.0,0.0,0.0,0.0,0.0,0.0,0.0,False,0.1,-0.08700352907180786,-0.0065582203678786755,25.370176608745275,50.12309399404797,185.74606722764108,209.4352653796746,-0.8700352907180786,-0.06558220088481903,-0.02828204021346209,0.003533779983010757,-0.028282040213462062,0.003533779983010882,0.0277099609375,0.0,-0.387939453125,-0.03133114808425417,-0.0017034492089709357,9.232512016518193e-05,6198.105466822734,False,True,True,Omega_safe_one_step_QP,False,0.3602294921875,0.0,2.8501954312015436,False,False,False,0.17726169161419875,1.234004992776118e-05,6.788836941768852e-05,0.0006001597078415284,0.06488763789964941,9.928418370484091e-05,0.008129433547465363,0.0,0.0,0.0,0.0,4.353901843759671e-07,0.0,0.0,0.10417629640748191,0.0,0.0,0.0,0.0,0.0,0.0,0.0,False,9.45444056123597,-0.15277062030345734,-0.3561853959093358,0.08956654461530418
588,3.030318438382892,-3274.6720832446863,7.835761521953655,5.883166741748704,41.32599680037477,23.254260959491614,0.1,0.0,0.0,25.395389428362744,50.15175339525716,192.17711890440222,209.80607408010047,0.0,0.0,0.0,0.0,6.938893903907228e-17,4.163336342344337e-17,0.26014284641297625,-0.05033574002966734,nan,nan,0.0026638841264568715,-7.765707882652524e-05,5942.12035195952,True,True,True,Z_mode_existing_controller,False,0.05060201485354432,0.0,0.0,False,False,False,1.4571872659302698,9.79842777833674e-06,5.3905720691759864e-05,0.004316477644851227,0.4666858417209746,0.00020448504304608896,0.01674332715305108,0.0,0.0,0.0,0.0,3.7363040921112375e-34,20.0,0.0,-19.026295808664447,20.0,20.0,0.0,0.0,0.0,0.0,0.0,False,0.1,-0.09359022229909897,-0.0009078465518541634,25.337316556490098,50.123689520064055,192.0754174018494,210.3285659169289,-0.9359022378921509,-0.009078465402126312,-0.03150987631156749,-0.0019724633554797505,-0.03150987631156751,-0.0019724633554798338,0.23243288547547625,-0.05033574002966734,-0.32560894130464346,-0.05574887332273366,0.0026572310484385573,-7.778130490532216e-05,5945.150670397903,True,True,True,Z_mode_existing_controller,False,0.07831197579104432,0.0,3.157155233527465,False,False,False,1.4420356737383555,1.010786696073328e-06,5.56080899406544e-06,0.004006067362775082,0.4331251249308975,7.979858498588301e-05,0.006533943973926967,0.0,0.0,0.0,0.0,4.073764157890597e-07,20.0,0.0,-18.99762936335188,20.0,20.0,0.0,0.0,0.0,0.0,0.0,False,3.030318438382892,-0.05099725786239908,-0.3011975079519185,0.08933867488942533
589,7.036702616597722,-3267.6353806280886,10.351709272677788,5.133346063717697,41.259324479899455,22.94261243491636,0.1,0.0,0.0,25.433070450571428,50.14992950194092,184.76792204587997,208.11350981495505,0.0,0.0,0.0,0.0,-8.326672684688674e-17,8.326672684688674e-17,0.055419921875,0.0,nan,nan,-0.00025950814160741057,-5.1922133638743337e-05,6019.165881830863,False,True,True,Omega_safe_one_step_QP,False,0.33251953125,0.0,0.0,False,False,False,1.0719596165735539,5.472985974687192e-06,3.0109448166130864e-05,0.0054896198088335985,0.5935227868652483,0.0002864773791647259,0.0234568964548794,0.0,0.0,0.0,0.0,2.5037089277034067e-34,20.0,0.0,-19.54505017619474,20.0,20.0,0.0,0.0,0.0,0.0,0.0,False,0.1,-0.08592525869607925,-0.0052277324721217155,25.375102160913514,50.12187834882164,184.81503196253223,209.20876608992393,-0.8592525720596313,-0.052277322858572006,-0.02702338452824328,0.004266824615968681,-0.02702338452824332,0.004266824615968778,0.0277099609375,0.0,-0.387939453125,-0.025288302553717477,-0.0002571597671917397,-5.2063545419199964e-05,6026.202584447461,False,True,True,Omega_safe_one_step_QP,False,0.3602294921875,0.0,2.735816338252147,False,False,False,1.0367761034905651,3.2766165084207554e-06,1.802619545836168e-05,0.005271319672744865,0.56992076893753,0.00012539516525603885,0.010267412442579229,0.0,0.0,0.0,0.0,5.905732291249877e-07,20.0,0.0,-19.54343069465823,20.0,20.0,0.0,0.0,0.0,0.0,0.0,False,7.036702616597722,-0.1169049458802646,-0.29476781710819455,0.08900055093312552
590,3.8999251519171594,-3263.7354554761714,11.416463090738704,4.268976491934854,39.544727805468405,24.31907622004037,0.1,0.0,0.0,25.42077813652724,50.14747480193818,187.21777166289388,208.49042104043795,0.0,0.0,0.0,0.0,-1.3877787807814457e-17,6.938893903907228e-17,0.055419921875,0.0,nan,nan,-0.001956643427180282,-3.668840062351353e-06,6186.034214142136,False,True,True,Omega_safe_one_step_QP,False,0.33251953125,0.0,0.0,False,False,False,0.23761795501719007,1.2502573197521782e-06,6.878248571714179e-06,0.0006001763145983204,0.0648894333770987,1.4206207189502123e-05,0.0011632106242814503,0.0,0.0,0.0,0.0,5.007417855406813e-35,0.0,0.0,0.17155843276723823,0.0,0.0,0.0,0.0,0.0,0.0,0.0,False,0.1,-0.08674485236406326,-0.0037755221128463745,25.363169586300245,50.119443403904526,187.13094950415555,209.63735559760113,-0.8674485087394714,-0.037755221128463745,-0.029505385778330534,0.004587935392249151,-0.02950538577833063,0.004587935392249248,0.0277099609375,0.0,-0.387939453125,-0.01809091273103297,-0.0019511519596266402,-3.7432780316856815e-06,6189.934139294053,False,True,True,Omega_safe_one_step_QP,False,0.3602294921875,0.0,2.985995547705278,False,False,False,0.21811832925760427,1.7332937710190772e-05,9.535657353508793e-05,0.0005363474059598607,0.057988425100222195,1.8368896609098653e-05,0.0015040535033038537,0.0,0.0,0.0,0.0,6.263442336078413e-08,0.0,0.0,0.15853043144611975,0.0,0.0,0.0,0.0,0.0,0.0,0.0,False,3.8999251519171594,-0.0630440281594529,-0.29671313691650975,0.08874480352492123
591,3.6419870869849547,-3260.0934683891865,11.468157127779167,6.484767458360441,38.40470221504806,26.057805610193643,0.1,0.0,0.0,25.385062303924737,50.14637192569341,194.26937312614345,209.92792433353432,0.0,0.0,0.0,0.0,-7.112366251504909e-17,0.0,0.26014284641297625,-0.05033574002966734,nan,nan,-0.0006256818079792147,4.529089958452744e-05,6364.739379359829,True,True,True,Z_mode_existing_controller,False,0.05060201485354432,0.0,0.0,False,False,False,-0.6559078710712766,2.2289402978848923e-06,1.2262440041864211e-05,0.004972508319650345,0.5376140968524702,0.00020664157176629076,0.016919904693097135,0.0,0.0,0.0,0.0,8.091915031964496e-35,0.0,0.0,-1.2104541350568858,0.0,0.0,0.0,0.0,0.0,0.0,0.0,False,0.1,-0.09114495664834976,-0.0011639610165730119,25.32775089782649,50.118338633655696,194.18841927485315,210.428715060118,-0.9114495515823364,-0.011639609932899475,-0.030678618087462257,-0.0020770872233231846,-0.030678618087462334,-0.002077087223323261,0.23243288547547625,-0.05033574002966734,-0.32560894130464346,-0.057462178571903555,-0.000620863508136193,4.5313774543893817e-05,6368.381366446814,True,True,True,Z_mode_existing_controller,False,0.07831197579104432,0.0,3.0748851996288735,False,False,False,-0.6741178065062013,2.3039930456095144e-05,0.0001267534020784159,0.0049807879564310355,0.5385092686981415,6.262497989150049e-05,0.0051277614766196125,0.0,0.0,0.0,0.0,4.579900051728352e-07,0.0,0.0,-1.2178820480730461,0.0,0.0,0.0,0.0,0.0,0.0,0.0,False,3.6419870869849547,-0.057221307423765536,-0.2912502239374591,0.08849262408032736
592,-7.195965127239106,-3267.2894335164256,10.793458142832273,4.771542820213683,40.193620089402074,22.11829818384343,0.1,0.0,0.0,25.375146353429678,50.14734599643339,196.2104115819223,210.39330862931746,0.0,0.0,0.0,0.0,9.540979117872439e-17,-1.3877787807814457e-17,0.26014284641297625,-0.05033574002966734,nan,nan,-0.0009526033582594175,-7.430435861064452e-05,6343.308937726135,True,True,True,Z_mode_existing_controller,False,0.05060201485354432,0.0,0.0,False,False,False,-0.5487556629028041,4.628596806571988e-06,2.5464069572618173e-05,0.000376763028681235,0.04073459557451411,2.1658254276156786e-05,0.001773387586239875,0.0,0.0,0.0,0.0,2.792598419361492e-34,0.0,0.0,-0.5912891101331307,0.0,0.0,0.0,0.0,0.0,0.0,0.0,False,0.1,-0.0946594700217247,-0.0005566461477428675,25.318125711271094,50.11933200449539,195.68214496000053,210.8656249900605,-0.9465947151184082,-0.005566461477428675,-0.031889506396185346,-0.00179322582033066,-0.03188950639618525,-0.0017932258203307017,0.23243288547547625,-0.05033574002966734,-0.32560894130464346,-0.05361731167891971,-0.0009505348521382231,-7.439556913598551e-05,6336.112972598896,True,True,True,Z_mode_existing_controller,False,0.07831197579104432,0.0,3.193988536352379,False,False,False,-0.5127758372666085,3.2383400186417e-05,0.0001781561863789947,0.00022312164224690158,0.02412330608091226,1.9089028688234927e-05,0.0015630182413344385,0.0,0.0,0.0,0.0,1.546827792310747e-08,0.0,0.0,-0.538640333243512,0.0,0.0,0.0,0.0,0.0,0.0,0.0,False,-7.195965127239106,0.11344182031623734,-0.27780104128018157,0.08853550877292389
593,-13.004040518409965,-3280.2934740348355,8.664407514262459,5.941163754603322,43.362006269842105,23.80203815097254,0.1,0.0,0.0,25.361929098731892,50.146227185231304,198.82688647247573,210.88262355046595,0.0,0.0,0.0,0.0,-1.0408340855860843e-16,1.3183898417423734e-16,0.26014284641297625,-0.05033574002966734,nan,nan,0.0019067689246420904,-4.419935299258284e-05,6183.381233063393,True,True,True,Z_mode_existing_controller,False,0.05060201485354432,0.0,0.0,False,False,False,0.2508828604109067,1.1782651942178865e-06,6.482186315722699e-06,0.0006845940852896605,0.07401645351081565,2.3942909205855402e-05,0.001960456157857375,0.0,0.0,0.0,0.0,6.103091437830864e-34,0.0,0.0,0.17489946855591795,0.0,0.0,0.0,0.0,0.0,0.0,0.0,False,0.1,-0.09457962214946747,-0.002318654442206025,25.30479469221808,50.11815952337824,198.04047284032637,211.21082726422992,-0.9457961916923523,-0.023186543956398964,-0.03189178164585238,-0.0027752495388786366,-0.03189178164585246,-0.002775249538878505,0.23243288547547625,-0.05033574002966734,-0.32560894130464346,-0.06401634195209503,0.001902815281050675,-4.414657035220129e-05,6170.377192544983,True,True,True,Z_mode_existing_controller,False,0.07831197579104432,0.0,3.201230617356057,False,False,False,0.3159030630029565,1.2977036076223629e-05,7.139272727798245e-05,0.0005561710391122194,0.06013170248628987,1.1916461009174192e-05,0.0009757251787760858,0.0,0.0,0.0,0.0,9.643757605515032e-09,0.0,0.0,0.254724232966855,0.0,0.0,0.0,0.0,0.0,0.0,0.0,False,-13.004040518409965,0.2103063037561968,-0.2596512327561773,0.08873919983528392
594,-15.859965546387684,-3296.153439581223,8.906102299453298,3.543224765302984,41.329026692888334,25.294338079792606,0.1,0.0,0.0,25.39376978658675,50.14611969603272,192.54884840702766,209.5303549163858,0.0,0.0,0.0,0.0,-1.0755285551056204e-16,1.3877787807814457e-17,0.26014284641297625,-0.05033574002966734,nan,nan,0.00044823384453373063,-1.2627604192166648e-06,6061.00221201245,True,True,True,Z_mode_existing_controller,False,0.05060201485354432,0.0,0.0,False,False,False,0.8627779656656185,1.4158520389629244e-06,7.789262346958857e-06,0.003941376195121497,0.42613089155073913,0.00018286304587170253,0.014972908314586201,0.0,0.0,0.0,0.0,1.39268809103502e-34,0.0,0.0,0.42166637653794614,0.0,0.0,0.0,0.0,0.0,0.0,0.0,False,0.1,-0.09243162721395493,-0.0002306544774910435,25.33622278980223,50.11796424616754,191.63904774437276,209.94407306345434,-0.9243162274360657,-0.0023065446875989437,-0.03119543940781884,-0.0015764154796315683,-0.031195439407818937,-0.0015764154796316932,0.23243288547547625,-0.05033574002966734,-0.32560894130464346,-0.051728281196081895,0.00044583846557074433,-1.2055327237906442e-06,6045.142246466063,True,True,True,Z_mode_existing_controller,False,0.07831197579104432,0.0,3.1235244926385923,False,False,False,0.9420777933975569,1.1023090371155501e-05,6.06431607345481e-05,0.004097824325910472,0.44304563862235113,0.0001604666205182578,0.01313907894904628,0.0,0.0,0.0,0.0,1.9220956140797277e-08,0.0,0.0,0.48583241344446887,0.0,0.0,0.0,0.0,0.0,0.0,0.0,False,-15.859965546387684,0.26167232730841816,-0.2235669949617092,0.08902228293682159
595,-20.364930688385357,-3316.5183702696086,11.519180647733172,5.413732683616857,38.019109353610276,26.979009487711263,0.1,0.0,0.0,25.398540448671277,50.14589667470665,191.6086904799289,209.31153578399667,0.0,0.0,0.0,0.0,-1.3183898417423734e-16,-1.249000902703301e-16,0.26014284641297625,-0.05033574002966734,nan,nan,-0.0013744921702844976,7.149496323890993e-05,6304.719074070697,True,True,True,Z_mode_existing_controller,False,0.05060201485354432,0.0,0.0,False,False,False,-0.3558063446256165,2.1825792472890685e-06,1.2007386282125295e-05,8.838969278866501e-05,0.00955645356526762,4.7881812699524884e-06,0.0003920584326202115,0.0,0.0,0.0,0.0,1.984911548934095e-34,0.0,0.0,-0.3657668640097864,0.0,0.0,0.0,0.0,0.0,0.0,0.0,False,0.1,-0.09216078370809555,-0.0002833601029124111,25.340506004971534,50.11763162437535,190.54297813190595,209.69324680993395,-0.9216077923774719,-0.002833600854501128,-0.031130335472183385,-0.001601585365216568,-0.0311303354721833,-0.0016015853652164569,0.23243288547547625,-0.05033574002966734,-0.32560894130464346,-0.05205151091510909,-0.0013702594415139313,7.133238831295125e-05,6284.354143382312,True,True,True,Z_mode_existing_controller,False,0.07831197579104432,0.0,3.117150721881674,False,False,False,-0.2539816911836897,2.4017312529319987e-05,0.00013213043666399253,0.00012013685953731345,0.012988871025838017,6.29138094550734e-06,0.0005151410970990134,0.0,0.0,0.0,0.0,4.872045575599044e-11,0.0,0.0,-0.26761783379201115,0.0,0.0,0.0,0.0,0.0,0.0,0.0,False,-20.364930688385357,0.32301091371604224,-0.18073713797867516,0.08942003544468118
596,-25.208772241802762,-3341.7271425114113,10.733027703395367,4.696400048759951,39.94521013274456,28.49146825283783,0.1,0.0,0.0,25.37519334806942,50.146983565143955,196.1961895594031,210.34865822967896,0.0,0.0,0.0,0.0,-1.1796119636642288e-16,-2.7755575615628914e-17,0.26014284641297625,-0.05033574002966734,nan,nan,-0.0009412873645760886,0.000115177099847209,6336.456463112098,True,True,True,Z_mode_existing_controller,False,0.05060201485354432,0.0,0.0,False,False,False,-0.5144932898326214,4.970363314883327e-06,2.7344286517173368e-05,0.0021045147804176754,0.2275344233242996,0.00010756229673380061,0.008807249159742528,0.0,0.0,0.0,0.0,9.62964972193618e-35,0.0,0.0,-0.7508623066031808,0.0,0.0,0.0,0.0,0.0,0.0,0.0,False,0.1,-0.09390179812908173,-0.0007418465102091432,25.316646629040104,50.11858082207869,194.91797380037042,210.6731485687306,-0.9390179514884949,-0.007418464869260788,-0.03174459689300867,-0.001884708412641184,-0.03174459689300871,-0.0018847084126412325,0.23243288547547625,-0.05033574002966734,-0.32560894130464346,-0.05474440301584881,-0.0009396633246262403,0.0001150909885139672,6311.247690870296,True,True,True,Z_mode_existing_controller,False,0.07831197579104432,0.0,3.180049618638522,False,False,False,-0.38844942862360765,3.378107996428004e-05,0.00018584547464303445,0.0019140587099082827,0.2069428301574575,9.602074568927548e-05,0.007862221777233346,0.0,0.0,0.0,0.0,4.574757530975397e-09,0.0,0.0,-0.6034403306076991,0.0,0.0,0.0,0.0,0.0,0.0,0.0,False,-25.208772241802762,0.3978370622217087,-0.11034969880481237,0.08994604774554549
597,-27.052418269110603,-3368.779560780522,8.354731258005474,4.162755570598979,36.50089732371441,27.835785914369225,0.1,0.0,0.0,25.36213530409311,50.14965370714933,198.7367012989113,211.03960909554067,0.0,0.0,0.0,0.0,1.249000902703301e-16,-4.85722573273506e-17,0.26014284641297625,-0.05033574002966734,nan,nan,0.0012366784855942065,5.053469247452442e-05,6150.2851078887015,True,True,True,Z_mode_existing_controller,False,0.05060201485354432,0.0,0.0,False,False,False,0.4163634862843628,1.913523607149033e-06,1.0527185731992409e-05,0.0006454199898578931,0.06978105668858509,4.774130990350447e-05,0.00390907989416814,0.0,0.0,0.0,0.0,5.9414938784346225e-34,0.0,0.0,0.3426628225158776,0.0,0.0,0.0,0.0,0.0,0.0,0.0,False,0.1,-0.09415946900844574,-0.0005350367282517254,25.302867274491874,50.12108282698571,197.33370952112455,211.35275448155073,-0.941594660282135,-0.0053503671661019325,-0.031858352499881865,-0.0017733356471522146,-0.031858352499881726,-0.0017733356471522285,0.23243288547547625,-0.05033574002966734,-0.32560894130464346,-0.053506667779921226,0.001233076689476002,5.077538620476591e-05,6123.232689619591,True,True,True,Z_mode_existing_controller,False,0.07831197579104432,0.0,3.190766903620791,False,False,False,0.5516255776299158,1.956517910496893e-05,0.00010763717445042391,0.0005835779072527466,0.06309485864727551,4.618641967400908e-05,0.0037817647839199237,0.0,0.0,0.0,0.0,2.534423098771712e-10,0.0,0.0,0.4846413167708277,0.0,0.0,0.0,0.0,0.0,0.0,0.0,False,-27.052418269110603,0.4398563285206348,-0.05126593271777126,0.09052433644829243
598,-29.518897373368418,-3398.2984581538904,9.000715098379347,5.386006754045202,41.20438987929251,24.367313142661242,0.1,0.0,0.0,25.38384004036764,50.15141877140507,194.43481165667725,210.21708931253073,0.0,0.0,0.0,0.0,-5.377642775528102e-17,0.0,0.26014284641297625,-0.05033574002966734,nan,nan,0.0012577910633328766,-2.8588414461792324e-05,6114.593976236082,True,True,True,Z_mode_existing_controller,False,0.05060201485354432,0.0,0.0,False,False,False,0.5948191445474594,2.353017044533322e-06,1.2945044088194986e-05,0.0018506254493960558,0.20008459828162098,6.765387934427147e-05,0.005539530022148715,0.0,0.0,0.0,0.0,3.4284562275630905e-34,0.0,0.0,0.3891820711996015,0.0,0.0,0.0,0.0,0.0,0.0,0.0,False,0.1,-0.09464574605226517,-0.000920782913453877,25.323674258683823,50.1226671095744,192.9377215672827,210.49284008851743,-0.9464574456214905,-0.009207828901708126,-0.03204930910204189,-0.0019962144160385054,-0.03204930910204192,-0.0019962144160383805,0.23243288547547625,-0.05033574002966734,-0.32560894130464346,-0.0557647783174312,0.0012558566652314277,-2.8457923585564976e-05,6085.075078862714,True,True,True,Z_mode_existing_controller,False,0.07831197579104432,0.0,3.211141675343865,False,False,False,0.7424136314143016,1.0612506191446809e-05,5.8384345686610984e-05,0.0019324710090322683,0.20893351794080445,7.394527633458409e-05,0.006054672433003591,0.0,0.0,0.0,0.0,8.613936952877402e-10,0.0,0.0,0.5273670558334133,0.0,0.0,0.0,0.0,0.0,0.0,0.0,False,-29.518897373368418,0.48276136548217974,-0.00228024312270363,0.09116775854824934
599,-30.846606264644834,-3429.145064418535,10.00570469542236,4.296596662985748,40.60709862270109,24.053212651454263,0.1,0.0,0.0,25.402298318255863,50.15092914115551,190.79945012759825,209.40729374676357,0.0,0.0,0.0,0.0,-1.3183898417423734e-16,0.0,0.26014284641297625,-0.05033574002966734,nan,nan,-0.0003807355356609159,-2.5712885061824828e-05,6130.83309260917,True,True,True,Z_mode_existing_controller,False,0.05060201485354432,0.0,0.0,False,False,False,0.5136235626820189,1.5990235318368745e-06,8.796974151028707e-06,0.0013215853447107646,0.14288621875249052,6.557688583361556e-05,0.005369464860777291,0.0,0.0,0.0,0.0,6.093762714662738e-35,0.0,0.0,0.3653590820946001,0.0,0.0,0.0,0.0,0.0,0.0,0.0,False,0.1,-0.09381657838821411,-0.00031346819014288485,25.34118722353786,50.121981023828354,189.2646819806382,209.70464936965791,-0.9381657838821411,-0.0031346818432211876,-0.031794495937482486,-0.0016443206471356553,-0.03179449593748247,-0.0016443206471356692,0.23243288547547625,-0.05033574002966734,-0.32560894130464346,-0.05220031838532787,-0.0003800664810061508,-2.574648552343864e-05,6099.9864863445255,True,True,True,Z_mode_existing_controller,False,0.07831197579104432,0.0,3.1836987330920383,False,False,False,0.6678565940052431,1.5447802420127722e-05,8.498556517423758e-05,0.001349121980505765,0.1458634050398984,6.212446092962722e-05,0.005086778759252549,0.0,0.0,0.0,0.0,1.8875897342535558e-09,0.0,0.0,0.5168214227533282,0.0,0.0,0.0,0.0,0.0,0.0,0.0,False,-30.846606264644834,0.5031389013318757,0.04226069200665018,0.09184423444969878
600,-31.97397923675817,-3461.1190436552934,9.952565470819353,2.9237154623375052,41.279929063787414,22.305740981198408,0.1,0.0,0.0,25.393173501569027,50.14993401719043,192.60770209631562,209.73110913990564,0.0,0.0,0.0,0.0,-8.673617379884035e-17,8.326672684688674e-17,0.26014284641297625,-0.05033574002966734,nan,nan,-0.001063974306470601,-7.628418406092192e-05,6169.598256628678,True,True,True,Z_mode_existing_controller,False,0.05060201485354432,0.0,0.0,False,False,False,0.31979774258447835,2.3074416626479686e-06,1.2694312658427874e-05,0.000326977518237025,0.0353519213760554,1.048564088357532e-05,0.0008585689843512841,0.0,0.0,0.0,0.0,8.967611303553067e-35,0.0,0.0,0.2835745579114132,0.0,0.0,0.0,0.0,0.0,0.0,0.0,False,0.1,-0.0935610681772232,-0.0005594625836238265,25.33112947649507,50.12078004596458,191.02231623884893,210.00210707440058,-0.9356106519699097,-0.005594625603407621,-0.03173290792786815,-0.0017775939060619,-0.031732907927868176,-0.001777593906062025,0.23243288547547625,-0.05033574002966734,-0.32560894130464346,-0.053672635687904056,-0.0010636507413379417,-7.631796565941333e-05,6137.62427739192,True,True,True,Z_mode_existing_controller,False,0.07831197579104432,0.0,3.178265699486792,False,False,False,0.4796676387682692,2.694140382351921e-05,0.00014821722651927954,0.0003089278185636029,0.03340043686067755,8.848108611077696e-06,0.000724487106509846,0.0,0.0,0.0,0.0,2.155484447310218e-10,0.0,0.0,0.44539449735901404,0.0,0.0,0.0,0.0,0.0,0.0,0.0,False,-31.97397923675817,0.5182505879115387,0.07593338325327041,0.09254767847354128
601,-34.52772404874486,-3495.646767704038,12.670149627433522,4.021054594959785,44.269573082969934,27.156431832866875,0.1,0.0,0.0,25.3752986401448,50.1482108937069,196.14948322254602,210.38332425316986,0.0,0.0,0.0,0.0,-4.5102810375396984e-17,-2.0816681711721685e-17,0.26014284641297625,-0.05033574002966734,nan,nan,-0.0033114171605428157,0.00012322021965642895,6535.36131393051,True,True,True,Z_mode_existing_controller,False,0.05060201485354432,0.0,0.0,False,False,False,-1.5090175439246787,1.9532670759479263e-05,0.00010745833088166368,0.0012544213546121909,0.13562463052444065,4.2538455397025846e-05,0.0034830678307231707,0.0,0.0,0.0,0.0,1.2566692887126713e-34,20.0,0.0,-21.648232700610723,20.0,20.0,0.0,0.0,0.0,0.0,0.0,False,0.1,-0.09357967972755432,-0.0011649118969216943,25.31227934035638,50.11884425473745,194.5184159260284,210.60988053536323,-0.9357967972755432,-0.0116491187363863,-0.03176364525925632,-0.0021157514483257783,-0.03176364525925643,-0.002115751448325709,0.23243288547547625,-0.05033574002966734,-0.32560894130464346,-0.057282435774819215,-0.003305954573021396,0.0001227570366823317,6500.833589881765,True,True,True,Z_mode_existing_controller,False,0.07831197579104432,0.0,3.1834031544040586,False,False,False,-1.3363789236809545,7.205964145752182e-05,0.0003964336925711262,0.001222271302269646,0.13214865416747956,3.693885798505148e-05,0.0030245702800102154,0.0,0.0,0.0,0.0,1.152953069306865e-09,20.0,0.0,-21.47194858297397,20.0,20.0,0.0,0.0,0.0,0.0,0.0,False,-34.52772404874486,0.5283215784129176,0.10381255124104333,0.09330786740289553
602,-77.27802291399257,-3572.924790618031,12.057196253348984,4.544274851279044,35.653236432830994,26.09887273004884,0.1,0.0,0.0,25.32664657690762,50.15103227751545,205.70513923152848,212.5813089476069,0.0,0.0,0.0,0.0,2.7755575615628914e-17,-4.85722573273506e-17,0.055419921875,0.0,nan,nan,-0.0025459804375760463,4.505666848255113e-05,6712.154325437937,False,True,True,Omega_safe_one_step_QP,False,0.33251953125,0.0,0.0,False,False,False,-2.3929826014618127,4.020283552838675e-05,0.00022117454677793695,0.009131056176200247,0.9872249987149855,0.0004831136716979549,0.0395575643912861,0.0,0.0,0.0,0.0,6.078716386972213e-35,20.0,3.508315415799664,-26.92830175491453,23.508315415799665,23.508315415799665,0.0,0.0,0.0,0.0,0.0,False,0.1,-0.0949355885386467,-0.04251568764448166,25.26269608800822,50.12143889666754,202.34895647558994,211.55014876758054,-0.9493558406829834,-0.4251568615436554,-0.04854635179379427,-0.014567455532382118,-0.04854635179379416,-0.014567455532382263,0.0277099609375,0.0,-0.387939453125,-0.1861432675555516,-0.00254485563938049,4.424880439109406e-05,6634.876302523944,False,True,True,Omega_safe_one_step_QP,False,0.3602294921875,0.0,5.068489945905736,False,False,False,-2.00659248689185,0.00011232039544805136,0.0006179268758195048,0.006131736529832744,0.6629467030947338,8.841043485170583e-05,0.0072390861082782375,0.0,0.0,0.0,0.0,4.36704173221326e-06,20.0,7.941441776550895,-30.61884234656331,27.941441776550896,27.941441776550896,0.0,0.0,0.0,0.0,0.0,False,-77.27802291399257,1.1513147518244904,0.17024629801288396,0.09520005304504886
603,-74.77093430283458,-3647.6957249208654,9.609952344461345,5.017897313113516,41.13743737178695,25.659576665186332,0.1,0.0,0.0,25.297370902515087,50.153766903607135,211.4420019908644,213.9586707772435,0.0,0.0,0.0,0.0,-1.3877787807814457e-16,-1.3877787807814457e-16,0.055419921875,0.0,nan,nan,0.00043159308692150306,1.771967933452182e-05,6585.099295656005,False,True,True,Omega_safe_one_step_QP,False,0.33251953125,0.0,0.0,False,False,False,-1.7577074525521539,2.5898240580331473e-05,0.00014247829904078015,0.0032911594319455515,0.3558312207564722,0.00018971256097398382,0.015533749687084096,0.0,0.0,0.0,0.0,3.587044521421227e-34,20.0,0.0,-22.129214901294752,20.0,20.0,0.0,0.0,0.0,0.0,0.0,False,0.1,-0.09713619947433472,-0.042433496564626694,25.231031010017745,50.12370097483869,208.05777467476673,212.90990130234692,-0.9713619947433472,-0.42433494329452515,-0.05593465942815207,-0.01591283518040347,-0.055934659428151956,-0.015912835180403456,0.0277099609375,0.0,-0.387939453125,-0.18157451165639185,0.00042983012180329745,1.789056318886411e-05,6510.32836135317,False,True,True,Omega_safe_one_step_QP,False,0.3602294921875,0.0,5.8154143866297465,False,False,False,-1.383852781037981,8.872838046138512e-05,0.0004881361992745663,0.0032590605231252127,0.35236077389825365,0.00018489269558036124,0.015139096944189336,0.0,0.0,0.0,0.0,5.639713609721937e-07,20.0,0.0,-21.75184135205106,20.0,20.0,0.0,0.0,0.0,0.0,0.0,False,-74.77093430283458,1.1354564440988573,0.23791411149801503,0.09702207957175686
604,-47.78511535184589,-3695.4808402727112,9.68239776153108,5.340123024837891,36.73611317987568,25.416254622942265,0.1,0.0,0.0,25.317495528516503,50.15683864166486,207.4362423909984,213.27454072696997,0.0,0.0,0.0,0.0,-5.551115123125783e-17,3.8163916471489756e-17,0.055419921875,0.0,nan,nan,0.0004250513496041417,-4.364157691700817e-06,6497.486976165533,False,True,True,Omega_safe_one_step_QP,False,0.33251953125,0.0,0.0,False,False,False,-1.3196458550997932,1.6701151604032742e-05,9.188082353254308e-05,0.0016046109971918814,0.17348618375273334,4.68033925687254e-05,0.0038322828016043374,0.0,0.0,0.0,0.0,3.824174645823905e-34,20.0,0.0,-21.497056202477662,20.0,20.0,0.0,0.0,0.0,0.0,0.0,False,0.1,-0.09560061991214752,-0.028708243742585182,25.2487098379276,50.12631703732585,205.1719076188414,212.96692696196683,-0.9560061693191528,-0.2870824337005615,-0.05190640480571437,-0.009695324643817293,-0.05190640480571443,-0.009695324643817293,0.0277099609375,0.0,-0.387939453125,-0.12481681291747301,0.00042338398363214735,-4.277572795687983e-06,6449.701860813687,False,True,True,Omega_safe_one_step_QP,False,0.3602294921875,0.0,5.280411139109996,False,False,False,-1.0807202783405636,7.070990517710152e-05,0.00038900816384490215,0.000832822866447514,0.09004254681966012,3.251925855085848e-07,2.662691493621647e-05,0.0,0.0,0.0,0.0,5.488427257574927e-07,20.0,0.0,-21.17117900908173,20.0,20.0,0.0,0.0,0.0,0.0,0.0,False,-47.78511535184589,0.7354399558957807,0.30113828652382113,0.09812349847523037
605,-28.42538081604107,-3723.9062210887523,9.776758624740868,5.93412536377804,41.4907141729226,24.89590260812708,0.1,0.0,0.0,25.33419992472585,50.158839115047705,204.11734379246352,212.6755212389678,0.0,0.0,0.0,0.0,1.1102230246251565e-16,-9.71445146547012e-17,0.055419921875,0.0,nan,nan,0.0007720501718448329,-1.0024501140171865e-06,6426.603545581006,False,True,True,Omega_safe_one_step_QP,False,0.33251953125,0.0,0.0,False,False,False,-0.96522870217716,9.097652090472502e-06,5.005042682705396e-05,0.001101508790735674,0.1190921393466984,3.588243470063824e-05,0.0029380698670727033,0.0,0.0,0.0,0.0,4.604176273300736e-34,0.0,0.0,-1.087308961817758,0.0,0.0,0.0,0.0,0.0,0.0,0.0,False,0.1,-0.09526252001523972,-0.029214847832918167,25.263886551883793,50.12801901207933,202.66675098966655,212.48326428229524,-0.9526251554489136,-0.2921484708786011,-0.04906575002826445,-0.009427548216609037,-0.04906575002826455,-0.009427548216608905,0.0277099609375,0.0,-0.387939453125,-0.12747021999559663,0.0007702546965743431,-9.632064413211613e-07,6398.178164764965,False,True,True,Omega_safe_one_step_QP,False,0.3602294921875,0.0,4.996325140753582,False,False,False,-0.8231017980969546,5.171505359951207e-05,0.0002845086270940398,0.0006275809736698691,0.06785235069954504,2.3392958770710904e-05,0.0019154259692605897,0.0,0.0,0.0,0.0,8.141023779617317e-08,20.0,0.0,-20.893154164803093,20.0,20.0,0.0,0.0,0.0,0.0,0.0,False,-28.42538081604107,0.44230798763970175,0.34253526466277995,0.09870981808541923
606,-8.391555565943236,-3732.2977766546956,8.517036760510322,6.541712899783307,38.123721154992715,21.47514655518457,0.1,0.0,0.0,25.353358457261272,50.16038660301633,200.31997319618418,211.94826397109642,0.0,0.0,0.0,0.0,-9.71445146547012e-17,8.326672684688674e-17,0.26014284641297625,-0.05033574002966734,nan,nan,0.0022173262487343776,-0.00013376653532588107,6203.275178545,True,True,True,Z_mode_existing_controller,False,0.05060201485354432,0.0,0.0,False,False,False,0.15141313300287038,2.84168388084801e-06,1.56334282438597e-05,0.0014420023445486881,0.15590537778691957,5.289031336717442e-05,0.004330682610044958,0.0,0.0,0.0,0.0,7.588163980885709e-34,0.0,0.0,-0.008838560822338023,0.0,0.0,0.0,0.0,0.0,0.0,0.0,False,0.1,-0.09336958825588226,-0.006500457413494587,25.282180592606068,50.12939443063916,199.67773591671678,212.82321157130292,-0.9336958527565002,-0.06500457227230072,-0.044912126677178546,0.0005763684876784123,-0.04491212667717865,0.0005763684876783151,0.0277099609375,0.0,-0.387939453125,-0.028937809039626346,0.002211602032022768,-0.00013383321212082162,6194.883622979057,False,True,True,Omega_safe_one_step_QP,False,0.3602294921875,0.0,4.4915824864968545,False,False,False,0.19337091083258656,2.2039666682190265e-05,0.00012125048458654918,0.0008934211106320914,0.09659426442853643,1.1556415930367263e-05,0.000946244526037334,0.0,0.0,0.0,0.0,1.1733093636900295e-06,0.0,0.0,0.09570797808406255,0.0,0.0,0.0,0.0,0.0,0.0,0.0,False,-8.391555565943236,0.13527621013761806,0.3548215664886008,0.0987698457224191
607,29.581726648323638,-3702.716050006372,9.714407904395939,3.6745960508864757,42.110091575606376,25.77011626502186,0.1,0.0,0.0,25.39105090022402,50.15868545962373,192.90709547022124,210.2620047261696,0.0,0.0,0.0,0.0,6.591949208711867e-17,4.163336342344337e-17,0.26014284641297625,-0.05033574002966734,nan,nan,-0.0003648897360135069,2.726143258405863e-05,6151.348729467757,True,True,True,Z_mode_existing_controller,False,0.05060201485354432,0.0,0.0,False,False,False,0.4110453783890853,3.0661842337570055e-06,1.6868509380638572e-05,0.005495075618007754,0.5941126541381037,0.00028434702411011566,0.023282462026325838,0.0,0.0,0.0,0.0,2.832320724464479e-34,0.0,0.0,-0.20636660628472486,0.0,0.0,0.0,0.0,0.0,0.0,0.0,False,0.1,-0.09286079555749893,-0.0006181031349115074,25.319607747231814,50.12761814309515,193.88233242754782,210.94551480199115,-0.9286079406738281,-0.006181030999869108,-0.03143098036333891,-0.0017993498402167074,-0.03143098036333887,-0.0017993498402166172,0.23243288547547625,-0.05033574002966734,-0.32560894130464346,-0.054050196711561256,-0.0003663121204372762,2.7179062556817208e-05,6180.930456116081,True,True,True,Z_mode_existing_controller,False,0.07831197579104432,0.0,3.148244251083589,False,False,False,0.2631367451474671,2.6000416996160212e-05,0.0001430404191540831,0.0033586701602271777,0.3631302973753186,0.0003525745157483852,0.028868959680700138,0.0,0.0,0.0,0.0,1.873853435086518e-06,0.0,0.0,-0.1290074261811408,0.0,0.0,0.0,0.0,0.0,0.0,0.0,False,29.581726648323638,-0.4808982216633845,0.3388788800814305,0.0978277578426364
608,18.180192945889758,-3684.535857060482,10.500421743531785,4.746625170268058,37.61586318513838,20.41933263837241,0.1,0.0,0.0,25.383884242492858,50.15905848467195,194.31322990388122,210.57861307304904,0.0,0.0,0.0,0.0,-7.979727989493313e-17,6.245004513516506e-17,0.26014284641297625,-0.05033574002966734,nan,nan,-0.0007304240365654763,-0.00013988026491068648,6266.7968234819145,True,True,True,Z_mode_existing_controller,False,0.05060201485354432,0.0,0.0,False,False,False,-0.16619509168170224,3.827456257538104e-06,2.105662180160501e-05,0.00019772140455242892,0.021377101354820977,1.0024084531372805e-05,0.0008207765429610657,0.0,0.0,0.0,0.0,2.1666711874356403e-34,0.0,0.0,-0.1884140262012859,0.0,0.0,0.0,0.0,0.0,0.0,0.0,False,0.1,-0.09334995597600937,-0.0011325767263770103,25.31355127465508,50.12817943874093,194.80241528585233,211.1547138620736,-0.9334995150566101,-0.011325767263770103,-0.03162177893380737,-0.0020941090466035234,-0.03162177893380741,-0.0020941090466033777,0.23243288547547625,-0.05033574002966734,-0.32560894130464346,-0.05710623262120647,-0.0007280859729510451,-0.0001399312196083325,6284.977016427804,True,True,True,Z_mode_existing_controller,False,0.07831197579104432,0.0,3.1691042829759537,False,False,False,-0.257096056411151,3.377068885176074e-05,0.00018578830828718494,8.465524661457985e-05,0.009152695385680275,4.37642467393824e-06,0.00035834361763034754,0.0,0.0,0.0,0.0,1.2328708424259106e-09,0.0,0.0,-0.2667928849556197,0.0,0.0,0.0,0.0,0.0,0.0,0.0,False,18.180192945889758,-0.2901034365398271,0.3259555108309979,0.09718651351958908
609,6.949200443850714,-3677.5866566166314,7.891613625943207,6.428454123413051,36.23889720261947,22.031568958617157,0.1,0.0,0.0,25.372396470500075,50.156306184184,196.60799119389614,210.90532397017628,0.0,0.0,0.0,0.0,-6.591949208711867e-17,-1.1102230246251565e-16,0.26014284641297625,-0.05033574002966734,nan,nan,0.002734027061962787,-0.0001301914900996913,6051.498792427379,True,True,True,Z_mode_existing_controller,False,0.05060201485354432,0.0,0.0,False,False,False,0.9102950635909747,4.848094039103594e-06,2.6671626211002814e-05,0.000526592937815093,0.056933798492318555,1.0674001030168736e-05,0.0008739919977415563,0.0,0.0,0.0,0.0,3.0285248375489284e-34,20.0,0.0,-19.147539398525296,20.0,20.0,0.0,0.0,0.0,0.0,0.0,False,0.1,-0.09496887773275375,-0.0003438546846155077,25.302832113858912,50.125540974167215,196.64315692692134,211.45560074161978,-0.9496887922286987,-0.0034385467879474163,-0.03219562820564285,-0.0016793253492355248,-0.032195628205642854,-0.0016793253492354207,0.23243288547547625,-0.05033574002966734,-0.32560894130464346,-0.05235624717822724,0.0027256237473201514,-0.0001303793759721543,6058.44799287123,True,True,True,Z_mode_existing_controller,False,0.07831197579104432,0.0,3.223939529805988,False,False,False,0.8755490613717211,8.825803948904964e-06,4.8554863424289236e-05,0.00033883297891654023,0.03663370159164601,9.053291428303108e-06,0.0007412875677260506,0.0,0.0,0.0,0.0,5.013485023883025e-09,20.0,0.0,-19.161874487664562,20.0,20.0,0.0,0.0,0.0,0.0,0.0,False,6.949200443850714,-0.11483436884341257,0.3259412879796146,0.09684862601043058
610,-2.27754363922395,-3679.8642002558554,11.468628216192418,4.79160362265949,42.026117927012535,26.169310378384054,0.1,0.0,0.0,25.41478158977694,50.154111096530386,188.27582461893098,208.99432383464992,0.0,0.0,0.0,0.0,4.163336342344337e-17,1.3877787807814457e-17,0.055419921875,0.0,nan,nan,-0.001606507995347479,6.334846401291486e-05,6216.085962330456,False,True,True,Omega_safe_one_step_QP,False,0.33251953125,0.0,0.0,False,False,False,0.0873592140755909,2.2789839803442177e-06,1.2537753676874484e-05,0.006942499983296659,0.7506042460841524,0.00036519215179817854,0.029902097386679958,0.0,0.0,0.0,0.0,2.7167649278012446e-34,0.0,0.0,-0.6931596671489183,0.0,0.0,0.0,0.0,0.0,0.0,0.0,False,0.1,-0.09498570114374161,0.0022425695788115263,25.345454084675154,50.12338489553129,187.89559389387477,210.38439835151328,-0.9498569965362549,0.0224256943911314,-0.03340515217345656,0.007214165135963367,-0.03340515217345652,0.007214165135963249,0.0277099609375,0.0,-0.387939453125,0.009813295266587752,-0.001600395901446408,6.328320348913464e-05,6213.808418691232,False,True,True,Omega_safe_one_step_QP,False,0.3602294921875,0.0,3.4175259623603975,False,False,False,0.09874693227171065,2.4365682238158065e-05,0.00013404698089403868,0.007651985901712275,0.8273119369996658,0.00011474745605698622,0.009395573231776375,0.0,0.0,0.0,0.0,8.055712123903499e-07,0.0,0.0,-0.738095430511838,0.0,0.0,0.0,0.0,0.0,0.0,0.0,False,-2.27754363922395,0.03663951324074164,0.3307737951775064,0.09675022502875895
611,7.058834051375925,-3672.8053662044795,10.098104852862644,3.504322590113193,32.374749952932895,25.761268889513804,0.1,0.0,0.0,25.385173973957848,50.15449895269607,194.10574369680637,210.2566439005959,0.0,0.0,0.0,0.0,-5.204170427930421e-17,1.1796119636642288e-16,0.26014284641297625,-0.05033574002966734,nan,nan,-0.0011364333373953268,-4.604773687277288e-06,6221.908834805587,True,True,True,Z_mode_existing_controller,False,0.05060201485354432,0.0,0.0,False,False,False,0.0582448516999375,4.42800710555783e-06,2.4360532082611963e-05,0.0033987956454575416,0.36746855587910854,0.0001593451948889841,0.013047256114920882,0.0,0.0,0.0,0.0,1.9608374246292544e-34,0.0,0.0,-0.3222953208261745,0.0,0.0,0.0,0.0,0.0,0.0,0.0,False,0.1,-0.09240806102752686,-0.0008908870513550937,25.315963775920817,50.123723875531994,194.1370367464964,210.76417024319866,-0.9240806102752686,-0.008908870629966259,-0.03133006424193903,-0.0019444837683356003,-0.031330064241938974,-0.0019444837683356142,0.23243288547547625,-0.05033574002966734,-0.32560894130464346,-0.05571570615020803,-0.0011354415039497006,-4.624345370412731e-06,6228.9676688569625,True,True,True,Z_mode_existing_controller,False,0.07831197579104432,0.0,3.1390347919851758,False,False,False,0.022950681443057876,3.713182525322086e-05,0.00020427948709289044,0.0038955608882541466,0.42117746498206493,1.4422668971429172e-05,0.0011809346121924886,0.0,0.0,0.0,0.0,8.818683967574454e-07,0.0,0.0,-0.39961287950668917,0.0,0.0,0.0,0.0,0.0,0.0,0.0,False,7.058834051375925,-0.11345126132174338,0.32843067977148416,0.09640692822727687
612,-2.1559237883902824,-3674.9612899928698,9.490607886998193,4.836757253681793,43.00203195200253,24.695734296787517,0.1,0.0,0.0,25.36743810043409,50.15443202448515,197.6006476773222,210.99409325050163,0.0,0.0,0.0,0.0,-1.1102230246251565e-16,1.249000902703301e-16,0.26014284641297625,-0.05033574002966734,nan,nan,0.0005136306266544739,-5.486499936405934e-06,6240.418222396484,True,True,True,Z_mode_existing_controller,False,0.05060201485354432,0.0,0.0,False,False,False,-0.0343020862545518,2.9454794405402588e-06,1.620445602264127e-05,0.001221435383302539,0.13205827687866395,5.438315436764061e-05,0.0044529171015557124,0.0,0.0,0.0,0.0,3.526859210659126e-35,0.0,0.0,-0.1708294846907941,0.0,0.0,0.0,0.0,0.0,0.0,0.0,False,0.1,-0.0946456789970398,-0.0003774036595132202,25.29860136884228,50.12369980892358,197.24526936643042,211.4739045300693,-0.946456789970398,-0.003774036420509219,-0.0321130867963188,-0.001692985014289633,-0.03211308679631883,-0.001692985014289744,0.23243288547547625,-0.05033574002966734,-0.32560894130464346,-0.05256095548398139,0.0005112434365840265,-5.519489544662199e-06,6238.262298608094,True,True,True,Z_mode_existing_controller,False,0.07831197579104432,0.0,3.2157682470080418,False,False,False,-0.023522467312600385,2.9511760813398344e-05,0.00016235795900300227,0.0009661110019621957,0.10445329809235263,5.037227579597585e-05,0.004124504562935912,0.0,0.0,0.0,0.0,6.763759439541793e-09,0.0,0.0,-0.1322626346906514,0.0,0.0,0.0,0.0,0.0,0.0,0.0,False,-2.1559237883902824,0.034547745224074916,0.32468573107780313,0.09630576622928112
613,-7.343793513005949,-3682.3050835058757,9.701763689045988,4.923662631299121,41.065018503125046,27.5928316359978,0.1,0.0,0.0,25.377343943916408,50.15489038101777,195.6401502620301,210.5965555546201,0.0,0.0,0.0,0.0,3.8163916471489756e-17,-9.71445146547012e-17,0.26014284641297625,-0.05033574002966734,nan,nan,0.00029423567730815716,7.776456602316011e-05,6215.5003954815675,True,True,True,Z_mode_existing_controller,False,0.05060201485354432,0.0,0.0,False,False,False,0.09028704832003313,2.774598706563445e-06,1.5264361415042836e-05,0.00038435501153670455,0.04155542014509012,1.5803621964680284e-05,0.0012940076634267398,0.0,0.0,0.0,0.0,7.1560334496138236e-34,0.0,0.0,0.047422356150101236,0.0,0.0,0.0,0.0,0.0,0.0,0.0,False,0.1,-0.09384258836507797,-0.0006270356825552881,25.308515462549455,50.1241396750121,195.06713451534927,211.02171983760132,-0.9384258389472961,-0.006270356476306915,-0.031865461490776306,-0.0018197118019456643,-0.03186546149077634,-0.0018197118019457822,0.23243288547547625,-0.05033574002966734,-0.32560894130464346,-0.054064453653679935,0.00029310768386617194,7.777449823428623e-05,6208.1566019685615,True,True,True,Z_mode_existing_controller,False,0.07831197579104432,0.0,3.1917377509160856,False,False,False,0.12700601588506288,2.610834824739321e-05,0.0001436341993007043,0.00047442714294943216,0.05129377440578961,2.0447099610234943e-05,0.0016742176982989605,0.0,0.0,0.0,0.0,7.737797065462936e-10,0.0,0.0,0.07389438880789391,0.0,0.0,0.0,0.0,0.0,0.0,0.0,False,-7.343793513005949,0.11815289269942944,0.3200958065427685,0.09634129360485583
614,-12.37235421513742,-3694.677437721013,10.080679114305667,6.3980751877935,41.316927548569126,26.45063144193754,0.1,0.0,0.0,25.382336080173534,50.15670836670156,194.6323330168214,210.480672235085,0.0,0.0,0.0,0.0,4.85722573273506e-17,-4.163336342344337e-17,0.26014284641297625,-0.05033574002966734,nan,nan,0.0007318117050828161,4.978564053863808e-05,6229.633491972689,True,True,True,Z_mode_existing_controller,False,0.05060201485354432,0.0,0.0,False,False,False,0.019621565864426885,2.73198015893482e-06,1.5029896909437521e-05,0.00010156955997400222,0.010981425015889308,1.3428943746474273e-06,0.0001099567944519347,0.0,0.0,0.0,0.0,3.1898214703913593e-35,0.0,0.0,0.008515154157176203,0.0,0.0,0.0,0.0,0.0,0.0,0.0,False,0.1,-0.09394978731870651,-0.000752248044591397,25.313358524624192,50.12590687045045,193.8506774507111,210.86301600823657,-0.9394978284835815,-0.007522480096668005,-0.0319258927326954,-0.00189126452952125,-0.03192589273269528,-0.0018912645295213262,0.23243288547547625,-0.05033574002966734,-0.32560894130464346,-0.05480393399770171,0.0007321068163037387,4.9769825231907213e-05,6217.261137757551,True,True,True,Z_mode_existing_controller,False,0.07831197579104432,0.0,3.198186217686822,False,False,False,0.08148333694011399,1.9498860825031315e-05,0.00010727232666504975,0.00014797677901081313,0.015998847521009267,2.518690545503689e-06,0.00020623151293838133,0.0,0.0,0.0,0.0,8.771727823364974e-11,0.0,0.0,0.06517098549178402,0.0,0.0,0.0,0.0,0.0,0.0,0.0,False,-12.37235421513742,0.19860484940374182,0.3168933542973412,0.09650769954342688
615,-16.707320406033432,-3711.3847581270466,9.636129223498168,4.169582701671308,41.916751268691556,25.439121802970714,0.1,0.0,0.0,25.393052971104844,50.157805823417824,192.5044297723688,210.08412916709463,0.0,0.0,0.0,0.0,-3.469446951953614e-17,-6.938893903907228e-17,0.26014284641297625,-0.05033574002966734,nan,nan,-1.8220775738586328e-05,1.548141727434325e-05,6133.565577165517,True,True,True,Z_mode_existing_controller,False,0.05060201485354432,0.0,0.0,False,False,False,0.49996113990028335,2.7059656633097105e-06,1.4886779037180039e-05,0.00045279722177518877,0.04895520606370614,1.5724640477121107e-05,0.0012875406237570469,0.0,0.0,0.0,0.0,7.703719777548944e-35,0.0,0.0,0.44970350643378304,0.0,0.0,0.0,0.0,0.0,0.0,0.0,False,0.1,-0.09442254900932312,-0.0005297164316289127,25.32377940031355,50.126921047306524,191.5348380825578,210.44754573090586,-0.9442254900932312,-0.005297164432704449,-0.03211031169370923,-0.0017744871619327918,-0.03211031169370935,-0.0017744871619327918,0.23243288547547625,-0.05033574002966734,-0.32560894130464346,-0.053466389734458275,-1.8996457416077528e-05,1.5488203018220817e-05,6116.858256759484,True,True,True,Z_mode_existing_controller,False,0.07831197579104432,0.0,3.21593053680428,False,False,False,0.5834977419304505,2.1156839446971e-05,0.00011639364026035806,0.0005363111979088635,0.057984510384070036,1.7261555134525892e-05,0.0014133838860901642,0.0,0.0,0.0,0.0,4.764730676241772e-10,0.0,0.0,0.5239834535435568,0.0,0.0,0.0,0.0,0.0,0.0,0.0,False,-16.707320406033432,0.2723916488026582,0.3144128436480151,0.09678903820428789
616,-18.92756640296375,-3730.3123245300103,7.134252109104187,5.266163120827592,41.20449642594071,29.130808199782557,0.1,0.0,0.0,25.390756240219268,50.157884183972115,192.95399202796037,210.1795006786486,0.0,0.0,0.0,0.0,1.1102230246251565e-16,6.938893903907228e-18,0.26014284641297625,-0.05033574002966734,nan,nan,0.003108845783390258,8.82522656998311e-05,5888.038202930672,True,True,True,Z_mode_existing_controller,False,0.05060201485354432,0.0,0.0,False,False,False,1.7275980110745104,1.2270773187751694e-05,6.750724576378525e-05,2.0210622165257005e-05,0.0021851175872874555,9.095725216087836e-07,7.447620653256756e-05,0.0,0.0,0.0,0.0,2.7059315718640664e-34,20.0,0.6179037773544728,-18.89263286731955,20.617903777354474,20.617903777354474,0.0,0.0,0.0,0.0,0.0,False,0.1,-0.09423797577619553,-0.0005368240526877344,25.321019674648454,50.12688730964934,191.85395347656168,210.5180129464301,-0.9423797726631165,-0.0053682406432926655,-0.03207107139588142,-0.0017755626529332921,-0.03207107139588143,-0.0017755626529333615,0.23243288547547625,-0.05033574002966734,-0.32560894130464346,-0.053514610039914756,0.0031006499666204595,8.854540267698885e-05,5869.110636527708,True,True,True,Z_mode_existing_controller,False,0.07831197579104432,0.0,3.2120184358347283,False,False,False,1.822235843089329,2.7348605055563487e-06,1.5045743039448181e-05,1.0183463469025626e-05,0.0011010084174409805,4.965628463740576e-07,4.065878885340856e-05,0.0,0.0,0.0,0.0,1.540957654516012e-11,20.0,0.0,-18.178920869875416,20.0,20.0,0.0,0.0,0.0,0.0,0.0,False,-18.92756640296375,0.3214579415184988,0.3105201491587141,0.09713349710745221
617,-9.554403941663622,-3739.866728471674,13.561985354528138,6.031187249737338,40.48389867964204,21.543274446161536,0.1,0.0,0.0,25.43573713265094,50.1594877089633,184.06541301338885,208.36808067778185,0.0,0.0,0.0,0.0,-1.249000902703301e-16,1.249000902703301e-16,0.055419921875,0.0,nan,nan,-0.0029418359518100417,-5.635421558816819e-05,6318.527626255691,False,True,True,Omega_safe_one_step_QP,False,0.33251953125,0.0,0.0,False,False,False,-0.42484910555058375,2.7737848480210883e-06,1.5259883999659536e-05,0.00790068368982812,0.8542004665208207,0.00032812424195400843,0.026866960282491577,0.0,0.0,0.0,0.0,6.95742192409889e-34,0.0,0.0,-1.3059317922378957,0.0,0.0,0.0,0.0,0.0,0.0,0.0,False,0.1,-0.08916469663381577,-0.006772708147764206,25.365322566388613,50.12836462224546,183.40918496189582,209.2475682838205,-0.8916469216346741,-0.06772708147764206,-0.026765686893069934,0.0037903563111823663,-0.026765686893069976,0.0037903563111824218,0.0277099609375,0.0,-0.387939453125,-0.03157160041485404,-0.002928032412244922,-5.665186149528139e-05,6308.973222314027,False,True,True,Omega_safe_one_step_QP,False,0.3602294921875,0.0,2.7032735633368348,False,False,False,-0.3770770858422657,2.690162424604137e-05,0.00014799838051242348,0.007131411526629195,0.771028849166741,0.0001614029640753235,0.013215747179984173,0.0,0.0,0.0,0.0,5.912655863777567e-07,0.0,0.0,-1.1614702718350896,0.0,0.0,0.0,0.0,0.0,0.0,0.0,False,-9.554403941663622,0.15121250561541796,0.2961392684583203,0.09722232604964862
618,-15.586059457122246,-3755.452787928796,8.635141094205231,5.266710094835364,40.023014620467116,26.218965911759696,0.1,0.0,0.0,25.382601631569752,50.15681518115268,194.5695765672772,210.45279892334324,0.0,0.0,0.0,0.0,8.239936510889834e-18,2.7755575615628914e-17,0.26014284641297625,-0.05033574002966734,nan,nan,0.0015449048960448437,1.7877348877023535e-05,6080.020468403785,True,True,True,Z_mode_existing_controller,False,0.05060201485354432,0.0,0.0,False,False,False,0.7676866837089438,3.6652516552353696e-06,2.0164258640447596e-05,0.011033745196683657,1.1929385689258099,0.0004346050163376561,0.035585653906522546,0.0,0.0,0.0,0.0,2.716332345880142e-34,20.0,0.0,-20.46085770338203,20.0,20.0,0.0,0.0,0.0,0.0,0.0,False,0.1,-0.09414935857057571,-0.001532121328637004,25.312201180800148,50.12560982542927,193.633909447651,210.76022601702766,-0.941493570804596,-0.015321212820708752,-0.03203857396125703,-0.002329592205336427,-0.0320385739612571,-0.002329592205336302,0.23243288547547625,-0.05033574002966734,-0.32560894130464346,-0.05941692547864166,0.001540759336977208,1.796884233752763e-05,6064.434408946663,True,True,True,Z_mode_existing_controller,False,0.07831197579104432,0.0,3.212315708821439,False,False,False,0.845616980994555,1.3652267491111278e-05,7.510749018450805e-05,0.010454499080960172,1.1303120518158534,0.00022881334178314337,0.01873533917879055,0.0,0.0,0.0,0.0,6.525710787869476e-07,0.0,0.0,-0.3035061700613523,0.0,0.0,0.0,0.0,0.0,0.0,0.0,False,-15.586059457122246,0.2563487991219563,0.28509908516474664,0.09747344036231302
619,-18.15807399665573,-3773.610861925452,10.020220637288324,5.842488572003993,36.71342538028153,25.15049561800418,0.1,0.0,0.0,25.405462856797527,50.157265060072596,190.0551909148935,209.50931301084424,0.0,0.0,0.0,0.0,1.1102230246251565e-16,0.0,0.055419921875,0.0,nan,nan,0.0003625883194766813,-7.479552599200679e-06,6114.107254852769,False,True,True,Omega_safe_one_step_QP,False,0.33251953125,0.0,0.0,False,False,False,0.5972527514640251,3.7440866105325366e-06,2.059796649410877e-05,0.0020379677818447885,0.22033954254458862,8.901656670840702e-05,0.007288716456901569,0.0,0.0,0.0,0.0,1.1334586728368825e-34,20.0,0.0,-19.63039610550396,20.0,20.0,0.0,0.0,0.0,0.0,0.0,False,0.1,-0.09316413849592209,-0.0005169561482034624,25.334581185318143,50.12595699971715,189.0249419687285,209.85222467874252,-0.9316413998603821,-0.0051695615984499454,-0.03172605551789773,-0.0017476566678298333,-0.03172605551789766,-0.0017476566678299027,0.23243288547547625,-0.05033574002966734,-0.32560894130464346,-0.05343224430659254,0.00036372652823540765,-7.508166633793354e-06,6095.949180856113,True,True,True,Z_mode_existing_controller,False,0.07831197579104432,0.0,3.1774154631607905,False,False,False,0.6880431214473037,1.3203026272827483e-05,7.263600473971326e-05,0.0021242581221765176,0.22966901982292867,8.244664303276164e-05,0.006750768155973207,0.0,0.0,0.0,0.0,4.363167472526718e-09,0.0,0.0,0.45155069310049467,0.0,0.0,0.0,0.0,0.0,0.0,0.0,False,-18.15807399665573,0.2969865139713351,0.27500715888257693,0.09778955146738658
620,-19.72357346174158,-3793.3344353871935,7.5336121850936095,5.276003660817439,45.67207397986634,27.74598439595248,0.1,0.0,0.0,25.406854338817606,50.156505928906334,189.7875247482841,209.40334959078868,0.0,0.0,0.0,0.0,6.245004513516506e-17,-1.1102230246251565e-16,0.055419921875,0.0,nan,nan,0.00279929874429489,6.610227864838297e-05,5854.972798372791,False,True,True,Omega_safe_one_step_QP,False,0.33251953125,0.0,0.0,False,False,False,1.8929250338639168,1.582734334563538e-05,8.707359680383652e-05,7.164517674736454e-06,0.0007746081960015392,1.1228246389870897e-06,9.193738566898519e-05,0.0,0.0,0.0,0.0,1.4685215825952675e-34,20.0,9.679289403010534,-27.787317988325093,29.679289403010536,29.679289403010536,0.0,0.0,0.0,0.0,0.0,False,0.1,-0.09265515208244324,-0.0010605192510411143,25.335496077359444,50.12507692048917,188.6548581462768,209.6944871010196,-0.9265515208244324,-0.010605192743241787,-0.031574445247378305,-0.0020430156685726786,-0.03157444524737835,-0.0020430156685726786,0.23243288547547625,-0.05033574002966734,-0.32560894130464346,-0.05672301679609993,0.0027923494341436563,6.634883245257672e-05,5835.249224911049,True,True,True,Z_mode_existing_controller,False,0.07831197579104432,0.0,3.1640472589734214,False,False,False,1.9915429011726247,1.3558112565448535e-06,7.458950002941903e-06,1.3696203564046454e-05,0.0014807963377948025,2.4881143425891767e-06,0.00020372791971283493,0.0,0.0,0.0,0.0,1.1022261344670997e-09,20.0,5.712683705220241,-23.72283278835735,25.71268370522024,25.71268370522024,0.0,0.0,0.0,0.0,0.0,False,-19.72357346174158,0.336868746294144,0.2658948296064864,0.09815174739962887
621,-6.712924492764614,-3800.047359879958,9.15946003983078,4.282701673827979,41.321712272247275,27.172474429451974,0.1,0.0,0.0,25.44457739038208,50.15717896378002,182.34069031009273,207.84637148067074,0.0,0.0,0.0,0.0,5.551115123125783e-17,2.7755575615628914e-17,0.055419921875,0.0,nan,nan,0.000549102531039636,5.980101830176609e-05,5842.958642149756,False,True,True,Omega_safe_one_step_QP,False,0.33251953125,0.0,0.0,False,False,False,1.95299581497909,1.4688482875110647e-05,8.08081942494878e-05,0.0055455343149833245,0.5995681114363192,0.00024241808353864282,0.01984930154323478,0.0,0.0,0.0,0.0,1.930744769248204e-34,20.0,6.4740806693474555,-25.140583075542168,26.474080669347455,26.474080669347455,0.0,0.0,0.0,0.0,0.0,False,0.1,-0.089377261698246,-0.008454296737909317,25.372540293161865,50.125619920925374,181.77148908595797,208.68764626758335,-0.8937726020812988,-0.08454296737909317,-0.025228365953476842,0.003589657095272994,-0.02522836595347698,0.0035896570952729107,0.0277099609375,0.0,-0.387939453125,-0.039316750352975674,0.0005479631619807772,5.979326005855907e-05,5836.2457176569915,False,True,True,Omega_safe_one_step_QP,False,0.3602294921875,0.0,2.548246626102362,False,False,False,1.986560437442913,1.739457501473254e-06,9.56956690918432e-06,0.00473807696205547,0.5122680150592618,0.00010137284638746172,0.008300454185877569,0.0,0.0,0.0,0.0,7.199972486905157e-07,20.0,2.0020053452395095,-20.536023666605896,22.00200534523951,22.00200534523951,0.0,0.0,0.0,0.0,0.0,False,-6.712924492764614,0.11488913243949948,0.2449904139827145,0.09817701367515842
622,-2.6160904087000745,-3802.663450288658,9.218627039888432,4.959389814744545,38.842122662016045,28.324051406590556,0.1,0.0,0.0,25.442386510647413,50.15656825829394,182.77749764232027,207.89941063809903,0.0,0.0,0.0,0.0,1.249000902703301e-16,-1.5265566588595902e-16,0.055419921875,0.0,nan,nan,0.0007717281234313703,8.63129420237039e-05,5859.3654779120625,False,True,True,Omega_safe_one_step_QP,False,0.33251953125,0.0,0.0,False,False,False,1.870961636167558,1.5400810901807262e-05,8.47270429175277e-05,1.908006454877448e-05,0.002062884767782053,2.813152220702649e-07,2.3034216713806487e-05,0.0,0.0,0.0,0.0,3.7363040921112375e-34,20.0,8.664172197237082,-26.795381207096938,28.664172197237082,28.664172197237082,0.0,0.0,0.0,0.0,0.0,False,0.1,-0.09043611586093903,-0.023428332060575485,25.370216763233266,50.12494869069299,182.39754402554072,208.1662063946533,-0.9043611288070679,-0.23428331315517426,-0.026179437922299972,-0.0026421444272265587,-0.02617943792230007,-0.0026421444272265032,0.0277099609375,0.0,-0.387939453125,-0.10767791607076183,0.0007707591454019433,8.630932744267691e-05,5856.749387503362,False,True,True,Omega_safe_one_step_QP,False,0.3602294921875,0.0,2.6312428567159665,False,False,False,1.8840420882110585,1.479941696084163e-06,8.14184943890501e-06,3.9194478737597096e-05,0.004237600609906734,2.7189954108130203e-05,0.0022263256526114735,0.0,0.0,0.0,0.0,3.9739888105707045e-07,20.0,2.113353715844945,-20.235784093144723,22.113353715844944,22.113353715844944,0.0,0.0,0.0,0.0,0.0,False,-2.6160904087000745,0.044648015532772284,0.18617816026417205,0.09809610342027314
623,1.6520650944958106,-3801.0113851941624,9.758902329295431,6.004175642895475,42.09364256526327,25.679484129142352,0.1,0.0,0.0,25.443898134439458,50.15655731454151,182.47734645140486,207.8295328983738,0.0,0.0,0.0,0.0,1.1102230246251565e-16,-1.249000902703301e-16,0.055419921875,0.0,nan,nan,0.0008479432836466924,2.5452110475359573e-05,5904.317453328948,False,True,True,Omega_safe_one_step_QP,False,0.33251953125,0.0,0.0,False,False,False,1.6462017590831284,1.63825292016314e-05,9.012793310782029e-05,9.00907374079417e-06,0.0009740365890378118,4.88289850910679e-07,3.998139226969933e-05,0.0,0.0,0.0,0.0,9.62964972193618e-36,20.0,12.788118850915065,-31.143021237746357,32.78811885091507,32.78811885091507,0.0,0.0,0.0,0.0,0.0,False,0.1,-0.09338116645812988,-0.01189885288476944,25.371752160930136,50.12492397778978,182.26488919594024,208.64487268351866,-0.9338116645812988,-0.1189885288476944,-0.026983147599330903,0.0024055255004413745,-0.02698314759933096,0.002405525500441291,0.0277099609375,0.0,-0.387939453125,-0.05296304830147816,0.000848784462217753,2.5384499669142176e-05,5905.969518423444,False,True,True,Omega_safe_one_step_QP,False,0.3602294921875,0.0,2.7090160710127704,False,False,False,1.6379414336106493,1.0937729779876336e-06,6.017355231412872e-06,1.759730381633319e-06,0.00019025727037741267,2.291214160961317e-05,0.0018760564441885473,0.0,0.0,0.0,0.0,2.6124920943634895e-07,20.0,3.1532730989825293,-21.517404257690888,23.15327309898253,23.15327309898253,0.0,0.0,0.0,0.0,0.0,False,1.6520650944958106,-0.027980627863502663,0.12493490863942043,0.09790436571379946
624,7.454035209034373,-3793.557349985128,7.95064651204555,6.483593739704409,41.05077681312638,25.825999921216432,0.1,0.0,0.0,25.44630481213168,50.15528273292183,182.01561499708987,207.6524906367873,0.0,0.0,0.0,0.0,1.3877787807814457e-16,-4.163336342344337e-17,0.055419921875,0.0,nan,nan,0.002831623336138417,3.21698407621104e-06,5716.341921483194,False,True,True,Omega_safe_one_step_QP,False,0.33251953125,0.0,0.0,False,False,False,2.5860794183119014,3.651707495620489e-05,0.0002008974590210619,2.1319593590383193e-05,0.00230501656639994,3.134396238766527e-06,0.000256645771598719,0.0,0.0,0.0,0.0,7.703719777548944e-35,20.0,140.93789261419528,-158.3545757556804,160.93789261419528,160.93789261419528,0.0,0.0,0.0,0.0,0.0,False,0.1,-0.09257104247808456,-0.015615710988640785,25.374345389193454,50.123645448467634,182.06047170006042,208.35653797736038,-0.9257103800773621,-0.15615710616111755,-0.026516640056922322,0.0009268740875433279,-0.02651664005692246,0.0009268740875432585,0.0277099609375,0.0,-0.387939453125,-0.07011545888266837,0.002825101735995484,3.0497230382975327e-06,5723.795956692228,False,True,True,Omega_safe_one_step_QP,False,0.3602294921875,0.0,2.653283429041361,False,False,False,2.5488092422667297,1.221367185847707e-06,6.719310472232027e-06,4.178651262177774e-06,0.00045178442748892327,8.313690277538228e-06,0.0006807286933675072,0.0,0.0,0.0,0.0,2.404039287989365e-08,20.0,95.91017151581306,-113.36250153001805,115.91017151581306,115.91017151581306,0.0,0.0,0.0,0.0,0.0,False,7.454035209034373,-0.13039869397980847,0.08043324735019118,0.09756871015825096
625,21.607903998092297,-3771.9494459870357,9.96477151118087,5.279794785957801,39.80110098726207,26.308845433014667,0.1,0.0,0.0,25.478088627711767,50.15349516241217,175.76858154212346,206.21030202712083,0.0,0.0,0.0,0.0,-8.326672684688674e-17,6.938893903907228e-17,0.055419921875,0.0,nan,nan,0.00018340993899130728,3.8546406343378846e-05,5763.546822060753,False,True,True,Omega_safe_one_step_QP,False,0.33251953125,0.0,0.0,False,False,False,2.3500549154241073,2.6740788618178682e-05,0.00014711354871808007,0.0039025426987469598,0.42193231937369174,0.0002079907985851675,0.017030379990926284,0.0,0.0,0.0,0.0,6.162975822039155e-34,20.0,71.55646658897138,-89.64552148646061,91.55646658897138,91.55646658897138,0.0,0.0,0.0,0.0,0.0,False,0.1,-0.09774681180715561,-0.06204503774642944,25.406413056168866,50.12189610881823,176.443703809491,205.19756514018542,-0.9774681329727173,-0.6204503774642944,-0.022074836800949987,-0.016580188495238207,-0.022074836800949987,-0.01658018849523811,0.0277099609375,0.0,-0.387939453125,-0.263834524195716,0.0001862150282200997,3.862215241000409e-05,5785.154726058845,False,True,True,Omega_safe_one_step_QP,False,0.3602294921875,0.0,2.7607989248154374,False,False,False,2.2420153954336457,1.4154323456416287e-07,7.786953418275015e-07,0.0031548081536531495,0.34108929080450706,0.00099791093860092,0.08170939578616307,0.0,0.0,0.0,0.0,3.262268564421911e-06,20.0,39.42580678062985,-57.60659411275078,59.42580678062985,59.42580678062985,0.0,0.0,0.0,0.0,0.0,False,21.607903998092297,-0.37490636695073126,0.03961601549082492,0.09686936860175198
626,19.590910325759978,-3752.3585356612757,10.176327101578966,6.048351467497019,40.14212020958273,22.18292171918889,0.1,0.0,0.0,25.46498786882959,50.15144901065108,178.373028725401,206.64378988649577,0.0,0.0,0.0,0.0,-5.551115123125783e-17,1.5265566588595902e-16,0.055419921875,0.0,nan,nan,0.00040678702947001284,-8.123277338247187e-05,5846.718768531656,False,True,True,Omega_safe_one_step_QP,False,0.33251953125,0.0,0.0,False,False,False,1.9341951830695916,2.1445106419381837e-05,0.00011797953130849063,0.00067831451304824,0.07333752321202663,1.879117242254636e-05,0.0015386296365410518,0.0,0.0,0.0,0.0,7.703719777548944e-35,20.0,42.0422391775754,-60.183038126885684,62.0422391775754,62.0422391775754,0.0,0.0,0.0,0.0,0.0,False,0.1,-0.09374687075614929,-0.039676275104284286,25.39424526604754,50.120042412062745,178.94099979429902,206.49536966287587,-0.9374687075614929,-0.39676275849342346,-0.023661372077227905,-0.008079169871015812,-0.023661372077227905,-0.008079169871015826,0.0277099609375,0.0,-0.387939453125,-0.17591435710078432,0.00041008002257364624,-8.118732904170397e-05,5866.309678857416,False,True,True,Omega_safe_one_step_QP,False,0.3602294921875,0.0,2.5002670145041597,False,False,False,1.8362406314407917,2.230282607550017e-07,1.2269824713316302e-06,0.0006236487235738186,0.06742720649704426,0.00016842965791158008,0.013791096026785913,0.0,0.0,0.0,0.0,7.478441183224838e-07,20.0,17.533184747756138,-35.77816439366577,37.53318474775614,37.53318474775614,0.0,0.0,0.0,0.0,0.0,False,19.590910325759978,-0.33507529780981815,0.01659070212377447,0.09622176491795917
627,21.480310891732188,-3730.8782247695435,9.934853167728539,4.055446343469216,45.79371694982668,26.393116421507777,0.1,0.0,0.0,25.45739792719141,50.14741699175626,179.91445272296454,206.73605271478957,0.0,0.0,0.0,0.0,-1.1102230246251565e-16,5.551115123125783e-17,0.055419921875,0.0,nan,nan,-0.00030609349163233024,6.326193902527421e-05,5860.188156194777,False,True,True,Omega_safe_one_step_QP,False,0.33251953125,0.0,0.0,False,False,False,1.8668482447539874,1.2448605531345437e-05,6.848558441775985e-05,0.00023759879402647236,0.02568853641913266,8.512429484770822e-07,6.970015489038573e-05,0.0,0.0,0.0,0.0,1.2518544638517033e-34,20.0,4.223894374978324,-22.38287285238278,24.223894374978325,24.223894374978325,0.0,0.0,0.0,0.0,0.0,False,0.1,-0.08794193714857101,-0.023320689797401428,25.38750509447063,50.11616000954557,180.55148076156576,207.22049447021107,-0.8794193863868713,-0.23320689797401428,-0.02360780515116548,-0.0018957886932903928,-0.023607805151165423,-0.0018957886932903095,0.0277099609375,0.0,-0.387939453125,-0.11022307859158562,-0.0003045727995381058,6.321662584728394e-05,5881.668467086509,False,True,True,Omega_safe_one_step_QP,False,0.3602294921875,0.0,2.368380203482966,False,False,False,1.7594466902953263,1.7701688506531694e-06,9.738524363217895e-06,0.00025936489459284093,0.02804182810730245,5.258059862128988e-05,0.004305323027567818,0.0,0.0,0.0,0.0,3.823707220461798e-07,20.0,0.0,-18.272910581734628,20.0,20.0,0.0,0.0,0.0,0.0,0.0,False,21.480310891732188,-0.3665464370632103,0.02334697514461619,0.09552739335983679
628,15.059672765170944,-3715.8185520043726,12.509407786420468,3.1992760864914636,39.974755887817025,24.55500451003919,0.1,0.0,0.0,25.44040163789239,50.14652460678974,183.2732820871428,207.3970068846369,0.0,0.0,0.0,0.0,-2.7755575615628914e-17,1.3877787807814457e-16,0.055419921875,0.0,nan,nan,-0.0038823931676120567,1.8276622324561688e-05,6196.725839978379,False,True,True,Omega_safe_one_step_QP,False,0.33251953125,0.0,0.0,False,False,False,0.18415982583597723,2.3804661963294163e-06,1.3096054673098959e-05,0.001128173469766615,0.12197505203654352,4.36860414638591e-05,0.003577032693223855,0.0,0.0,0.0,0.0,1.3866695599588098e-34,0.0,0.0,0.05859464505153677,0.0,0.0,0.0,0.0,0.0,0.0,0.0,False,0.1,-0.08954647183418274,-0.02130487561225891,25.371384573574314,50.11540797642605,183.61569339501432,207.9312909193829,-0.8954647183418274,-0.2130487561225891,-0.0270946693876232,-0.001518343621892182,-0.027094669387623296,-0.0015183436218920848,0.0277099609375,0.0,-0.387939453125,-0.09889121127304415,-0.0038701721380588272,1.8448661834649053e-05,6211.78551274355,False,True,True,Omega_safe_one_step_QP,False,0.3602294921875,0.0,2.713717886182618,False,False,False,0.10886146201012252,3.2917596026302616e-05,0.0001810950468156904,0.0009389399062985775,0.10151563301133867,5.052315921552727e-05,0.004136858965086249,0.0,0.0,0.0,0.0,1.230068698541176e-07,0.0,0.0,0.003027751980012044,0.0,0.0,0.0,0.0,0.0,0.0,0.0,False,15.059672765170944,-0.2430262876568296,0.025949019181626832,0.09499108057290061
629,4.556224657026178,-3711.2623273473464,10.276544954326937,6.212505328010513,43.0664324835088,26.268017953260816,0.1,0.0,0.0,25.372541516497417,50.14525641178992,196.66370789402563,210.17895209797135,0.0,0.0,0.0,0.0,9.367506770274758e-17,6.245004513516506e-17,0.26014284641297625,-0.05033574002966734,nan,nan,0.0004852818861141049,5.402415065955597e-05,6299.288399234376,True,True,True,Z_mode_existing_controller,False,0.05060201485354432,0.0,0.0,False,False,False,-0.32865297044400904,1.5248446334263672e-06,8.388881437646682e-06,0.017930350328963368,1.938580788343833,0.0007739219169994395,0.06336907411031253,0.0,0.0,0.0,0.0,2.0571339218486163e-34,0.0,0.0,-2.3306112217795922,0.0,0.0,0.0,0.0,0.0,0.0,0.0,False,0.1,-0.09413132071495056,-0.0014114169171079993,25.304318723957113,50.1142356108431,196.5913241597618,210.65115083732118,-0.9413132071495056,-0.014114169403910637,-0.03190398712720251,-0.0022619515790109485,-0.03190398712720256,-0.002261951579010865,0.23243288547547625,-0.05033574002966734,-0.32560894130464346,-0.058703089693828765,0.00048582376328339637,5.401760343760962e-05,6303.844623891402,True,True,True,Z_mode_existing_controller,False,0.07831197579104432,0.0,3.198407134119255,False,False,False,-0.3514340937291399,2.6335996408427736e-05,0.00014488659799795765,0.016836699374306124,1.8203382168962623,0.0007397637973207303,0.0605721919315764,0.0,0.0,0.0,0.0,2.3682489914122192e-07,0.0,0.0,-2.2324896259798757,0.0,0.0,0.0,0.0,0.0,0.0,0.0,False,4.556224657026178,-0.0723291960657008,0.027876696185715005,0.0947220698494498
630,-3.50565991480471,-3714.767987262151,10.482694689295219,5.01515343177621,37.01887371283126,22.687118334079244,0.1,0.0,0.0,25.381275100895635,50.14678546623129,194.92172311991305,209.88967854262495,0.0,0.0,0.0,0.0,1.1774435593192578e-16,-4.163336342344337e-17,0.26014284641297625,-0.05033574002966734,nan,nan,-0.0005714067039196448,-7.426755380707663e-05,6280.228937999542,True,True,True,Z_mode_existing_controller,False,0.05060201485354432,0.0,0.0,False,False,False,-0.2333556642698386,2.3761724839708154e-06,1.3072432959047525e-05,0.00030345109532400584,0.03280830841585798,8.36791898227455e-06,0.0006851689640638915,0.0,0.0,0.0,0.0,1.1412686573037458e-34,0.0,0.0,-0.26686221408271954,0.0,0.0,0.0,0.0,0.0,0.0,0.0,False,0.1,-0.09510030597448349,-0.0006070408853702247,25.31333248565155,50.115792135194894,194.51311953371598,210.3534767193167,-0.9510030746459961,-0.006070408970117569,-0.032258041416380376,-0.001828252738492478,-0.03225804141638042,-0.0018282527384925265,0.23243288547547625,-0.05033574002966734,-0.32560894130464346,-0.05389781273943457,-0.0005694921647259781,-7.433412535774237e-05,6276.723278084737,True,True,True,Z_mode_existing_controller,False,0.07831197579104432,0.0,3.2309808790779257,False,False,False,-0.21582736469581504,3.254199200033071e-05,0.00017902867390640523,0.00043189344677182356,0.04669514667379411,8.86098805297534e-06,0.0007255416809962174,0.0,0.0,0.0,0.0,3.1344912395218736e-09,0.0,0.0,-0.263427084859003,0.0,0.0,0.0,0.0,0.0,0.0,0.0,False,-3.50565991480471,0.055820575163958545,0.028877996464834084,0.09465981463702208
631,-8.921598340823039,-3723.689585602974,9.159035076714654,5.156659556708473,39.393502331641976,26.40263332386957,0.1,0.0,0.0,25.372713121808154,50.14547448933125,196.62276030049279,210.17249117469697,0.0,0.0,0.0,0.0,2.7755575615628914e-17,-7.632783294297951e-17,0.26014284641297625,-0.05033574002966734,nan,nan,0.0009359585765863574,2.827005579662898e-05,6183.483141254609,True,True,True,Z_mode_existing_controller,False,0.05060201485354432,0.0,0.0,False,False,False,0.25037331945482494,1.1685192258139107e-06,6.4285691985136535e-06,0.00028935274897146443,0.031284033491775436,7.998298485950546e-06,0.000654904271838793,0.0,0.0,0.0,0.0,9.301686798056761e-35,0.0,0.0,0.2184279531220122,0.0,0.0,0.0,0.0,0.0,0.0,0.0,False,0.1,-0.0945320650935173,-0.0005122545990161598,25.304797965282738,50.11445389128212,195.98024106668535,210.5983696544211,-0.9453206658363342,-0.0051225461065769196,-0.0320908055128243,-0.001766458013105765,-0.03209080551282431,-0.0017664580131057858,0.23243288547547625,-0.05033574002966734,-0.32560894130464346,-0.05335968213786845,0.0009330650009336337,2.8287561162177106e-05,6174.561542913786,True,True,True,Z_mode_existing_controller,False,0.07831197579104432,0.0,3.213938662099788,False,False,False,0.2949813111589401,2.1993789915049513e-05,0.00012099809509594152,0.0002152445592502401,0.023271657257249778,5.997254966405624e-06,0.0004910579298465237,0.0,0.0,0.0,0.0,3.1786435523850087e-10,0.0,0.0,0.2710975975588835,0.0,0.0,0.0,0.0,0.0,0.0,0.0,False,-8.921598340823039,0.1442811136865633,0.04211295516481468,0.09473787876215206
632,-13.550255276666576,-3737.2398408796407,9.475384066112841,7.575592310907508,35.7619238751982,27.866417026774297,0.1,0.0,0.0,25.38817242141752,50.146481848972066,193.56102393555864,209.57134649861783,0.0,0.0,0.0,0.0,-5.377642775528102e-17,9.71445146547012e-17,0.26014284641297625,-0.05033574002966734,nan,nan,0.0017956792871257597,6.365587655554963e-05,6142.73669583976,True,True,True,Z_mode_existing_controller,False,0.05060201485354432,0.0,0.0,False,False,False,0.4541055465290719,3.848762863242077e-06,2.117383937588842e-05,0.0009374229568360174,0.10135162455466858,3.613749215782994e-05,0.0029589540862066353,0.0,0.0,0.0,0.0,3.674012295472463e-34,20.0,0.0,-19.650226205951178,20.0,20.0,0.0,0.0,0.0,0.0,0.0,False,0.1,-0.09453452378511429,-0.0007025128579698503,25.320023170818228,50.11539943441007,192.72459661945388,209.95292080417028,-0.9453452229499817,-0.0070251282304525375,-0.03211639892810437,-0.0018726685884906738,-0.0321163989281045,-0.0018726685884908126,0.23243288547547625,-0.05033574002966734,-0.32560894130464346,-0.05448270711535492,0.0017945949085232849,6.368815076620812e-05,6129.186440563093,True,True,True,Z_mode_existing_controller,False,0.07831197579104432,0.0,3.217094912730218,False,False,False,0.5218568229124049,8.987680562132947e-06,4.9445422164589194e-05,0.001059922076678914,0.11459589675011304,4.16604218290118e-05,0.00341117404787419,0.0,0.0,0.0,0.0,1.1935709229322694e-10,20.0,0.0,-19.596199693427103,20.0,20.0,0.0,0.0,0.0,0.0,0.0,False,-13.550255276666576,0.22058987626547047,0.05158487006890027,0.09493425729001925
633,-15.825312709175705,-3753.0651535888164,9.623349321065879,3.304879938589915,37.928628811470766,22.872596944367622,0.1,0.0,0.0,25.41399232155537,50.147719160806616,188.45411886491186,208.5466081267142,0.0,0.0,0.0,0.0,1.3877787807814457e-16,-1.5265566588595902e-16,0.055419921875,0.0,nan,nan,-0.0005625837233082468,-7.578475783609029e-05,6036.813948679992,False,True,True,Omega_safe_one_step_QP,False,0.33251953125,0.0,0.0,False,False,False,0.9837192823279111,1.5009126152684294e-06,8.257220245096575e-06,0.002608047940059774,0.28197506121855515,0.00010500887308516891,0.008598173684722371,0.0,0.0,0.0,0.0,9.947729089313883e-34,0.0,0.0,0.6931377902043884,0.0,0.0,0.0,0.0,0.0,0.0,0.0,False,0.1,-0.0915144830942154,-0.0006711079040542245,25.34548008114324,50.11654568339395,187.5016529430057,209.71647026293334,-0.9151448011398315,-0.006711078807711601,-0.031664571631370916,0.006301225578828756,-0.031664571631371013,0.00630122557882877,0.0277099609375,0.0,-0.387939453125,-0.0030481034002636785,-0.0005625637744601495,-7.591958983389291e-05,6020.988635970816,False,True,True,Omega_safe_one_step_QP,False,0.3602294921875,0.0,3.2285454006309244,False,False,False,1.0628458458737895,1.5634186958707074e-05,8.601095344113224e-05,0.002727914064735005,0.2949346611262756,5.590885845123902e-06,0.00045778424370712125,0.0,0.0,0.0,0.0,6.701669376461457e-07,0.0,0.0,0.767366719383428,0.0,0.0,0.0,0.0,0.0,0.0,0.0,False,-15.825312709175705,0.2621467688702923,0.05869692483772339,0.09519028270234513
634,-9.152262646814961,-3762.2174162356314,13.199985541303493,5.098145048937597,42.238580021632636,23.45598623193674,0.1,0.0,0.0,25.40021089277856,50.14537178908197,191.19630229415603,208.99220984758801,0.0,0.0,0.0,0.0,2.0816681711721685e-17,-1.1102230246251565e-16,0.26014284641297625,-0.05033574002966734,nan,nan,-0.0031801627113190547,8.255470443058622e-06,6464.629371233318,True,True,True,Z_mode_existing_controller,False,0.05060201485354432,0.0,0.0,False,False,False,-1.1553578304387202,8.32510136608034e-06,4.5800265014219766e-05,0.0007519569959621287,0.0812995484911533,1.985608936457012e-05,0.001625825513977974,0.0,0.0,0.0,0.0,1.5648180798146291e-34,20.0,0.0,-21.238329004708866,20.0,20.0,0.0,0.0,0.0,0.0,0.0,False,0.1,-0.09329219162464142,-0.000812303856946528,25.33125982086638,50.11406313706899,190.56753788202394,209.39461687901203,-0.9329218864440918,-0.008123038336634636,-0.031694359957155,-0.0019144786614042897,-0.031694359957155104,-0.0019144786614041925,0.23243288547547625,-0.05033574002966734,-0.32560894130464346,-0.055194662521860643,-0.0031690597990606814,8.090320648733028e-06,6455.477108586503,True,True,True,Z_mode_existing_controller,False,0.07831197579104432,0.0,3.1752128773338706,False,False,False,-1.1095965172046454,5.3623869348596235e-05,0.0002950099127033143,0.0009399650459298919,0.10162646832454647,1.0358960074159689e-05,0.000848196302787571,0.0,0.0,0.0,0.0,6.749868350733491e-07,20.0,0.0,-21.212366866731518,20.0,20.0,0.0,0.0,0.0,0.0,0.0,False,-9.152262646814961,0.14157443716017548,0.05591679227006364,0.09526621180753908
635,-45.30046716222114,-3807.5178833978525,9.665535441387256,4.681530306735103,38.58132953148983,21.209756567075523,0.1,0.0,0.0,25.349440750563947,50.14513708982845,201.20549556877535,211.1114088084701,0.0,0.0,0.0,0.0,-8.326672684688674e-17,3.469446951953614e-17,0.055419921875,0.0,nan,nan,0.0001383991423879495,-0.0001238391487642464,6346.6900978433405,False,True,True,Omega_safe_one_step_QP,False,0.33251953125,0.0,0.0,False,False,False,-0.565661463488832,5.8051328722916355e-06,3.193674314609539e-05,0.010018395000868464,1.0831616629013374,0.000449100423580366,0.036772544361032194,0.0,0.0,0.0,0.0,3.2066733574047478e-34,0.0,0.0,-1.6856276074943477,0.0,0.0,0.0,0.0,0.0,0.0,0.0,False,0.1,-0.09451557695865631,-0.024987054988741875,25.28048110951931,50.11376646043213,199.03573595306113,211.06127981755134,-0.9451557397842407,-0.24987055361270905,-0.0448507752339099,-0.0060260718957897835,-0.04485077523390998,-0.006026071895789707,0.0277099609375,0.0,-0.387939453125,-0.10988511205683148,0.00013732228022042114,-0.00012375305519219673,6301.389630681119,False,True,True,Omega_safe_one_step_QP,False,0.3602294921875,0.0,4.525379079785405,False,False,False,-0.33915912767772627,4.817952997981778e-05,0.0002650580628755921,0.007171037857031804,0.7753131404059911,0.0002777765350700466,0.022744467433104577,0.0,0.0,0.0,0.0,1.8999646185947376e-06,20.0,0.0,-21.137483693544315,20.0,20.0,0.0,0.0,0.0,0.0,0.0,False,-45.30046716222114,0.7137652298103325,0.0794490608251996,0.09625860532859015
636,-29.82093601022916,-3837.3388194080817,8.255541421421292,3.5373587875455006,38.643145876310015,26.29295246377483,0.1,0.0,0.0,25.356728044622354,50.14381521283376,199.7821773569458,210.7262888868775,0.0,0.0,0.0,0.0,1.3877787807814457e-17,-2.0816681711721685e-17,0.26014284641297625,-0.05033574002966734,nan,nan,0.0011012823381666911,9.363186466800413e-06,6164.490024494328,True,True,True,Z_mode_existing_controller,False,0.05060201485354432,0.0,0.0,False,False,False,0.34533890325622907,1.7124988975501022e-06,9.421255056895719e-06,0.00020258347321256762,0.021902775015581986,1.4831735400747191e-05,0.0012144291551251876,0.0,0.0,0.0,0.0,1.2518544638517033e-34,0.0,0.0,0.322212277830465,0.0,0.0,0.0,0.0,0.0,0.0,0.0,False,0.1,-0.09472158551216125,-0.009685656987130642,25.28632946180002,50.11215468059061,198.21315743631396,211.42896866522688,-0.9472158551216125,-0.09685656428337097,-0.0440980769338863,0.000625184783497032,-0.04409807693388643,0.0006251847834968863,0.0277099609375,0.0,-0.387939453125,-0.0425017975548386,0.0010963680720716355,9.622936913026583e-06,6134.669088484099,False,True,True,Omega_safe_one_step_QP,False,0.3602294921875,0.0,4.410250837855464,False,False,False,0.49444358330737487,3.180363819174579e-05,0.00017496664527511067,6.766354162139764e-05,0.007315598382183332,1.3519508870496499e-05,0.0011069834575445172,0.0,0.0,0.0,0.0,4.480577014461285e-07,0.0,0.0,0.4858455867646705,0.0,0.0,0.0,0.0,0.0,0.0,0.0,False,-29.82093601022916,0.4837534961000341,0.08825023984425655,0.09686155969639165
637,8.834272375895125,-3828.5045470321866,12.622234525074779,5.954303468897274,41.70990498593963,22.48746841627862,0.1,0.0,0.0,25.377285367184278,50.14493992596933,195.71405228252087,209.91695145500458,0.0,0.0,0.0,0.0,1.231653667943533e-16,8.326672684688674e-17,0.26014284641297625,-0.05033574002966734,nan,nan,-0.001991254533232982,-3.020309568666597e-05,6519.419407344719,True,True,True,Z_mode_existing_controller,False,0.05060201485354432,0.0,0.0,False,False,False,-1.4293080109957237,8.771881363878923e-06,4.825821013733866e-05,0.0016549641621164816,0.17893023121216642,6.550270786306748e-05,0.005363391135237589,0.0,0.0,0.0,0.0,2.277713085791717e-34,20.0,0.0,-21.613649891553266,20.0,20.0,0.0,0.0,0.0,0.0,0.0,False,0.1,-0.09402387589216232,-0.0008078729151748121,25.305882606146763,50.11306814575407,195.79708455906726,210.43762691934074,-0.9402387738227844,-0.008078728802502155,-0.0319187009209369,-0.0019234659384006342,-0.03191870092093693,-0.0019234659384006689,0.23243288547547625,-0.05033574002966734,-0.32560894130464346,-0.055130552763269114,-0.0019808843208767545,-3.0117822948481682e-05,6528.253679720614,True,True,True,Z_mode_existing_controller,False,0.07831197579104432,0.0,3.197660378614977,False,False,False,-1.4734793728751994,5.6870094393467803e-05,0.00031286891054767524,0.0005837408148167173,0.06311247177072238,9.827584571365639e-05,0.008046870379931162,0.0,0.0,0.0,0.0,1.5483282056703861e-06,20.0,0.0,-21.544953132264606,20.0,20.0,0.0,0.0,0.0,0.0,0.0,False,8.834272375895125,-0.1355070417151336,0.07296672351735675,0.0964797969217412
638,-32.478738345293095,-3860.9832853774797,10.043278497563719,5.637577442845508,37.2112470351198,23.723745548861125,0.1,0.0,0.0,25.34808672749827,50.144639004051164,201.47147286440276,211.12423404344506,0.0,0.0,0.0,0.0,2.7755575615628914e-17,-1.3877787807814457e-17,0.055419921875,0.0,nan,nan,0.0002385553349563657,-4.819497945388507e-05,6392.825682890615,False,True,True,Omega_safe_one_step_QP,False,0.33251953125,0.0,0.0,False,False,False,-0.796339388725205,5.798656239938768e-06,3.19011121711538e-05,0.003314789175667718,0.3583860044819907,0.00014575312483515403,0.011934331315099841,0.0,0.0,0.0,0.0,1.854008498026525e-34,0.0,0.0,-1.1666916256344668,0.0,0.0,0.0,0.0,0.0,0.0,0.0,False,0.1,-0.09442697465419769,-0.01467843260616064,25.277250949767634,50.11282184759647,199.8343914618803,211.59144399568976,-0.9442697167396545,-0.14678432047367096,-0.0456371298222171,-0.001851844378207776,-0.04563712982221721,-0.0018518443782078939,0.0277099609375,0.0,-0.387939453125,-0.06461164232412846,0.00023817734172400847,-4.824562747074727e-05,6360.346944545322,False,True,True,Omega_safe_one_step_QP,False,0.3602294921875,0.0,4.567468605268134,False,False,False,-0.6339456969987396,4.911563134922424e-05,0.0002702079930582652,0.0016299847027501848,0.17622951989630906,0.00013312938456745872,0.010900693793016978,0.0,0.0,0.0,0.0,1.8820042116736644e-06,20.0,0.0,-20.821348000685337,20.0,20.0,0.0,0.0,0.0,0.0,0.0,False,-32.478738345293095,0.5080498038952836,0.08664966616870305,0.09714177666676425
639,-18.903931626629856,-3879.8872170041095,7.766732087436411,5.1170920055748566,42.99554589824004,23.400390380144657,0.1,0.0,0.0,25.357097939886838,50.14487302333633,199.69000161453738,210.7520827730893,0.0,0.0,0.0,0.0,2.0816681711721685e-17,0.0,0.26014284641297625,-0.05033574002966734,nan,nan,0.00241563567570438,-7.167230956644241e-05,6109.871487384404,True,True,True,Z_mode_existing_controller,False,0.05060201485354432,0.0,0.0,False,False,False,0.6184315888058518,1.1733500224822017e-06,6.455145663821212e-06,0.0003173639814096905,0.03431253187949869,1.3849656802739382e-05,0.0011340161184966438,0.0,0.0,0.0,0.0,2.407412430484045e-36,0.0,0.0,0.5829785856621927,0.0,0.0,0.0,0.0,0.0,0.0,0.0,False,0.1,-0.09524049609899521,-0.003193044802173972,25.285272887040396,50.11283455789018,198.57354967041354,211.80065009446153,-0.9524049758911133,-0.03193044662475586,-0.04474445931352343,0.0032448188055063387,-0.04474445931352355,0.003244818805506214,0.0277099609375,0.0,-0.387939453125,-0.013935114320692043,0.0024080425026389123,-7.15572185256187e-05,6090.967555757774,False,True,True,Omega_safe_one_step_QP,False,0.3602294921875,0.0,4.48619603711222,False,False,False,0.712951246939001,1.9308183202601857e-05,0.00010622332014182199,0.0001589722023109108,0.017187642830537937,4.3767191763304835e-06,0.0003583677316184771,0.0,0.0,0.0,0.0,2.6772836245318223e-07,0.0,0.0,0.6952987453283402,0.0,0.0,0.0,0.0,0.0,0.0,0.0,False,-18.903931626629856,0.30939982396786064,0.08726511481606374,0.09746756630006258
640,19.102706610626228,-3860.7845103934833,7.477784032188781,4.995637575430053,38.59080435706852,21.172677391567536,0.1,0.0,0.0,25.39729130611722,50.144360468780526,191.77014015348732,209.0259404372583,0.0,0.0,0.0,0.0,1.3877787807814457e-17,-1.249000902703301e-16,0.26014284641297625,-0.05033574002966734,nan,nan,0.002598497405306014,-0.00015258383592113187,5897.211366073299,True,True,True,Z_mode_existing_controller,False,0.05060201485354432,0.0,0.0,False,False,False,1.6817321953613737,9.119441591430998e-06,5.017030103333003e-05,0.006272420556222601,0.6781570780055736,0.0002979567363548149,0.02439683137665785,0.0,0.0,0.0,0.0,1.5648180798146291e-34,20.0,0.13192347872145682,-19.15279536304335,20.131923478721458,20.131923478721458,0.0,0.0,0.0,0.0,0.0,False,0.1,-0.09327135235071182,0.00018508451466914266,25.324794446579006,50.11217107271153,192.32735903713288,209.67563794317422,-0.932713508605957,0.0018508450593799353,-0.03164095171511918,-0.001357567839563853,-0.031640951715119145,-0.001357567839563742,0.23243288547547625,-0.05033574002966734,-0.32560894130464346,-0.049228380716527805,0.0025874151874092878,-0.00015301759306634828,5916.314072683926,True,True,True,Z_mode_existing_controller,False,0.07831197579104432,0.0,3.167006182307702,False,False,False,1.5862186623082426,4.176085780118864e-06,2.2974595388213426e-05,0.003901489742728308,0.4218184766282194,0.0004515676643118712,0.03697456314009573,0.0,0.0,0.0,0.0,1.928838742121602e-06,20.0,0.0,-18.872599280894203,20.0,20.0,0.0,0.0,0.0,0.0,0.0,False,19.102706610626228,-0.3239277927280043,0.05536506972522637,0.0968442125846415
641,15.29919377841452,-3845.4853166150688,8.83384008328683,6.007853223336442,41.70756662123935,24.536414228743208,0.1,0.0,0.0,25.433678901697128,50.14100155018072,184.63402973283246,207.3035401663977,0.0,0.0,0.0,0.0,4.163336342344337e-17,-1.3877787807814457e-17,0.055419921875,0.0,nan,nan,0.0017552629979120968,-2.2447798821201444e-05,5865.48938182218,False,True,True,Omega_safe_one_step_QP,False,0.33251953125,0.0,0.0,False,False,False,1.840342116616971,1.7324468991669575e-05,9.530998316512774e-05,0.005092407193577887,0.5505772375204212,0.0002966662693060632,0.024291167355193887,0.0,0.0,0.0,0.0,1.3096323621833205e-34,20.0,25.234608428819634,-43.96923002706144,45.234608428819634,45.234608428819634,0.0,0.0,0.0,0.0,0.0,False,0.1,-0.0942535325884819,0.005001499783247709,25.361815968074563,50.108929065852905,184.98363738367277,209.01422807989826,-0.9425353407859802,0.05001499876379967,-0.03009063149827984,0.009852605878570952,-0.03009063149827995,0.00985260587857087,0.0277099609375,0.0,-0.387939453125,0.022056154260203038,0.0017515974753668545,-2.27417581455245e-05,5880.788575600594,False,True,True,Omega_safe_one_step_QP,False,0.3602294921875,0.0,3.1662595385781724,False,False,False,1.7638461477248983,1.221947342807895e-06,6.722502186225411e-06,0.005393024772349885,0.5830791938209887,4.374630072387288e-05,0.003581966748494509,0.0,0.0,0.0,0.0,1.280714875654963e-06,20.0,4.318380042625069,-23.141203058686717,24.31838004262507,24.31838004262507,0.0,0.0,0.0,0.0,0.0,False,15.29919377841452,-0.2608340546285612,0.037289958264405,0.0963187323241599
642,25.760424899184727,-3819.724891715884,7.528830061509245,4.268176638530521,40.22759752122004,25.4023942740303,0.1,0.0,0.0,25.451525942311118,50.139146154301415,181.1352705487184,206.44447278125375,0.0,0.0,0.0,0.0,-2.7755575615628914e-17,-2.7755575615628914e-17,0.055419921875,0.0,nan,nan,0.0023007679637103854,-1.6631428797541335e-05,5656.178221166732,False,True,True,Omega_safe_one_step_QP,False,0.33251953125,0.0,0.0,False,False,False,2.8868979198942086,3.221246795531936e-05,0.00017721580846171897,0.0012241315828422415,0.13234978265146338,7.37996772218079e-05,0.006042750712265042,0.0,0.0,0.0,0.0,5.007417855406813e-35,20.0,122.42676162785371,-139.6784334571317,142.4267616278537,142.4267616278537,0.0,0.0,0.0,0.0,0.0,False,0.1,-0.09298225492238998,0.006171378772705793,25.380237582849357,50.10712968378027,181.9554054851369,208.29158893403084,-0.9298225045204163,0.06171378493309021,-0.026538797705545236,0.011013922407087845,-0.026538797705545375,0.011013922407087831,0.0277099609375,0.0,-0.387939453125,0.02758730655622371,0.002291051292657177,-1.7192696658511336e-05,5681.938646065917,False,True,True,Omega_safe_one_step_QP,False,0.3602294921875,0.0,2.8733504318916814,False,False,False,2.758095795398285,1.9040645969695323e-06,1.047514730579877e-05,0.0009170188431310126,0.09914558718752293,5.2220733513999227e-05,0.004275857110977638,0.0,0.0,0.0,0.0,1.3964179370617975e-07,20.0,64.28916125630568,-81.634497519995,84.28916125630568,84.28916125630568,0.0,0.0,0.0,0.0,0.0,False,25.760424899184727,-0.45543870599379693,0.014025347160464146,0.09553815479262096
643,42.62897507125399,-3777.09591664463,11.83617920730411,4.0660470941909805,41.040136367232044,28.587476784200714,0.1,0.0,0.0,25.474667391766328,50.136868768460616,176.5977501555281,205.33928044182045,0.0,0.0,0.0,0.0,-1.1102230246251565e-16,-6.938893903907228e-17,0.055419921875,0.0,nan,nan,-0.0025249919421209445,0.0001337422054070083,5963.8597743805485,False,True,True,Omega_safe_one_step_QP,False,0.33251953125,0.0,0.0,False,False,False,1.348490153825128,4.813576651533524e-06,2.6481729964844304e-05,0.002058909131861791,0.2226036644429415,0.00012214501071420542,0.010001288329141619,0.0,0.0,0.0,0.0,8.666684749742562e-35,20.0,0.0,-18.88414128067692,20.0,20.0,0.0,0.0,0.0,0.0,0.0,False,0.1,-0.08688821643590927,0.004587158095091581,25.404241739700502,50.10497391103269,178.03468122071175,207.17121355559766,-0.8688821196556091,0.04587158188223839,-0.0209031296543562,0.010752466589563248,-0.020903129654356256,0.010752466589563303,0.0277099609375,0.0,-0.387939453125,0.021943707129070344,-0.0025127082580949658,0.0001341513879314939,6006.4887494518025,False,True,True,Omega_safe_one_step_QP,False,0.3602294921875,0.0,2.35065175452789,False,False,False,1.135345278468858,7.079975112567123e-06,3.895024483075169e-05,0.0015372078757652217,0.16619874129484336,0.00012552409885992934,0.01027796958396621,0.0,0.0,0.0,0.0,3.1829113527711177e-07,20.0,0.0,-19.04117070094592,20.0,20.0,0.0,0.0,0.0,0.0,0.0,False,42.62897507125399,-0.7147883532469835,-0.019650077761853457,0.09433121698063779
644,12.753958832985518,-3764.3419578116445,7.789374988285641,4.296416405820549,40.6157605701119,23.989976059625718,0.1,0.0,0.0,25.42167640362135,50.13690034174765,187.04163008007797,207.56664821819305,0.0,0.0,0.0,0.0,1.3877787807814457e-17,1.249000902703301e-16,0.055419921875,0.0,nan,nan,0.0020218747066083767,-5.648126730492455e-05,5819.063072567988,False,True,True,Omega_safe_one_step_QP,False,0.33251953125,0.0,0.0,False,False,False,2.0724736628879326,1.3940508990893494e-05,7.669324109583146e-05,0.010907462787841563,1.1792852577971578,0.0004961167211223034,0.04062225991745272,0.0,0.0,0.0,0.0,5.334825945952643e-34,20.0,12.058396135488914,-31.205906683556687,32.05839613548891,32.05839613548891,0.0,0.0,0.0,0.0,0.0,False,0.1,-0.09113588184118271,-0.01311157550662756,25.352939615868284,50.105244952112336,187.31960988145994,208.4867023039997,-0.9113587737083435,-0.13111574947834015,-0.031337894743338514,0.0018150370473518362,-0.0313378947433384,0.0018150370473518501,0.0277099609375,0.0,-0.387939453125,-0.059798825299820536,0.00201380655139551,-5.678420096705684e-05,5831.817031400973,False,True,True,Omega_safe_one_step_QP,False,0.3602294921875,0.0,3.1390412651442077,False,False,False,2.008703868723005,1.9175769337985163e-06,1.0549484972154446e-05,0.008620990023518323,0.9320780313533724,0.0001730510647172345,0.014169498891375712,0.0,0.0,0.0,0.0,1.8876196928423461e-06,20.0,0.12073314151734851,-19.058289240143758,20.12073314151735,20.12073314151735,0.0,0.0,0.0,0.0,0.0,False,12.753958832985518,-0.21917546989840617,-0.023984502115017944,0.09387626390877653
645,26.923676384002647,-3737.418281427642,7.004884094862891,5.206633786310297,32.19080395206976,23.501145773028185,0.1,0.0,0.0,25.445526148682884,50.13474896784484,182.3629969817069,206.43856529444733,0.0,0.0,0.0,0.0,2.7755575615628914e-17,2.7755575615628914e-17,0.055419921875,0.0,nan,nan,0.0030909308195307553,-0.00010173849519827565,5634.403932266824,False,True,True,Omega_safe_one_step_QP,False,0.33251953125,0.0,0.0,False,False,False,2.99576936439375,3.733870222425774e-05,0.00020541761378735124,0.0021889607669173107,0.23666449407459042,0.00012725710828466978,0.010419869173909373,0.0,0.0,0.0,0.0,9.62964972193618e-35,20.0,165.73548479135698,-182.98700520782552,185.73548479135698,185.73548479135698,0.0,0.0,0.0,0.0,0.0,False,0.1,-0.08815065026283264,-0.012346162460744381,25.377227891318057,50.10315903746845,183.27340425363263,207.48811331120862,-0.8815065026283264,-0.12346162647008896,-0.026300598429781982,0.0028683248363991914,-0.026300598429781857,0.002868324836399261,0.0277099609375,0.0,-0.387939453125,-0.058214830831401436,0.003079102288117672,-0.000102403012692656,5661.327608650827,False,True,True,Omega_safe_one_step_QP,False,0.3602294921875,0.0,2.6456544844929306,False,False,False,2.861150982473737,4.21148841021813e-06,2.316936176635666e-05,0.0016371779982661358,0.1770072394743575,9.971799765234845e-05,0.00816495442830083,0.0,0.0,0.0,0.0,2.6483769317126745e-07,20.0,93.59179801481817,-110.91584266044654,113.59179801481817,113.59179801481817,0.0,0.0,0.0,0.0,0.0,False,26.923676384002647,-0.47784427079885905,-0.028378595468548595,0.09307405276776587
646,46.30308539175621,-3691.1151960358857,11.149256134758533,4.148286136192348,34.981353513051346,25.899689194940233,0.1,0.0,0.0,25.481548612950316,50.1309717062265,175.303793867143,204.70854697445807,0.0,0.0,0.0,0.0,0.0,1.3877787807814457e-17,0.055419921875,0.0,nan,nan,-0.0018900800352454586,1.9549443177573522e-05,5867.969814501285,False,True,True,Omega_safe_one_step_QP,False,0.33251953125,0.0,0.0,False,False,False,1.8279399532214438,9.86100474301547e-06,5.4249985757137764e-05,0.004983234861266866,0.5387738214045092,0.0002992963387498447,0.02450651862234036,0.0,0.0,0.0,0.0,9.62964972193618e-36,20.0,1.6011938294046684,-20.33658846619583,21.601193829404668,21.601193829404668,0.0,0.0,0.0,0.0,0.0,False,0.1,-0.08614994585514069,0.009072880260646343,25.414142918662897,50.09953702048556,176.91298558776487,206.78768836041925,-0.8614994287490845,0.09072880446910858,-0.0196513382968925,0.013072030410762742,-0.019651338296892362,0.013072030410762658,0.0277099609375,0.0,-0.387939453125,0.04377411183215324,-0.0018808551810821496,1.9647119662036163e-05,5914.2728998930415,False,True,True,Omega_safe_one_step_QP,False,0.3602294921875,0.0,2.3601971865054114,False,False,False,1.5964245262626628,3.449723854825989e-06,1.897853969930645e-05,0.004045492560511913,0.4373876702524923,4.905951116882899e-05,0.004017014805739739,0.0,0.0,0.0,0.0,1.483282677631283e-06,20.0,0.0,-18.845000620617945,20.0,20.0,0.0,0.0,0.0,0.0,0.0,False,46.30308539175621,-0.7890818606007345,-0.0503225564463034,0.09178682333615995
647,19.421844589352986,-3671.6933514465327,10.31534026329441,5.5056987877464225,40.548676794593774,24.909106942720072,0.1,0.0,0.0,25.43702872389237,50.128534011566,184.1067569497164,206.44346997604055,0.0,0.0,0.0,0.0,4.163336342344337e-17,-1.1102230246251565e-16,0.055419921875,0.0,nan,nan,-2.8070732553189814e-05,3.8700588872039664e-06,6000.328784976684,False,True,True,Omega_safe_one_step_QP,False,0.33251953125,0.0,0.0,False,False,False,1.166145100844451,6.337475401666197e-06,3.486540765738102e-05,0.007749215903315017,0.8378241807483696,0.0003009957821419938,0.02464566981046139,0.0,0.0,0.0,0.0,1.7333369499485123e-34,20.0,0.0,-19.696359615122038,20.0,20.0,0.0,0.0,0.0,0.0,0.0,False,0.1,-0.09128414839506149,-0.029103687033057213,25.37139377727628,50.09735152909059,184.6638658552418,206.81180911511422,-0.9128414392471313,-0.2910368740558624,-0.028726197674091195,-0.0038043001646929225,-0.028726197674091236,-0.0038043001646930336,0.0277099609375,0.0,-0.387939453125,-0.1325195083158935,-2.5310166558867352e-05,3.862618812884491e-06,6019.750629566037,False,True,True,Omega_safe_one_step_QP,False,0.3602294921875,0.0,2.897701041436216,False,False,False,1.069035877897686,5.349925519581615e-06,2.943243521352347e-05,0.006007614492076324,0.6495269654214545,5.818108070545528e-08,4.763893015637055e-06,0.0,0.0,0.0,0.0,3.67163606407995e-06,20.0,0.0,-19.580528955488063,20.0,20.0,0.0,0.0,0.0,0.0,0.0,False,19.421844589352986,-0.32367967298692707,-0.048575216643580096,0.09116782958016967
648,20.290701771199565,-3651.402649675333,9.827292616900221,4.44990440675222,39.885827890024906,24.23792655075545,0.1,0.0,0.0,25.42772688423703,50.127155786483264,185.95445351310767,206.7537714012731,0.0,0.0,0.0,0.0,-1.3877787807814457e-17,-9.71445146547012e-17,0.055419921875,0.0,nan,nan,-0.00012241840148263317,-2.4888435739404665e-05,5997.225999932493,False,True,True,Omega_safe_one_step_QP,False,0.33251953125,0.0,0.0,False,False,False,1.1816590260654039,3.621287072561226e-06,1.9922388968335314e-05,0.0003413982590367846,0.036911052712320605,9.62869745013532e-06,0.0007884020711922085,0.0,0.0,0.0,0.0,3.274080905458301e-35,20.0,0.0,-18.85606035110708,20.0,20.0,0.0,0.0,0.0,0.0,0.0,False,0.1,-0.08658632636070251,-0.008899816311895847,25.36290685025629,50.09610341876828,186.53701116932262,207.9011364682184,-0.8658632636070251,-0.08899816125631332,-0.02888333421398062,0.003889638597809053,-0.028883334213980663,0.0038896385978092057,0.0277099609375,0.0,-0.387939453125,-0.04272272067408422,-0.00012196049571001726,-2.5053771201164485e-05,6017.516701703693,False,True,True,Omega_safe_one_step_QP,False,0.3602294921875,0.0,2.914406086560479,False,False,False,1.080205517209406,7.912991110034614e-06,4.353305430866905e-05,0.000350867336766297,0.03793482368349429,0.00011866340822209617,0.00971621315359871,0.0,0.0,0.0,0.0,5.922138557330291e-07,0.0,0.0,1.0325103551041488,0.0,0.0,0.0,0.0,0.0,0.0,0.0,False,20.290701771199565,-0.3383347863066685,-0.05295522305188196,0.09052920561566477
649,17.311526781156317,-3634.091122894177,10.415563048638072,4.465551047736864,42.46431517295963,22.232709238799835,0.1,0.0,0.0,25.41854212541069,50.1254929157996,187.78241893342198,207.0434941375263,0.0,0.0,0.0,0.0,1.1102230246251565e-16,2.7755575615628914e-17,0.055419921875,0.0,nan,nan,-0.000677327372713846,-6.719984109248409e-05,6099.871740910558,False,True,True,Omega_safe_one_step_QP,False,0.33251953125,0.0,0.0,False,False,False,0.6684303211750785,7.075377585622071e-07,3.892495169097668e-06,0.00033414575778648855,0.03612693197104581,8.393926390203924e-06,0.0006872984623043385,0.0,0.0,0.0,0.0,3.1200065099073223e-34,0.0,0.0,0.6316121982465593,0.0,0.0,0.0,0.0,0.0,0.0,0.0,False,0.1,-0.09018012881278992,-0.0010312346275895834,25.354519920688237,50.094548961797265,188.24910165644917,207.61154524666097,-0.9018012881278992,-0.010312345810234547,-0.03044967103051882,-0.001987908832317767,-0.030449671030518904,-0.0019879088323178223,0.23243288547547625,-0.05033574002966734,-0.32560894130464346,-0.05671710212123923,-0.0006749137878353387,-6.725952092863233e-05,6117.183267691715,True,True,True,Z_mode_existing_controller,False,0.07831197579104432,0.0,3.0514492415775774,False,False,False,0.5818726872692969,1.4094068704084486e-05,7.75380446904532e-05,0.00029312538361092106,0.03169192050453934,8.386307560312444e-06,0.0006866746290914236,0.0,0.0,0.0,0.0,3.699897481623599e-07,0.0,0.0,0.5494161841012275,0.0,0.0,0.0,0.0,0.0,0.0,0.0,False,17.311526781156317,-0.2838014882354254,-0.0635453153634782,0.08996394487837371
650,7.031582513626745,-3627.05954038055,10.611258318281227,6.375233052549049,36.82563259789632,26.256350529246824,0.1,0.0,0.0,25.402550553229815,50.123272003445436,190.9588298322928,207.58914056818836,0.0,0.0,0.0,0.0,0.0,-1.249000902703301e-16,0.26014284641297625,-0.05033574002966734,nan,nan,8.627104909181694e-05,3.341081433424815e-05,6197.270653142492,True,True,True,Z_mode_existing_controller,False,0.05060201485354432,0.0,0.0,False,False,False,0.18143576001541079,5.089542805927025e-07,2.799994847659419e-06,0.0010089586198465286,0.10908586618683601,2.9773002729424662e-05,0.002437826833696991,0.0,0.0,0.0,0.0,3.5629703971163865e-34,0.0,0.0,0.06990926700003014,0.0,0.0,0.0,0.0,0.0,0.0,0.0,False,0.1,-0.0911225900053978,-0.00047844063374213874,25.33925859260751,50.09243621550117,190.99785046992272,208.11971541194308,-0.9112258553504944,-0.004784406162798405,-0.030792742674056378,-0.001694187861401894,-0.030792742674056378,-0.0016941878614018108,0.23243288547547625,-0.05033574002966734,-0.32560894130464346,-0.05326574767369376,8.919297230041779e-05,3.340625924606335e-05,6204.302235656119,True,True,True,Z_mode_existing_controller,False,0.07831197579104432,0.0,3.083931377155435,False,False,False,0.14627784744727707,1.4733873413514186e-05,8.105790876905994e-05,0.0007555620039572272,0.08168931216631335,2.5823691688284658e-05,0.00211445547212479,0.0,0.0,0.0,0.0,2.039701613553479e-09,0.0,0.0,0.062393019860368264,0.0,0.0,0.0,0.0,0.0,0.0,0.0,False,7.031582513626745,-0.11346256936609977,-0.07227139738369755,0.08965233233687284
651,-1.4202452560584788,-3628.4797856366085,8.739428263331401,6.724474189150844,36.04489719509096,25.416595802300463,0.1,0.0,0.0,25.400646688622842,50.123562264433765,191.32847870022786,207.6796916422759,0.0,0.0,0.0,0.0,-3.469446951953614e-17,5.551115123125783e-17,0.26014284641297625,-0.05033574002966734,nan,nan,0.002060465000477325,-1.7294028558716035e-05,6015.907797657742,True,True,True,Z_mode_existing_controller,False,0.05060201485354432,0.0,0.0,False,False,False,1.088250037439161,6.6539406516509526e-06,3.660643058067515e-05,1.3664028556567833e-05,0.0014773176633562936,8.199497018410243e-07,6.713784980291515e-05,0.0,0.0,0.0,0.0,3.3751922275386307e-34,20.0,0.0,-18.91333102450458,20.0,20.0,0.0,0.0,0.0,0.0,0.0,False,0.1,-0.09184229373931885,-0.0005128735210746527,25.337743450330077,50.09276821349081,191.0153586343926,208.15115281534915,-0.9184229373931885,-0.005128735210746527,-0.031060998288318736,-0.0017246751367405722,-0.031060998288318688,-0.0017246751367406554,0.23243288547547625,-0.05033574002966734,-0.32560894130464346,-0.05345200449732102,0.002057015502451587,-1.7341433114563673e-05,6014.487552401683,True,True,True,Z_mode_existing_controller,False,0.07831197579104432,0.0,3.1108843099579104,False,False,False,1.0953512637194536,5.318711756226157e-06,2.9260713744810085e-05,3.0653582310464115e-08,3.3141820807032544e-06,9.883103329161934e-08,8.092329388133774e-06,0.0,0.0,0.0,0.0,7.28905485408356e-10,20.0,0.0,-18.904689404234666,20.0,20.0,0.0,0.0,0.0,0.0,0.0,False,-1.4202452560584788,0.023608161957060628,-0.0785609593572874,0.08955427112498517
652,1.9354161812207167,-3626.544369455388,8.478588066759773,3.5144744178205167,40.86105745901915,25.581602752353675,0.1,0.0,0.0,25.42866063544481,50.12289522716983,185.81146612528204,206.45790109532987,0.0,0.0,0.0,0.0,-8.326672684688674e-17,0.0,0.055419921875,0.0,nan,nan,0.0009134637049678525,1.4013187464644126e-06,5859.799466882532,False,True,True,Omega_safe_one_step_QP,False,0.33251953125,0.0,0.0,False,False,False,1.8687916913152094,8.989941995106716e-06,4.9457863361994016e-05,0.003043742775211035,0.32908120368140015,0.0001492772140606701,0.01222288532345369,0.0,0.0,0.0,0.0,5.440752092893942e-35,20.0,0.5485600120149359,-19.021121867567942,20.548560012014935,20.548560012014935,0.0,0.0,0.0,0.0,0.0,False,0.1,-0.08459103852510452,-0.00522775249555707,25.365763930062236,50.092087373334905,185.6248295302026,207.62143804237684,-0.845910370349884,-0.05227752402424812,-0.027313315736598273,0.0056243980577487945,-0.027313315736598343,0.005624398057748933,0.0277099609375,0.0,-0.387939453125,-0.025687263089898132,0.0009094359830283058,1.2629762963210518e-06,5861.734883063753,False,True,True,Omega_safe_one_step_QP,False,0.3602294921875,0.0,2.7886395787894953,False,False,False,1.8591146104091059,4.324957699946859e-06,2.379360924539942e-05,0.002905780402311969,0.3141650865554321,2.805977407051082e-05,0.002297546901742691,0.0,0.0,0.0,0.0,6.805400132643452e-07,20.0,0.0,-18.457372497197326,20.0,20.0,0.0,0.0,0.0,0.0,0.0,False,1.9354161812207167,-0.03302871014885388,-0.09155247205121163,0.08937724111948898
653,5.860626709282769,-3620.683742746105,9.829141556109557,5.026872290654623,45.294004964214075,28.691433892282134,0.1,0.0,0.0,25.434908641290015,50.121747408176354,184.59099656187453,206.12614544618145,0.0,0.0,0.0,0.0,-5.551115123125783e-17,-8.326672684688674e-17,0.055419921875,0.0,nan,nan,0.0003261003641153752,0.00012850760143621657,5963.277892277665,False,True,True,Omega_safe_one_step_QP,False,0.33251953125,0.0,0.0,False,False,False,1.3513995643395447,7.606072614801484e-06,4.184455253537938e-05,0.0001489545955204106,0.01610456638680126,1.1006181074188937e-05,0.0009011910489185735,0.0,0.0,0.0,0.0,7.703719777548944e-35,20.0,0.0,-18.66564803764871,20.0,20.0,0.0,0.0,0.0,0.0,0.0,False,0.1,-0.08816977590322495,-0.008447057567536831,25.37211227327273,50.090924405213805,184.5701780620648,207.2481507089908,-0.8816977739334106,-0.08447057753801346,-0.02756077696976582,0.004879632235006398,-0.027560776969765777,0.004879632235006301,0.0277099609375,0.0,-0.387939453125,-0.03982106671511308,0.00032653354965292186,0.00012848886286068346,5969.138518986948,False,True,True,Omega_safe_one_step_QP,False,0.3602294921875,0.0,2.7989412961441023,False,False,False,1.3220964307931309,4.6872931797917055e-06,2.578698569467163e-05,0.00011122897192451988,0.012025774406192326,1.3934343326645397e-05,0.001140950289104386,0.0,0.0,0.0,0.0,6.159131926462572e-09,20.0,0.0,-18.691096087046994,20.0,20.0,0.0,0.0,0.0,0.0,0.0,False,5.860626709282769,-0.09827861144744189,-0.10955480776774866,0.08910185419772723
654,5.598324798516842,-3615.085417947588,7.937161350331749,5.58822913560563,36.26578412606251,21.595398417122613,0.1,0.0,0.0,25.431340230465203,50.12295530674323,185.27799577546722,206.33724453784433,0.0,0.0,0.0,0.0,1.1102230246251565e-16,8.326672684688674e-17,0.055419921875,0.0,nan,nan,0.0023459099133273714,-0.00013866972241927865,5793.778830055819,False,True,True,Omega_safe_one_step_QP,False,0.33251953125,0.0,0.0,False,False,False,2.1988948754487776,2.1028192291737345e-05,0.00011568589226499629,4.719679194769676e-05,0.005102788984187994,4.456282650089034e-06,0.0003648824245795283,0.0,0.0,0.0,0.0,5.546678239835239e-34,20.0,48.14706692595484,-65.9537554078071,68.14706692595485,68.14706692595485,0.0,0.0,0.0,0.0,0.0,False,0.1,-0.09041334688663483,-0.013487252406775951,25.36884509574025,50.092147170154995,185.25813642154364,207.2751180082068,-0.9041334390640259,-0.13487252593040466,-0.029015634074408325,0.0027843646838736497,-0.029015634074408325,0.0027843646838736774,0.0277099609375,0.0,-0.387939453125,-0.062003772155659005,0.002340068765610155,-0.0001389507713959767,5799.3771548543355,False,True,True,Omega_safe_one_step_QP,False,0.3602294921875,0.0,2.9148922920628806,False,False,False,2.1709032514561932,3.5774094613729505e-06,1.9680997766925825e-05,4.7328670437681884e-05,0.005117047328413873,7.272352270043367e-08,5.954634696784424e-06,0.0,0.0,0.0,0.0,6.506755305758202e-08,20.0,19.078312180225478,-36.91255167679772,39.07831218022548,39.07831218022548,0.0,0.0,0.0,0.0,0.0,False,5.598324798516842,-0.09662648441937344,-0.12244170914928401,0.08883742009637471
655,23.975827129171194,-3591.109590818417,8.731285700311643,5.393563957639578,42.36269426236242,29.374984315716482,0.1,0.0,0.0,25.458633613007077,50.1189233881903,179.9426264325527,204.96078544330322,0.0,0.0,0.0,0.0,1.3877787807814457e-16,6.938893903907228e-17,0.055419921875,0.0,nan,nan,0.0015791973317871768,0.00012403196392936008,5745.33714658183,False,True,True,Omega_safe_one_step_QP,False,0.33251953125,0.0,0.0,False,False,False,2.4411032928187204,2.854309060697846e-05,0.00015702885245948663,0.0028466166025312247,0.30776845718031587,0.00018946396389449166,0.015513394446577376,0.0,0.0,0.0,0.0,9.62964972193618e-36,20.0,98.31028896486067,-116.19262455252131,118.31028896486067,118.31028896486067,0.0,0.0,0.0,0.0,0.0,False,0.1,-0.08502210676670074,-0.003010380547493696,25.396345292337205,50.08813015338695,180.69669993530854,206.42733857910062,-0.8502210378646851,-0.030103804543614388,-0.02288609026812588,0.007784704083325419,-0.022886090268125853,0.007784704083325433,0.0277099609375,0.0,-0.387939453125,-0.014716912556687728,0.0015757192611401698,0.00012384495962593006,5769.312973711001,False,True,True,Omega_safe_one_step_QP,False,0.3602294921875,0.0,2.4173844241778175,False,False,False,2.3212241571728645,4.840096431801675e-06,2.6627627643561945e-05,0.0020806702817956772,0.22495642088217058,7.187299604155808e-05,0.005884993192008274,0.0,0.0,0.0,0.0,6.257470138284536e-07,20.0,53.046391944892335,-70.9560364551683,73.04639194489233,73.04639194489233,0.0,0.0,0.0,0.0,0.0,False,23.975827129171194,-0.4173093156671499,-0.18099850449067367,0.08812381720436259
656,27.43405406726106,-3563.675536751156,10.23326460994424,3.9044234424573183,41.3153756194868,25.900235615013777,0.1,0.0,0.0,25.47002559757891,50.11932759213055,177.6898268817675,204.49778171745857,0.0,0.0,0.0,0.0,8.326672684688674e-17,5.551115123125783e-17,0.055419921875,0.0,nan,nan,-0.0008361955229537333,3.555419447958351e-05,5837.610980311238,False,True,True,Omega_safe_one_step_QP,False,0.33251953125,0.0,0.0,False,False,False,1.9797341241716822,1.2773222380298959e-05,7.027145308846798e-05,0.0005075105816017992,0.054870665955991604,2.14372450146035e-05,0.0017552912486548963,0.0,0.0,0.0,0.0,3.274080905458301e-35,20.0,8.727383550618482,-26.804345655104537,28.727383550618484,28.727383550618484,0.0,0.0,0.0,0.0,0.0,False,0.1,-0.08784756809473038,-0.026042863726615906,25.4086055322314,50.088659490187844,178.5888145415621,205.08329737558438,-0.8784756660461426,-0.26042863726615906,-0.02168982781280493,-0.0010871098576538812,-0.0216898278128049,-0.0010871098576539784,0.0277099609375,0.0,-0.387939453125,-0.12322140821023783,-0.0008330210931799411,3.5525128701104905e-05,5865.045034378499,False,True,True,Omega_safe_one_step_QP,False,0.3602294921875,0.0,2.1717054091007095,False,False,False,1.8425638538353768,3.806069638495178e-06,2.0938964036629908e-05,0.00044431808331695975,0.048038464638399,0.00018064467567493857,0.014791267166667985,0.0,0.0,0.0,0.0,8.014012646536715e-07,20.0,0.1042493990626758,-18.32453701739767,20.104249399062677,20.104249399062677,0.0,0.0,0.0,0.0,0.0,False,27.43405406726106,-0.46995344773382597,-0.22951262435786704,0.08732550561571985
657,14.222228875365545,-3549.4533078757904,10.456764232766286,3.5127984709279705,38.264478776370225,27.096701632774327,0.1,0.0,0.0,25.443322312931,50.117611603180244,182.9719839348356,205.52222793251894,0.0,0.0,0.0,0.0,5.551115123125783e-17,-4.163336342344337e-17,0.055419921875,0.0,nan,nan,-0.001389769505060311,6.22162121869035e-05,5988.453550079514,False,True,True,Omega_safe_one_step_QP,False,0.33251953125,0.0,0.0,False,False,False,1.2255212753303022,2.4380306695097863e-06,1.3412743685175961e-05,0.002790118313327727,0.3016600155707131,0.00010494900475515372,0.008593271638975558,0.0,0.0,0.0,0.0,1.020742870525235e-34,20.0,0.0,-19.084745424623073,20.0,20.0,0.0,0.0,0.0,0.0,0.0,False,0.1,-0.09007250517606735,-0.027210667729377747,25.38298424783269,50.087119606004904,183.32081645496697,205.99090823283646,-0.9007250070571899,-0.27210667729377747,-0.026977695613853894,-0.0022479479592967533,-0.026977695613853908,-0.0022479479592968504,0.0277099609375,0.0,-0.387939453125,-0.12556659855143432,-0.00138645104924732,6.222423815161133e-05,6002.675778954879,False,True,True,Omega_safe_one_step_QP,False,0.3602294921875,0.0,2.7071190048859397,False,False,False,1.1544101309534744,9.727113629417594e-06,5.3513388301301744e-05,0.002239184210846737,0.24209451645227806,8.237574682018573e-05,0.006744963142250012,0.0,0.0,0.0,0.0,2.930909097959668e-07,0.0,0.0,0.9055168448797353,0.0,0.0,0.0,0.0,0.0,0.0,0.0,False,14.222228875365545,-0.23749418370585348,-0.2350781432781402,0.08684955361692653
658,5.2691507422514405,-3544.184157133539,11.105178527654909,5.492502359335694,43.37498892597753,27.015204471473844,0.1,0.0,0.0,25.412689245067877,50.117253452796156,189.0128737924409,206.78680132105563,0.0,0.0,0.0,0.0,-2.0816681711721685e-17,4.163336342344337e-17,0.055419921875,0.0,nan,nan,-0.0007541477403914905,8.951459126591612e-05,6198.754386594604,False,True,True,Omega_safe_one_step_QP,False,0.33251953125,0.0,0.0,False,False,False,0.17401709275485244,3.0244067657028496e-07,1.6638672046008698e-06,0.0036492350271718505,0.39454538177089443,0.00015991458549951648,0.013093878073808459,0.0,0.0,0.0,0.0,1.2759285881565437e-34,0.0,0.0,-0.23362383095705505,0.0,0.0,0.0,0.0,0.0,0.0,0.0,False,0.1,-0.09301500767469406,-0.0016039202455431223,25.352985583666065,50.08685329954383,188.98720622575084,207.25786456912192,-0.930150032043457,-0.016039201989769936,-0.03136289119076639,-0.002351892352560836,-0.031362891190766504,-0.002351892352560961,0.23243288547547625,-0.05033574002966734,-0.32560894130464346,-0.05995843002570347,-0.0007499271054096936,8.953243696286262e-05,6204.023537336855,True,True,True,Z_mode_existing_controller,False,0.07831197579104432,0.0,3.145095136052157,False,False,False,0.14767133904359525,1.579830923034777e-05,8.69138665956202e-05,0.0032107973034444033,0.34714268564340783,0.00016051783580538765,0.013143272479755806,0.0,0.0,0.0,0.0,1.9240744684664835e-07,0.0,0.0,-0.21270172535361084,0.0,0.0,0.0,0.0,0.0,0.0,0.0,False,5.2691507422514405,-0.08500337993140171,-0.2673147239723327,0.08658929249963863
659,-2.6034299100283533,-3546.7875870435673,9.391927046427918,3.5422970062690844,39.9658712848041,24.32678670421679,0.1,0.0,0.0,25.396587825283046,50.118380203391055,192.17155915653248,207.521158495926,0.0,0.0,0.0,0.0,-3.469446951953614e-18,4.163336342344337e-17,0.26014284641297625,-0.05033574002966734,nan,nan,-0.0001276936136448199,-2.8030565777183852e-05,6103.133264543711,True,True,True,Z_mode_existing_controller,False,0.05060201485354432,0.0,0.0,False,False,False,0.6521227030093132,1.6289514599437076e-07,8.96162164039193e-07,0.000997729322932637,0.10787178509725935,5.392804602835676e-05,0.004415652626358894,0.0,0.0,0.0,0.0,3.009265538105056e-36,0.0,0.0,0.5398343691235309,0.0,0.0,0.0,0.0,0.0,0.0,0.0,False,0.1,-0.09264545142650604,-0.0002941717393696308,25.33722638327101,50.08801195498435,191.8173766378942,208.00721576461103,-0.926454484462738,-0.002941717393696308,-0.031265788851767035,-0.0016152097677084032,-0.03126578885176708,-0.0016152097677083754,0.23243288547547625,-0.05033574002966734,-0.32560894130464346,-0.052107657941418674,-0.00012920278169200727,-2.808767014813511e-05,6100.529834633683,True,True,True,Z_mode_existing_controller,False,0.07831197579104432,0.0,3.130748241422466,False,False,False,0.665139852559455,1.7941428956595853e-05,9.870416765060643e-05,0.0008009864561771718,0.08660048059186179,5.615272141809612e-05,0.004597810046309419,0.0,0.0,0.0,0.0,5.52130095064245e-09,0.0,0.0,0.5738428522323322,0.0,0.0,0.0,0.0,0.0,0.0,0.0,False,-2.6034299100283533,0.04265726795043191,-0.2810850494105997,0.0865238838931552
660,-10.503586781442209,-3557.2911738250095,11.381864664932081,4.862680184393081,37.81774386547692,26.273175141461167,0.1,0.0,0.0,25.392492358172298,50.11764372575102,192.98534295374702,207.647552160969,0.0,0.0,0.0,0.0,6.245004513516506e-17,-1.249000902703301e-16,0.26014284641297625,-0.05033574002966734,nan,nan,-0.0015853180297372127,4.811902662308623e-05,6326.339616466078,True,True,True,Z_mode_existing_controller,False,0.05060201485354432,0.0,0.0,False,False,False,-0.46390905660251974,2.4125479068987237e-06,1.3272551124201701e-05,6.622440686089165e-05,0.007160003039796288,1.5975358563008473e-06,0.00013080695332198908,0.0,0.0,0.0,0.0,3.20787706361999e-34,0.0,0.0,-0.47121313914676227,0.0,0.0,0.0,0.0,0.0,0.0,0.0,False,0.1,-0.094294473528862,-0.0003647691337391734,25.33311989512939,50.087252883903716,192.3116039386353,208.081608362914,-0.9429447054862976,-0.003647691337391734,-0.03184959630701774,-0.0016804337017619908,-0.03184959630701774,-0.0016804337017620463,0.23243288547547625,-0.05033574002966734,-0.32560894130464346,-0.052494471354282084,-0.001581037008190159,4.802652952534659e-05,6315.836029684636,True,True,True,Z_mode_existing_controller,False,0.07831197579104432,0.0,3.1893896631581606,False,False,False,-0.4113911226953087,3.354321860433042e-05,0.0001845368883756381,2.4426062479783543e-05,0.002640879547216974,5.534258682268289e-07,4.531475861828497e-05,0.0,0.0,0.0,0.0,3.4508530637968354e-09,0.0,0.0,-0.4142618573403727,0.0,0.0,0.0,0.0,0.0,0.0,0.0,False,-10.503586781442209,0.1660294485946292,-0.25517782802961997,0.08664639659575296
661,-16.162390297687125,-3573.4535641226967,10.00434300797331,5.191851585611272,35.55796385972054,23.37623840994278,0.1,0.0,0.0,25.36720780179524,50.118558608839415,197.95686425359878,208.75692555475678,0.0,0.0,0.0,0.0,-5.204170427930421e-17,-6.938893903907228e-17,0.26014284641297625,-0.05033574002966734,nan,nan,-1.1727742548569512e-05,-6.512926666584195e-05,6305.631674414697,True,True,True,Z_mode_existing_controller,False,0.05060201485354432,0.0,0.0,False,False,False,-0.36036934634561474,1.966305041212789e-06,1.0817561015325297e-05,0.0024716024034879716,0.26722294031737615,0.0001230709326844179,0.01007710323586793,0.0,0.0,0.0,0.0,1.6189848595005203e-34,0.0,0.0,-0.6376802074598742,0.0,0.0,0.0,0.0,0.0,0.0,0.0,False,0.1,-0.09475995600223541,-2.4452805519104004e-05,25.307652503988795,50.088094978681696,197.034655158789,209.1676843880789,-0.9475995302200317,-0.00024452805519104004,-0.03203459046847236,-0.001497813526530417,-0.032034590468472235,-0.0014978135265304726,0.23243288547547625,-0.05033574002966734,-0.32560894130464346,-0.05047974271642944,-1.1735194344521076e-05,-6.518428932004842e-05,6289.46928411701,True,True,True,Z_mode_existing_controller,False,0.07831197579104432,0.0,3.2069587335090435,False,False,False,-0.2795573948571791,3.223945296938169e-05,0.00017736426560849953,0.002230721282819542,0.24117952765475542,0.0001179561132437957,0.009658299523149338,0.0,0.0,0.0,0.0,6.757296817386298e-10,0.0,0.0,-0.5305725869764221,0.0,0.0,0.0,0.0,0.0,0.0,0.0,False,-16.162390297687125,0.2563167519483661,-0.22788153574306913,0.0869065917137573
662,-19.814817748640962,-3593.2683818713376,10.62863164813778,4.762633922868377,34.451604109846976,22.10929895592777,0.1,0.0,0.0,25.36963620567841,50.117978190787,197.48271321118662,208.61721241545425,0.0,0.0,0.0,0.0,-5.204170427930421e-17,2.7755575615628914e-17,0.26014284641297625,-0.05033574002966734,nan,nan,-0.0009403985188253246,-9.961059564049258e-05,6359.819022448541,True,True,True,Z_mode_existing_controller,False,0.05060201485354432,0.0,0.0,False,False,False,-0.6313060865148327,4.7990606699177855e-06,2.640187078046834e-05,2.2481921102053792e-05,0.0024306842607030657,1.951976129376789e-06,0.00015982868205052827,0.0,0.0,0.0,0.0,9.437056727497456e-35,0.0,0.0,-0.6339230013283668,0.0,0.0,0.0,0.0,0.0,0.0,0.0,False,0.1,-0.09380116313695908,-0.0003321790136396885,25.30963338985318,50.0874036670436,196.41546190161378,208.98029580467102,-0.938011646270752,-0.003321790136396885,-0.03173768217573058,-0.001654520629509909,-0.031737682175730586,-0.0016545206295099646,0.23243288547547625,-0.05033574002966734,-0.32560894130464346,-0.05231193923008506,-0.0009386905150802769,-9.973392318767915e-05,6340.0042046999,True,True,True,Z_mode_existing_controller,False,0.07831197579104432,0.0,3.178077891432443,False,False,False,-0.5322319977716279,4.208815138379894e-05,0.0002315465485129793,3.834002897312657e-05,0.004145219821599892,3.511448119161221e-06,0.00028751894888874965,0.0,0.0,0.0,0.0,1.1271165042298576e-09,20.0,0.0,-20.536896284217747,20.0,20.0,0.0,0.0,0.0,0.0,0.0,False,-19.814817748640962,0.31156260388384804,-0.18859142931456058,0.08725353314740857
663,-49.16922062307276,-3642.4376024944104,8.892802082706153,5.118169506858386,40.37972810030494,20.69729658735764,0.1,0.0,0.0,25.357744153565633,50.116636160208344,199.84062431382497,209.03859632555526,0.0,0.0,0.0,0.0,-5.551115123125783e-17,0.0,0.26014284641297625,-0.05033574002966734,nan,nan,0.0012092758844749643,-0.00014367445001948283,6233.511811366157,True,True,True,Z_mode_existing_controller,False,0.05060201485354432,0.0,0.0,False,False,False,0.0002299688970833813,7.008818524358756e-07,3.85587792552418e-06,0.000555974476794522,0.060110450702258365,1.7756439969201924e-05,0.0014539052785921907,0.0,0.0,0.0,0.0,7.824090399073146e-36,0.0,0.0,-0.0613382429616927,0.0,0.0,0.0,0.0,0.0,0.0,0.0,False,0.1,-0.09436110407114029,-0.014848430640995502,25.29720397097193,50.08592784889519,197.4846115557395,209.55788305674588,-0.9436110258102417,-0.14848430454730988,-0.043153674302281494,0.00018568601709506583,-0.04315367430228162,0.00018568601709509358,0.0277099609375,0.0,-0.387939453125,-0.0654055668003257,0.0012074584346748836,-0.00014348117321455055,6184.342590743085,False,True,True,Omega_safe_one_step_QP,False,0.3602294921875,0.0,4.315407379476862,False,False,False,0.2460760720124472,2.7373727250984823e-05,0.00015059563930719538,0.00011430809829171242,0.01235868118775589,3.336070337593919e-05,0.002731589373768278,0.0,0.0,0.0,0.0,1.3371123673568462e-06,0.0,0.0,0.2308338686992485,0.0,0.0,0.0,0.0,0.0,0.0,0.0,False,-49.16922062307276,0.7887884407857835,-0.1118912532193838,0.08831380825306204
664,-10.920149319753364,-3653.3577518141637,9.389024626838818,6.576406383117997,38.00360952571273,25.12129194117553,0.1,0.0,0.0,25.38005138739296,50.11478249658734,195.46259074505036,207.99186893762166,0.0,0.0,0.0,0.0,7.45931094670027e-17,-9.71445146547012e-17,0.26014284641297625,-0.05033574002966734,nan,nan,0.0014063736490780299,-1.1767494570539888e-05,6180.841842947958,True,True,True,Z_mode_existing_controller,False,0.05060201485354432,0.0,0.0,False,False,False,0.2635798109880807,8.637907394754318e-07,4.752115685461055e-06,0.001916717792931736,0.20723032299330862,0.00010956382246502983,0.008971134985444055,0.0,0.0,0.0,0.0,2.6364175379338396e-34,0.0,0.0,0.047373600893642565,0.0,0.0,0.0,0.0,0.0,0.0,0.0,False,0.1,-0.09492664784193039,-4.0814651583787054e-05,25.317879591836896,50.08373693375192,194.74789480885167,208.4302301791421,-0.9492664337158203,-0.0004081465012859553,-0.032123334820286724,-0.0015095549143942788,-0.032123334820286696,-0.0015095549143942233,0.23243288547547625,-0.05033574002966734,-0.32560894130464346,-0.05057567563517969,0.0014046985546863114,-1.1778801176871856e-05,6169.921693628205,True,True,True,Z_mode_existing_controller,False,0.07831197579104432,0.0,3.215878411905237,False,False,False,0.3181805575868475,1.5703801650848864e-05,8.639393632731882e-05,0.0007489618552696264,0.08097572201267715,0.0001271601012368116,0.010411926193267628,0.0,0.0,0.0,0.0,1.2454223090385278e-06,0.0,0.0,0.22670527002226631,0.0,0.0,0.0,0.0,0.0,0.0,0.0,False,-10.920149319753364,0.17667737821527865,-0.09194340057294438,0.08844603126084534
665,-13.622312166232405,-3666.980063980396,8.976591502024835,4.38032565483278,36.275312697596014,21.877965591895865,0.1,0.0,0.0,25.401699697787983,50.11489213832466,191.19135672643907,207.0808381122798,0.0,0.0,0.0,0.0,1.3877787807814457e-16,1.249000902703301e-16,0.26014284641297625,-0.05033574002966734,nan,nan,0.0006717877911245618,-0.00011938233555611687,6038.124971393263,True,True,True,Z_mode_existing_controller,False,0.05060201485354432,0.0,0.0,False,False,False,0.9771641687615557,1.9807143808830153e-06,1.0896833512626671e-05,0.0018243440041742394,0.19724311979056075,8.29977164723085e-05,0.006795890296674767,0.0,0.0,0.0,0.0,5.342349109797906e-34,20.0,0.0,-19.226885738159194,20.0,20.0,0.0,0.0,0.0,0.0,0.0,False,0.1,-0.09245233237743378,0.0002766196266748011,25.339234165726914,50.083770335555336,190.35712450496317,207.5050753485232,-0.9245232939720154,0.0027661961503326893,-0.03131236691772294,-0.001293659604308564,-0.03131236691772301,-0.0012936596043085086,0.23243288547547625,-0.05033574002966734,-0.32560894130464346,-0.04866606531380783,0.0006696640741194466,-0.00011939889800449341,6024.502659227031,True,True,True,Z_mode_existing_controller,False,0.07831197579104432,0.0,3.133907907329017,False,False,False,1.0452757295927178,1.3476666172436194e-05,7.414142543904634e-05,0.0019278863861509129,0.20843784096425144,8.559114606174476e-05,0.007008241476093534,0.0,0.0,0.0,0.0,7.042797239055514e-09,0.0,0.0,0.8297554986841364,0.0,0.0,0.0,0.0,0.0,0.0,0.0,False,-13.622312166232405,0.22560500537452663,-0.05815909415241231,0.08864623772004307
666,-19.458874883950557,-3686.4389388643467,10.052857838528562,4.367999706266161,41.16885680878227,29.66297036469626,0.1,0.0,0.0,25.408796337043977,50.11218622620057,189.82193229623363,206.6277060634738,0.0,0.0,0.0,0.0,-7.632783294297951e-17,8.326672684688674e-17,0.055419921875,0.0,nan,nan,-0.00037783062429080775,0.00014523182323696222,6113.301439754824,False,True,True,Omega_safe_one_step_QP,False,0.33251953125,0.0,0.0,False,False,False,0.6012818269537502,6.340522940212784e-07,3.4882173588141143e-06,0.00018753232700434978,0.020275485958397562,2.0532865365512093e-05,0.0016812402368560236,0.0,0.0,0.0,0.0,4.800380386385186e-34,0.0,0.0,0.5793216125411378,0.0,0.0,0.0,0.0,0.0,0.0,0.0,False,0.1,-0.09447932243347168,-7.195807120297104e-05,25.345934781076046,50.08096957879966,188.75325159757705,206.9998930575437,-0.9447932243347168,-0.00071958068292588,-0.03202405851703568,-0.0015199280580376617,-0.03202405851703559,-0.0015199280580376617,0.23243288547547625,-0.05033574002966734,-0.32560894130464346,-0.050760760155462124,-0.0003770069424235316,0.0001452307981171068,6093.8425648708735,True,True,True,Z_mode_existing_controller,False,0.07831197579104432,0.0,3.2060107691711366,False,False,False,0.698576201373503,1.750568283571437e-05,9.63069250300416e-05,0.0002572408303047202,0.027812180044291285,2.5520914711931555e-05,0.0020896639573324393,0.0,0.0,0.0,0.0,5.577023456850787e-09,0.0,0.0,0.6685780448698256,0.0,0.0,0.0,0.0,0.0,0.0,0.0,False,-19.458874883950557,0.3183038669974527,-0.0038532645622566665,0.08898513423545422
667,-20.37223394959892,-3706.8111728139456,8.24970654543291,4.791295139930142,38.06969873781487,28.384392509967327,0.1,0.0,0.0,25.39902415943784,50.11456703407716,191.71813750169468,207.16453552995773,0.0,0.0,0.0,0.0,-1.3877787807814457e-17,-2.7755575615628914e-17,0.26014284641297625,-0.05033574002966734,nan,nan,0.0016859079526785642,7.206056277431476e-05,5975.738926174487,True,True,True,Z_mode_existing_controller,False,0.05060201485354432,0.0,0.0,False,False,False,1.2890943948554376,4.698582458855269e-06,2.584909328353984e-05,0.0003595594181217613,0.0388745879166117,2.8818587608542828e-05,0.0023596788949984057,0.0,0.0,0.0,0.0,1.6225959781462463e-34,20.0,0.0,-18.752165721049455,20.0,20.0,0.0,0.0,0.0,0.0,0.0,False,0.1,-0.0921979621052742,-0.0008703019702807069,25.335622583332963,50.08322014957412,190.58426266433517,207.46945954751936,-0.9219796061515808,-0.008703019469976425,-0.031275908732160615,-0.0019297057798296213,-0.031275908732160594,-0.0019297057798295658,0.23243288547547625,-0.05033574002966734,-0.32560894130464346,-0.05560337165900029,0.0016819597739277806,7.223724414894082e-05,5955.366692224888,True,True,True,Z_mode_existing_controller,False,0.07831197579104432,0.0,3.13353830584397,False,False,False,1.3909555646034324,8.778262206267366e-06,4.829331412701443e-05,0.00033526015265907184,0.036247417318570174,2.2049268850807704e-05,0.0018054040352058554,0.0,0.0,0.0,0.0,7.276458818854642e-09,20.0,0.0,-18.64714555734093,20.0,20.0,0.0,0.0,0.0,0.0,0.0,False,-20.37223394959892,0.3409157294400192,0.028943164504996028,0.08934800914844046
668,-18.05331658965133,-3724.864489403597,10.150848619546315,5.144055903375324,39.92818312112092,24.231436990978608,0.1,0.0,0.0,25.421769325594116,50.115772889746935,187.2177765583055,206.26760101126675,0.0,0.0,0.0,0.0,6.938893903907228e-17,-6.938893903907228e-17,0.055419921875,0.0,nan,nan,-7.892716709878046e-05,-2.0764432198777574e-05,6060.245043870523,False,True,True,Omega_safe_one_step_QP,False,0.33251953125,0.0,0.0,False,False,False,0.8665638063752568,2.907735872117025e-06,1.5996811051084563e-05,0.0020253248620782775,0.21897262439082896,8.044915308194259e-05,0.006587212781784019,0.0,0.0,0.0,0.0,8.666684749742562e-35,20.0,0.0,-19.359012027608408,20.0,20.0,0.0,0.0,0.0,0.0,0.0,False,0.1,-0.08851983398199081,-0.004189121536910534,25.3577056063395,50.08429114462679,186.1864140412765,207.41626670426373,-0.8851983547210693,-0.04189121350646019,-0.02925046070731327,0.006694598524042528,-0.02925046070731316,0.006694598524042417,0.0277099609375,0.0,-0.387939453125,-0.019670234725109266,-7.740122310749987e-05,-2.0929272706104486e-05,6042.191727280871,False,True,True,Omega_safe_one_step_QP,False,0.3602294921875,0.0,3.000678424936912,False,False,False,0.9568303893235134,1.1651545847942713e-05,6.41005873916897e-05,0.0019341072511339112,0.2091104239936773,2.8294785736180106e-07,2.3167897624647704e-05,0.0,0.0,0.0,0.0,7.848106442714319e-07,20.0,0.0,-19.252368087965824,20.0,20.0,0.0,0.0,0.0,0.0,0.0,False,-18.05331658965133,0.2978974688145802,0.060513843816446415,0.08965220251532895
669,-15.16768143783429,-3740.0321708414313,9.454078957277552,6.446120392102924,39.68145077201222,26.84685696552089,0.1,0.0,0.0,25.414316326638183,50.11442062131196,188.70070865046196,206.5015248909596,0.0,0.0,0.0,0.0,-2.7755575615628914e-17,-1.3877787807814457e-17,0.055419921875,0.0,nan,nan,0.0013202680859873846,4.737476457467634e-05,6025.457969947745,False,True,True,Omega_safe_one_step_QP,False,0.33251953125,0.0,0.0,False,False,False,1.0404991759891435,7.055416228498898e-06,3.881513495649106e-05,0.00021990875899475363,0.02377593786815934,5.472038149054955e-06,0.000448052940981864,0.0,0.0,0.0,0.0,1.2518544638517033e-34,20.0,0.0,-18.983763629954954,20.0,20.0,0.0,0.0,0.0,0.0,0.0,False,0.1,-0.09018027037382126,-0.002784799551591277,25.349758309475426,50.08278985567928,187.77843837654382,207.75222778678142,-0.9018027186393738,-0.02784799411892891,-0.031431514561467686,0.0071770809603008134,-0.03143151456146766,0.007177080960300952,0.0277099609375,0.0,-0.387939453125,-0.012835405095840585,0.0013196259498357012,4.7346598086318945e-05,6010.290288509911,False,True,True,Omega_safe_one_step_QP,False,0.3602294921875,0.0,3.2240511762974062,False,False,False,1.116337583178315,7.414718553609565e-06,4.079182460706306e-05,0.00025345414840833685,0.02740277428025329,1.1286984896645436e-05,0.0009241833920023497,0.0,0.0,0.0,0.0,4.989785216020168e-08,20.0,0.0,-18.9120302162164,20.0,20.0,0.0,0.0,0.0,0.0,0.0,False,-15.16768143783429,0.25172661586030165,0.08732196493209442,0.08988690929220369
670,-3.1305374216099153,-3743.162708263041,10.422746738110874,5.768974318358301,40.96877841843063,23.32171276527511,0.1,0.0,0.0,25.429081790405093,50.11466496270869,185.78476169134765,205.8877167404703,0.0,0.0,0.0,0.0,-5.551115123125783e-17,-9.71445146547012e-17,0.055419921875,0.0,nan,nan,2.7002900991626288e-05,-4.042827801218707e-05,6052.240670575397,False,True,True,Omega_safe_one_step_QP,False,0.33251953125,0.0,0.0,False,False,False,0.9065856728508834,4.939551837302798e-06,2.7174778210113278e-05,0.000850274666836798,0.09192938808801103,3.7676044560708405e-05,0.0030849314478746024,0.0,0.0,0.0,0.0,7.703719777548944e-35,20.0,0.0,-19.18845582146321,20.0,20.0,0.0,0.0,0.0,0.0,0.0,False,0.1,-0.09112599492073059,-0.008239134214818478,25.36408745585944,50.08290272152949,185.37794863729988,207.02319912094026,-0.9112599492073059,-0.08239133656024933,-0.029387395748349324,0.005509796776513143,-0.029387395748349282,0.005509796776513101,0.0277099609375,0.0,-0.387939453125,-0.03758083861526678,2.9617124046213417e-05,-4.061494772850897e-05,6049.1101331537875,False,True,True,Omega_safe_one_step_QP,False,0.3602294921875,0.0,2.989944630571893,False,False,False,0.922238359958933,9.682945439845041e-06,5.3270398492689526e-05,0.0005762350988215427,0.06230097413882687,5.3148279561813586e-05,0.004351804997907319,0.0,0.0,0.0,0.0,6.958258271653598e-08,20.0,0.0,-19.144467759158875,20.0,20.0,0.0,0.0,0.0,0.0,0.0,False,-3.1305374216099153,0.05172526328686611,0.09581263309393162,0.08983148079021984
671,0.28554717300721677,-3742.877161090034,9.190240776415571,4.197269806335525,39.207663676011734,24.294433752602306,0.1,0.0,0.0,25.42203590667797,50.112700056244854,187.19464584243812,206.07081751841702,0.0,0.0,0.0,0.0,-1.3877787807814457e-17,4.163336342344337e-17,0.055419921875,0.0,nan,nan,0.00041869264660417886,-3.3698280302017465e-05,5964.16302735795,False,True,True,Omega_safe_one_step_QP,False,0.33251953125,0.0,0.0,False,False,False,1.3469738889381189,5.045184693990041e-06,2.7755913816485197e-05,0.00019877733194960848,0.02149126535767103,3.3525894884694056e-06,0.0002745115328687951,0.0,0.0,0.0,0.0,2.0992636393820872e-34,20.0,0.0,-18.674819643866236,20.0,20.0,0.0,0.0,0.0,0.0,0.0,False,0.1,-0.08893007785081863,-0.005950892344117165,25.357073408984718,50.080888981914015,186.92765045857507,207.29598754100704,-0.8893007636070251,-0.059508923441171646,-0.030122778993358613,0.006051158295856354,-0.030122778993358502,0.006051158295856396,0.0277099609375,0.0,-0.387939453125,-0.02781381705445732,0.00041700023358851816,-3.386882895144768e-05,5964.448574530958,False,True,True,Omega_safe_one_step_QP,False,0.3602294921875,0.0,3.0724555830869784,False,False,False,1.3455461530730828,1.0026288325999832e-05,5.515928782690316e-05,0.00024015757348636488,0.025965184706062325,7.441352212252702e-06,0.0006093012608396269,0.0,0.0,0.0,0.0,8.338608116659716e-09,20.0,0.0,-18.681083500520256,20.0,20.0,0.0,0.0,0.0,0.0,0.0,False,0.28554717300721677,-0.004787715756551185,0.09444527976142504,0.08969624319436616
672,4.817883069342315,-3738.0592780206916,8.728837149855467,6.25604324742735,41.138437998800875,25.520452778220104,0.1,0.0,0.0,25.422037304756856,50.11109379610459,187.21102679835502,205.97690997577627,0.0,0.0,0.0,0.0,-1.3877787807814457e-16,-4.163336342344337e-17,0.055419921875,0.0,nan,nan,0.0019631726880050713,3.3882121340125066e-06,5917.302398003412,False,True,True,Omega_safe_one_step_QP,False,0.33251953125,0.0,0.0,False,False,False,1.5812770357108092,1.4099239069094264e-05,7.756648927956449e-05,2.6833571675145487e-08,2.9011729039145736e-06,8.818626564824252e-07,7.220731033230626e-05,0.0,0.0,0.0,0.0,2.253338034933066e-34,20.0,12.428413674144466,-30.847289313406172,32.428413674144466,32.428413674144466,0.0,0.0,0.0,0.0,0.0,False,0.1,-0.08856679499149323,-0.00468742661178112,25.35715531780011,50.079254001276844,187.13643012974728,207.29026900709192,-0.8856679201126099,-0.0468742661178112,-0.030190646532343844,0.006594697864780438,-0.030190646532343983,0.006594697864780438,0.0277099609375,0.0,-0.387939453125,-0.02199838127635676,0.0019595507169961855,3.2124014595824243e-06,5922.120281072755,False,True,True,Omega_safe_one_step_QP,False,0.3602294921875,0.0,3.090251086835307,False,False,False,1.5571876203640977,5.826866405245108e-06,3.2056309446275224e-05,4.358895109477581e-06,0.000471271902813271,3.270163013831679e-09,2.6776241611006445e-07,0.0,0.0,0.0,0.0,3.0004126583407963e-09,20.0,0.8498859712052642,-19.293201949816254,20.849885971205264,20.849885971205264,0.0,0.0,0.0,0.0,0.0,False,4.817883069342315,-0.08142026121510948,0.09202185887728498,0.08945393453929465
673,17.390448485966772,-3720.668829534725,9.98169327792555,2.2741495156040226,43.433046206273715,22.973478118515335,0.1,0.0,0.0,25.44522425473304,50.110236051131885,182.64785756554198,204.94791896354423,0.0,0.0,0.0,0.0,-5.551115123125783e-17,5.551115123125783e-17,0.055419921875,0.0,nan,nan,-0.0014028459029922827,-4.688830377502979e-05,5933.78503061167,False,True,True,Omega_safe_one_step_QP,False,0.33251953125,0.0,0.0,False,False,False,1.4988638726695216,3.343096201901053e-06,1.839193125490914e-05,0.0020822513447291534,0.2251273611132183,0.00010588225032543196,0.008669686205364076,0.0,0.0,0.0,0.0,1.6370404527291504e-34,20.0,0.0,-18.734951566580314,20.0,20.0,0.0,0.0,0.0,0.0,0.0,False,0.1,-0.08974198997020721,-0.0056140245869755745,25.380549458570428,50.07839561855852,183.09711511112147,206.3531027943539,-0.8974198698997498,-0.056140244007110596,-0.026648396738582797,0.007220069234340404,-0.026648396738582672,0.007220069234340501,0.0277099609375,0.0,-0.387939453125,-0.026001942133036457,-0.0014015056192802156,-4.714455146996458e-05,5951.1754790976365,False,True,True,Omega_safe_one_step_QP,False,0.3602294921875,0.0,2.7609173266970024,False,False,False,1.411911630239688,1.3073150011892533e-05,7.192149486069694e-05,0.0016316065819696058,0.17640487307335798,8.782805102977246e-05,0.007191400259406264,0.0,0.0,0.0,0.0,1.2938622951267477e-07,0.0,0.0,1.2282433060258333,0.0,0.0,0.0,0.0,0.0,0.0,0.0,False,17.390448485966772,-0.2930751349476191,0.08252756024052024,0.08891151758002075
674,8.468781845838748,-3712.200047688886,12.392388219312739,5.700574135734068,39.55854368151147,27.84526332914965,0.1,0.0,0.0,25.414149462038587,50.10766666006797,188.80185787582363,206.1095405615684,0.0,0.0,0.0,0.0,6.938893903907228e-18,1.3877787807814457e-17,0.055419921875,0.0,nan,nan,-0.002028292356054878,0.00011503033477371506,6324.465291264161,False,True,True,Omega_safe_one_step_QP,False,0.33251953125,0.0,0.0,False,False,False,-0.4545374305929363,1.174866907303167e-06,6.463490754618463e-06,0.0037871719818946595,0.40945875075266774,0.00013493647369962244,0.011048659062671055,0.0,0.0,0.0,0.0,5.633345087332665e-35,0.0,0.0,-0.8750513038990297,0.0,0.0,0.0,0.0,0.0,0.0,0.0,False,0.1,-0.09150611609220505,-0.0019380853045731783,25.35017980285279,50.07590488774121,188.88868032141733,206.5531826285988,-0.9150611758232117,-0.019380852580070496,-0.030936389829160887,-0.0025147375769343228,-0.03093638982916079,-0.002514737576934198,0.23243288547547625,-0.05033574002966734,-0.32560894130464346,-0.062154979114516354,-0.0020186182248796646,0.00011514975227280063,6332.93407311,True,True,True,Z_mode_existing_controller,False,0.07831197579104432,0.0,3.103842974028561,False,False,False,-0.49688133982213,3.0383027053028133e-05,0.0001671512009010015,0.0033542227585109303,0.3626494563785179,4.00319400714622e-06,0.0003277833230261026,0.0,0.0,0.0,0.0,1.1315334839768595e-06,0.0,0.0,-0.860026862258059,0.0,0.0,0.0,0.0,0.0,0.0,0.0,False,8.468781845838748,-0.13390510431824937,0.07980870433516181,0.08857527513332746
675,-2.0933998205573516,-3714.2934475094435,9.11690668527458,2.338548886735944,39.68499699993283,20.822610168876057,0.1,0.0,0.0,25.378790403040707,50.109297771416294,195.751026742307,207.68251581863225,0.0,0.0,0.0,0.0,6.245004513516506e-17,8.326672684688674e-17,0.26014284641297625,-0.05033574002966734,nan,nan,-0.00043817513906352714,-0.0001380640541452225,6161.246413560808,True,True,True,Z_mode_existing_controller,False,0.05060201485354432,0.0,0.0,False,False,False,0.36155695792383086,2.0957992847356903e-06,1.152996923840465e-05,0.004829094793490184,0.5221086158383239,0.0002474251159335115,0.020259279604242966,0.0,0.0,0.0,0.0,7.896312771987668e-35,0.0,0.0,-0.18082246748797443,0.0,0.0,0.0,0.0,0.0,0.0,0.0,False,0.1,-0.0937201976776123,-0.000921413884498179,25.315354699057348,50.077591418796224,195.40616926724542,208.11783233958533,-0.937201976776123,-0.009214138612151146,-0.03171050236170801,-0.0019820702202602014,-0.031710502361707874,-0.001982070220260118,0.23243288547547625,-0.05033574002966734,-0.32560894130464346,-0.05582215064410801,-0.00044118040079457223,-0.0001381588490003585,6159.153013740251,True,True,True,Z_mode_existing_controller,False,0.07831197579104432,0.0,3.177238679089015,False,False,False,0.3720239570266176,3.493797963161324e-05,0.0001922101192315808,0.004247766215899136,0.4592569486060972,0.00024481287180902744,0.02004538788224541,0.0,0.0,0.0,0.0,8.829847259126102e-09,0.0,0.0,-0.10747059841080386,0.0,0.0,0.0,0.0,0.0,0.0,0.0,False,-2.0933998205573516,0.033976888441757676,0.10088754125651266,0.08849512734642127
676,-8.402413491594416,-3722.695861001038,10.222809147323888,5.237879128105755,35.13150220061533,21.243746207754832,0.1,0.0,0.0,25.373025730519448,50.106941870914326,196.91294035685056,207.79018194295065,0.0,0.0,0.0,0.0,-2.42861286636753e-17,6.938893903907228e-17,0.26014284641297625,-0.05033574002966734,nan,nan,-0.000222762404141855,-0.00012778171068908602,6303.885624662533,True,True,True,Z_mode_existing_controller,False,0.05060201485354432,0.0,0.0,False,False,False,-0.3516390975847935,2.5298388221839606e-06,1.3917823147640559e-05,0.00013500432476616582,0.014596300994312562,1.1591994325744983e-06,9.491577010281106e-05,0.0,0.0,0.0,0.0,7.715756839701364e-35,0.0,0.0,-0.3663442321723565,0.0,0.0,0.0,0.0,0.0,0.0,0.0,False,0.1,-0.09391750395298004,-0.00036270200507715344,25.309582227238256,50.0752177677184,196.3058208882447,208.2125660098984,-0.939175009727478,-0.0036270199343562126,-0.03180353946245869,-0.0016733759111975943,-0.03180353946245862,-0.0016733759111976915,0.23243288547547625,-0.05033574002966734,-0.32560894130464346,-0.05249085362373603,-0.00022199555700842723,-0.0001278755693651652,6295.483211170938,True,True,True,Z_mode_existing_controller,False,0.07831197579104432,0.0,3.184753223218946,False,False,False,-0.3096270301268214,3.6700941959069336e-05,0.00020190899714993957,8.09373039166656e-05,0.008750721517121928,8.974468290986556e-07,7.348334938453344e-05,0.0,0.0,0.0,0.0,1.0394807856363332e-09,0.0,0.0,-0.31865314502995856,0.0,0.0,0.0,0.0,0.0,0.0,0.0,False,-8.402413491594416,0.13328943435651602,0.12974213959883954,0.0885623046395589
677,-15.166621393787864,-3737.8624823948257,9.136467695385013,5.309375435306977,45.44369255298818,23.843497016748277,0.1,0.0,0.0,25.371460256133936,50.10497816159525,197.24242048007105,207.7426044629806,0.0,0.0,0.0,0.0,8.673617379884035e-17,-9.71445146547012e-17,0.26014284641297625,-0.05033574002966734,nan,nan,0.0011775231308176668,-2.778802671581852e-05,6196.633630755678,True,True,True,Z_mode_existing_controller,False,0.05060201485354432,0.0,0.0,False,False,False,0.18462087194948254,9.991107933036113e-07,5.496574407888255e-06,1.0855715159739046e-05,0.0011736904447655432,2.263616600299993e-07,1.8534594375862323e-05,0.0,0.0,0.0,0.0,4.005934284325451e-34,0.0,0.0,0.18342315033593326,0.0,0.0,0.0,0.0,0.0,0.0,0.0,False,0.1,-0.09612227231264114,-0.00013195976498536766,25.307853240521293,50.07319486343892,196.33992007480893,208.135602230718,-0.9612227082252502,-0.0013195975916460156,-0.03257665310852171,-0.0015791440424229725,-0.03257665310852173,-0.0015791440424229863,0.23243288547547625,-0.05033574002966734,-0.32560894130464346,-0.05110183790211876,0.0011745409781803752,-2.7777337733978034e-05,6181.46700936189,True,True,True,Z_mode_existing_controller,False,0.07831197579104432,0.0,3.261490493102303,False,False,False,0.26045397891842187,2.428944949080166e-05,0.0001336275889997957,1.1627545243414483e-07,1.257138617535602e-05,5.923423305729831e-07,4.8501256031468354e-05,0.0,0.0,0.0,0.0,6.065843548217715e-09,0.0,0.0,0.2602592726213717,0.0,0.0,0.0,0.0,0.0,0.0,0.0,False,-15.166621393787864,0.24475581900649335,0.15345938058111236,0.08879222128676745
678,-16.795673764221647,-3754.6581561590474,8.931251865102695,4.514609598224415,40.92762509508553,24.95414494167206,0.1,0.0,0.0,25.3911774302621,50.105070631989896,193.3520985161784,206.91196692152513,0.0,0.0,0.0,0.0,-5.377642775528102e-17,5.551115123125783e-17,0.26014284641297625,-0.05033574002966734,nan,nan,0.0008912349511700591,-1.2439727507317132e-05,6084.109759173741,True,True,True,Z_mode_existing_controller,False,0.05060201485354432,0.0,0.0,False,False,False,0.7472402298591669,1.8094056937251972e-06,9.954384535004165e-06,0.0015134604982745645,0.16363123932570597,6.899587252751935e-05,0.005649413026644156,0.0,0.0,0.0,0.0,4.304754352259283e-34,0.0,0.0,0.5779496231222818,0.0,0.0,0.0,0.0,0.0,0.0,0.0,False,0.1,-0.09330261498689651,-7.941609510453418e-05,25.327112214087876,50.07318404332424,192.37679670012696,207.28243309522708,-0.933026134967804,-0.0007941609364934266,-0.03164741285881317,-0.001505659890775557,-0.031647412858813215,-0.0015056598907755847,0.23243288547547625,-0.05033574002966734,-0.32560894130464346,-0.050810726746750266,0.0008884970313104657,-1.2394001398142226e-05,6067.314085409519,True,True,True,Z_mode_existing_controller,False,0.07831197579104432,0.0,3.168320931286579,False,False,False,0.8312185986802751,1.844312518306883e-05,0.00010146423255776981,0.0015706346882950611,0.1698127574962582,7.278975737543407e-05,0.005960058021717572,0.0,0.0,0.0,0.0,8.688873622216827e-09,0.0,0.0,0.6553443102408679,0.0,0.0,0.0,0.0,0.0,0.0,0.0,False,-16.795673764221647,0.2760580336161227,0.1715914216165864,0.0890624801347676
679,-18.916928703956728,-3773.575084863004,8.328472130971978,5.560541246704351,35.78678051130768,25.03901528262359,0.1,0.0,0.0,25.403382488965253,50.104865992497686,190.94619351299315,206.38129727539453,0.0,0.0,0.0,0.0,-1.1796119636642288e-16,-8.326672684688674e-17,0.26014284641297625,-0.05033574002966734,nan,nan,0.0019109173013932867,-3.407052024816939e-05,5966.385675519053,True,True,True,Z_mode_existing_controller,False,0.05060201485354432,0.0,0.0,False,False,False,1.335860648132607,7.84084388009426e-06,4.31361387510071e-05,0.0005788378884351767,0.06258238068407107,2.816102733243811e-05,0.0023058375642992677,0.0,0.0,0.0,0.0,2.337898396553818e-34,20.0,0.0,-18.729070706254515,20.0,20.0,0.0,0.0,0.0,0.0,0.0,False,0.1,-0.09217424690723419,0.0001466496760258451,25.338805668349018,50.07286609424015,189.87032217633512,206.7412396029091,-0.9217424392700195,0.0014664967311546206,-0.03128885600482371,-0.0013618327885841774,-0.03128885600482382,-0.0013618327885840664,0.23243288547547625,-0.05033574002966734,-0.32560894130464346,-0.04944789276373267,0.001907198574018719,-3.395369420219462e-05,5947.468746815096,True,True,True,Z_mode_existing_controller,False,0.07831197579104432,0.0,3.1318478549167548,False,False,False,1.4304452916523906,1.0166179176256269e-05,5.592889263206674e-05,0.0006282414538417517,0.06792376002221874,2.928903961273238e-05,0.0023981997163681074,0.0,0.0,0.0,0.0,1.4924925286758253e-09,20.0,0.0,-18.639932598471322,20.0,20.0,0.0,0.0,0.0,0.0,0.0,False,-18.916928703956728,0.3170584292191441,0.18509755098285902,0.08938469726983257
680,-15.755230684174421,-3789.3303155471785,10.699733575502757,4.745582484373704,39.611199208406376,23.073127444031677,0.1,0.0,0.0,25.428893583748113,50.10385588009242,185.92664628288375,205.24608282702144,0.0,0.0,0.0,0.0,6.938893903907228e-17,5.551115123125783e-17,0.055419921875,0.0,nan,nan,-0.0008945913774664452,-4.951346476660839e-05,6084.541508486337,False,True,True,Omega_safe_one_step_QP,False,0.33251953125,0.0,0.0,False,False,False,0.7450814832961851,2.818112966690298e-06,1.550375365281518e-05,0.002519585439529891,0.2724107358780139,0.00012887118437950216,0.010552030449390076,0.0,0.0,0.0,0.0,5.435937268032974e-34,0.0,0.0,0.4621032132151283,0.0,0.0,0.0,0.0,0.0,0.0,0.0,False,0.1,-0.09040797501802444,-0.009763282723724842,25.363711107010275,50.07172862899318,184.99653814795693,206.270656128763,-0.9040797352790833,-0.09763282537460327,-0.028753725827387916,0.005483905671963815,-0.028753725827388,0.00548390567196394,0.0277099609375,0.0,-0.387939453125,-0.0448865572161494,-0.0008912483303744386,-4.974919645068772e-05,6068.786277802163,False,True,True,Omega_safe_one_step_QP,False,0.3602294921875,0.0,2.9271999767279353,False,False,False,0.8238576367170571,1.7680286653582625e-05,9.726750205838184e-05,0.0023753770755274395,0.25681931915471273,2.2144880613942288e-05,0.0018132327693078482,0.0,0.0,0.0,0.0,5.329102008677196e-07,0.0,0.0,0.5651272843807773,0.0,0.0,0.0,0.0,0.0,0.0,0.0,False,-15.755230684174421,0.2589386671485438,0.18975828008799647,0.08962871451744231
681,-13.363134286651984,-3802.6934498338305,6.889268383972595,5.984294184266257,41.574569079591775,21.441838102071937,0.1,0.0,0.0,25.408173581239332,50.10176032654876,190.0337586187678,205.9977769804704,0.0,0.0,0.0,0.0,-1.0408340855860843e-16,-4.163336342344337e-17,0.26014284641297625,-0.05033574002966734,nan,nan,0.003651245843492344,-0.00014319524403603426,5798.6198309521,True,True,True,Z_mode_existing_controller,False,0.05060201485354432,0.0,0.0,False,False,False,2.1746898709673723,2.2951492568694777e-05,0.00012626686401694104,0.0016868371739570851,0.18237625470235116,5.650441003293578e-05,0.0046266064680258795,0.0,0.0,0.0,0.0,3.952971210854802e-34,20.0,51.443575456889626,-69.45601471395663,71.44357545688962,71.44357545688962,0.0,0.0,0.0,0.0,0.0,False,0.1,-0.09151337295770645,-0.000544911075849086,25.342611908282652,50.06950332125342,189.18047638256726,206.35086432531432,-0.9151337146759033,-0.005449110642075539,-0.03106470467300386,-0.0017374017452063406,-0.03106470467300377,-0.0017374017452063822,0.23243288547547625,-0.05033574002966734,-0.32560894130464346,-0.053658567747317726,0.0036426164274527975,-0.00014307042213360967,5785.256696665448,True,True,True,Z_mode_existing_controller,False,0.07831197579104432,0.0,3.111325185905812,False,False,False,2.2415055424006325,8.71671141119611e-06,4.7954694499200006e-05,0.001750533915103427,0.189262973388876,6.433354794016028e-07,5.2676597957133625e-05,0.0,0.0,0.0,0.0,5.748790403816271e-07,20.0,36.49670937506579,-54.44456801222553,56.49670937506579,56.49670937506579,0.0,0.0,0.0,0.0,0.0,False,-13.363134286651984,0.2304537058167139,0.1882496224744227,0.08982159746208712
682,-0.5801748857047642,-3803.2736247195353,10.542875079346562,4.778715803254369,39.8034536617601,26.5237714567201,0.1,0.0,0.0,25.459044248441177,50.09843427152976,180.04213657529283,203.66744670794606,0.0,0.0,0.0,0.0,1.1102230246251565e-16,-8.326672684688674e-17,0.055419921875,0.0,nan,nan,-0.0007086796849654162,5.209986092389067e-05,5925.62776823924,False,True,True,Omega_safe_one_step_QP,False,0.33251953125,0.0,0.0,False,False,False,1.5396501845316697,1.1406504251123721e-05,6.275249929278149e-05,0.009983251105965478,1.0793620004164135,0.0005430439179043411,0.04446467986364003,0.0,0.0,0.0,0.0,4.800380386385186e-34,20.0,1.5234997418844498,-21.107738990132127,21.52349974188445,21.52349974188445,0.0,0.0,0.0,0.0,0.0,False,0.1,-0.09402921050786972,0.010257357731461525,25.392987677163305,50.066086370523365,179.7142911427443,205.7366949203219,-0.9402921199798584,0.10257357358932495,-0.024542616035856613,0.0156452114577518,-0.024542616035856557,0.015645211457751815,0.0277099609375,0.0,-0.387939453125,0.045341917770910234,-0.0007046905463360135,5.191130334384567e-05,5925.047593353535,False,True,True,Omega_safe_one_step_QP,False,0.3602294921875,0.0,2.910519959459566,False,False,False,1.5425510589601936,1.0701541132237946e-05,5.88741684172235e-05,0.00896086629946424,0.9688245313867989,3.772040580287481e-05,0.003088563766304564,0.0,0.0,0.0,0.0,3.4469288195446143e-06,20.0,0.0,-19.429424357290145,20.0,20.0,0.0,0.0,0.0,0.0,0.0,False,-0.5801748857047642,0.009790943818888563,0.17307140856028144,0.08970973799462668
683,-5.376294698359743,-3808.649919417895,9.623981875435378,3.4824751212095952,43.04487445938577,29.014457322185898,0.1,0.0,0.0,25.436262196430416,50.09747150525368,184.54242986915,204.5682537296806,0.0,0.0,0.0,0.0,4.163336342344337e-17,-4.163336342344337e-17,0.055419921875,0.0,nan,nan,-0.0003416564295300002,0.00012710771543163256,5943.950462918166,False,True,True,Omega_safe_one_step_QP,False,0.33251953125,0.0,0.0,False,False,False,1.4480367111370425,6.4833184075276285e-06,3.5667758046307145e-05,0.0020252639730735807,0.21896604123698304,8.114532904062708e-05,0.006644215981913997,0.0,0.0,0.0,0.0,6.548161810916602e-35,20.0,0.0,-18.777609213839902,20.0,20.0,0.0,0.0,0.0,0.0,0.0,False,0.1,-0.09208802878856659,-0.01589404232800007,25.37032754892842,50.06506164020203,184.03988849443917,205.47426111306058,-0.9208802580833435,-0.1589404195547104,-0.028371939290515916,0.003680269608927589,-0.028371939290515985,0.0036802696089276443,0.0277099609375,0.0,-0.387939453125,-0.07173950260012547,-0.00034163940258621125,0.00012709527441161087,5938.574168219806,False,True,True,Omega_safe_one_step_QP,False,0.3602294921875,0.0,2.860963689911367,False,False,False,1.474918184628841,1.3559208188659e-05,7.459552756364216e-05,0.001871079244898977,0.2022960071098482,6.8871503193670115e-06,0.0005639229609737837,0.0,0.0,0.0,0.0,1.5782355003441946e-06,20.0,0.0,-18.728017919205044,20.0,20.0,0.0,0.0,0.0,0.0,0.0,False,-5.376294698359743,0.09044985707569754,0.13730805508948704,0.0897107742107168
684,-3.841874710283264,-3812.4917941281783,10.028098027589536,6.078191423529663,40.62560032247957,24.961840151061388,0.1,0.0,0.0,25.422710431430918,50.098710185587166,187.19718554786323,205.20146002697447,0.0,0.0,0.0,0.0,1.249000902703301e-16,4.163336342344337e-17,0.055419921875,0.0,nan,nan,0.0005857921029089627,2.202276451594232e-06,6047.698003630187,False,True,True,Omega_safe_one_step_QP,False,0.33251953125,0.0,0.0,False,False,False,0.9292990075769376,7.367853478265361e-06,4.053399797213207e-05,0.0007047727713660139,0.07619811825489216,4.009502149326094e-05,0.0032829983654059855,0.0,0.0,0.0,0.0,1.3866695599588098e-34,20.0,0.0,-19.15022264304133,20.0,20.0,0.0,0.0,0.0,0.0,0.0,False,0.1,-0.08969847857952118,-0.00625291233882308,25.35669638800183,50.06624716524553,186.7515543135564,206.46239462989953,-0.8969847559928894,-0.06252912431955338,-0.03023518179508715,0.006815567588554311,-0.03023518179508719,0.006815567588554242,0.0277099609375,0.0,-0.387939453125,-0.028975066143533956,0.0005869289873823356,2.0462474683937727e-06,6043.856128919903,False,True,True,Omega_safe_one_step_QP,False,0.3602294921875,0.0,3.0993840996819504,False,False,False,0.9485083811283539,1.3105651729059313e-05,7.210030196396187e-05,0.0007353131514568714,0.07950006121900811,9.764078471005252e-05,0.00799487129976818,0.0,0.0,0.0,0.0,1.3301766051891403e-07,20.0,0.0,-19.13905878471005,20.0,20.0,0.0,0.0,0.0,0.0,0.0,False,-3.841874710283264,0.0635262327579377,0.13160544293148807,0.08967352728743082
685,2.9566663470714047,-3809.535127781107,10.360694341212783,6.388405644472792,40.37061593559147,26.142294799218103,0.1,0.0,0.0,25.425262419225728,50.09785990836145,186.70186504457715,205.04175095363271,0.0,0.0,0.0,0.0,-8.326672684688674e-17,0.0,0.055419921875,0.0,nan,nan,0.0004294832085581426,4.082701224876451e-05,6068.85460783121,False,True,True,Omega_safe_one_step_QP,False,0.33251953125,0.0,0.0,False,False,False,0.8235159865718197,7.326155447003348e-06,4.030459765634101e-05,2.4534240097557642e-05,0.0026525754174982655,2.5506988107683285e-06,0.00020885236407225475,0.0,0.0,0.0,0.0,4.506676069866132e-34,20.0,0.0,-19.17938574580741,20.0,20.0,0.0,0.0,0.0,0.0,0.0,False,0.1,-0.08871070295572281,-0.005466486793011427,25.359232317902887,50.06533990535398,186.53969251165304,206.3735468963285,-0.8871070146560669,-0.054664865136146545,-0.029663574838801367,0.007146987763199025,-0.029663574838801353,0.00714698776319915,0.0277099609375,0.0,-0.387939453125,-0.025612941356463644,0.00043189360021340115,4.071408382684636e-05,6071.811274178282,False,True,True,Omega_safe_one_step_QP,False,0.3602294921875,0.0,3.0512409054423832,False,False,False,0.8087326548364626,1.3145962784125254e-05,7.232207187688392e-05,4.488542310573573e-06,0.0004852890061434418,7.893919760711107e-07,6.463576949426606e-05,0.0,0.0,0.0,0.0,4.365738446360211e-09,20.0,0.0,-19.19188959637679,20.0,20.0,0.0,0.0,0.0,0.0,0.0,False,2.9566663470714047,-0.04871868809076661,0.11786450830550015,0.08947626037969614
686,6.282600692497908,-3803.252527088609,8.51000585346348,5.089532548794538,41.30613792922862,21.873398709829317,0.1,0.0,0.0,25.425062670855326,50.09770753989129,186.74080456296645,205.03628112646368,0.0,0.0,0.0,0.0,-8.326672684688674e-17,-1.249000902703301e-16,0.055419921875,0.0,nan,nan,0.0016301572700235685,-0.00010770680748220865,5885.4887645109875,False,True,True,Omega_safe_one_step_QP,False,0.33251953125,0.0,0.0,False,False,False,1.740345203172933,1.4751828587969765e-05,8.115668855711065e-05,1.5162860923905281e-07,1.639367348887244e-05,2.9919009259135203e-09,2.4497819139170844e-07,0.0,0.0,0.0,0.0,1.5600032549536611e-34,20.0,8.91571388017037,-27.175466472337675,28.915713880170372,28.915713880170372,0.0,0.0,0.0,0.0,0.0,False,0.1,-0.08894079923629761,-0.005526902619749308,25.35926539467327,50.06517468894132,186.72445790693908,206.39480848522985,-0.8894079923629761,-0.0552690252661705,-0.029928401410213037,0.007125484380327257,-0.02992840141021308,0.007125484380327243,0.0277099609375,0.0,-0.387939453125,-0.02582902172237018,0.0016256457925613516,-0.00010806110972040985,5891.771365203485,False,True,True,Omega_safe_one_step_QP,False,0.3602294921875,0.0,3.076494333856521,False,False,False,1.7089321997104434,1.0613341123862742e-05,5.83889390392006e-05,3.4138251295204956e-06,0.00036909350288396984,4.520551626101556e-08,3.701447971968092e-06,0.0,0.0,0.0,0.0,7.059550840062595e-10,20.0,0.137584181069558,-18.429083165954967,20.13758418106956,20.13758418106956,0.0,0.0,0.0,0.0,0.0,False,6.282600692497908,-0.10674730585472311,0.09676371940776757,0.08920538495289684
687,17.02693397243638,-3786.2255931161726,8.062266193050261,5.319778307104901,43.39528456197549,20.179032235763582,0.1,0.0,0.0,25.44290572926613,50.09459107607261,183.25770413290235,204.10813238459878,0.0,0.0,0.0,0.0,5.551115123125783e-17,-1.1102230246251565e-16,0.055419921875,0.0,nan,nan,0.0022489367601629274,-0.00015680292487120213,5759.197407367204,False,True,True,Omega_safe_one_step_QP,False,0.33251953125,0.0,0.0,False,False,False,2.3718019888918525,2.9529555038928065e-05,0.0001624558533359535,0.0012131988605912707,0.13116776640910385,8.614600870254007e-05,0.007053673878294939,0.0,0.0,0.0,0.0,1.9451892438311082e-34,20.0,86.80880274443447,-104.57538465168335,106.80880274443447,106.80880274443447,0.0,0.0,0.0,0.0,0.0,False,0.1,-0.08852630108594894,-0.011096139438450336,25.377354787795845,50.06206298935629,183.71415327791138,205.33893687376653,-0.8852630257606506,-0.11096139252185822,-0.026851637765732572,0.005563135949161205,-0.026851637765732544,0.005563135949161149,0.0277099609375,0.0,-0.387939453125,-0.05209868479052178,0.0022423447845784073,-0.00015734743162831724,5776.22434133964,False,True,True,Omega_safe_one_step_QP,False,0.3602294921875,0.0,2.742186959875213,False,False,False,2.2866673190296707,1.2048688679323328e-05,6.628545531412003e-05,0.0009061933959545602,0.09797516923491871,0.0001114864859894142,0.009128563538234344,0.0,0.0,0.0,0.0,1.1907407144364297e-07,20.0,42.95075671813359,-60.77125953640646,62.95075671813359,62.95075671813359,0.0,0.0,0.0,0.0,0.0,False,17.02693397243638,-0.2956476878298253,0.06590195091963061,0.08868621855670272
688,27.980402724637315,-3758.2451903915353,8.508098060248834,4.5897263029742135,38.05909918149168,21.102875658108484,0.1,0.0,0.0,25.46715900529469,50.08996001558364,178.52872999616613,202.8268010618392,0.0,0.0,0.0,0.0,1.3877787807814457e-16,2.7755575615628914e-17,0.055419921875,0.0,nan,nan,0.0013373861501301933,-0.0001389750909461631,5693.108717745062,False,True,True,Omega_safe_one_step_QP,False,0.33251953125,0.0,0.0,False,False,False,2.7022454370025617,3.524920292349575e-05,0.00019392230369877464,0.0022363196385920005,0.24178480667873922,0.0001641809958684789,0.01344321367074308,0.0,0.0,0.0,0.0,2.619264724366641e-34,20.0,122.43331320453201,-139.9864897101826,142.433313204532,142.433313204532,0.0,0.0,0.0,0.0,0.0,False,0.1,-0.09060265868902206,0.004359980579465628,25.40220519654969,50.05751188575386,179.43327240292464,204.85556645039668,-0.9060265421867371,0.04359980672597885,-0.02327916762289131,0.013371527871974737,-0.023279167622891367,0.013371527871974806,0.0277099609375,0.0,-0.387939453125,0.020001878525429482,0.0013330462905302052,-0.0001397445877958075,5721.089120469699,False,True,True,Omega_safe_one_step_QP,False,0.3602294921875,0.0,2.684618041445882,False,False,False,2.562343423379375,1.4846647073482442e-05,8.167832926438437e-05,0.0018325941065827195,0.1981350984601082,2.3364696618874644e-05,0.0019131118515765054,0.0,0.0,0.0,0.0,7.373352734175323e-07,20.0,68.26018159439025,-85.8979687969871,88.26018159439025,88.26018159439025,0.0,0.0,0.0,0.0,0.0,False,27.980402724637315,-0.49147845424810105,0.027785583925987775,0.0879135884011778
689,30.73224736780412,-3727.512943023731,11.639506843918321,5.723457117908137,35.99956580675986,25.66244294299888,0.1,0.0,0.0,25.473841619153443,50.08496327118445,177.2678974370268,202.26518837781109,0.0,0.0,0.0,0.0,5.551115123125783e-17,-2.7755575615628914e-17,0.055419921875,0.0,nan,nan,-0.001387394906420909,2.2230827505416873e-05,5964.752694905296,False,True,True,Omega_safe_one_step_QP,False,0.33251953125,0.0,0.0,False,False,False,1.3440255512013892,1.491658959878937e-05,8.206311571369692e-05,0.00015896987421858702,0.01718739112351774,3.154088068612686e-05,0.002582581474695652,0.0,0.0,0.0,0.0,1.0014835710813627e-34,20.0,3.5461485760837554,-22.221975060596293,23.546148576083755,23.546148576083755,0.0,0.0,0.0,0.0,0.0,False,0.1,-0.09371467679738998,0.013042988255620003,25.409879335697678,50.05263908232567,178.218279158923,204.7491868507968,-0.9371467232704163,0.13042987883090973,-0.0229050749938208,0.01790191028015596,-0.022905074993820634,0.017901910280156044,0.0277099609375,0.0,-0.387939453125,0.05784910764610896,-0.0013773545707842848,2.2190002962846605e-05,5995.4849422731,False,True,True,Omega_safe_one_step_QP,False,0.3602294921875,0.0,2.90709623533744,False,False,False,1.1903643143623686,1.4641405929921156e-05,8.054920201973267e-05,0.00014762085829696461,0.015960366339917906,1.1316619211029934e-06,9.266098629720832e-05,0.0,0.0,0.0,0.0,2.0664310059483092e-07,20.0,0.0,-18.825769468808968,20.0,20.0,0.0,0.0,0.0,0.0,0.0,False,30.73224736780412,-0.515230872757786,-0.010426081685598363,0.08707320176039583
690,13.104849825341262,-3714.40809319839,9.336879576113581,4.240141714675448,39.92329400047283,25.02160495722698,0.1,0.0,0.0,25.43862458424406,50.08300777920043,184.23127924778464,203.63500776440952,0.0,0.0,0.0,0.0,-8.326672684688674e-17,-5.551115123125783e-17,0.055419921875,0.0,nan,nan,0.00029944499335782205,-7.009028453941121e-06,5909.294063183778,False,True,True,Omega_safe_one_step_QP,False,0.33251953125,0.0,0.0,False,False,False,1.6213187098089792,1.3510241600568237e-05,7.432613952705479e-05,0.00484886862423933,0.5242465087237929,0.0001876405151900917,0.015364089647801973,0.0,0.0,0.0,0.0,2.0029671421627254e-34,20.0,0.6486384159089224,-19.567004630611066,20.648638415908923,20.648638415908923,0.0,0.0,0.0,0.0,0.0,False,0.1,-0.09314971417188644,-0.007438229862600565,25.375902901300623,50.05081598683763,184.5061706907997,205.12482778414466,-0.9314970970153809,-0.07438229769468307,-0.0292115943065466,0.008045647681984139,-0.029211594306546726,0.008045647681984278,0.0277099609375,0.0,-0.387939453125,-0.03319061052991638,0.0002983017246178188,-7.271368178344249e-06,5922.3989130091195,False,True,True,Omega_safe_one_step_QP,False,0.3602294921875,0.0,3.029933478730014,False,False,False,1.555794460682273,1.568106166938519e-05,8.626883308452851e-05,0.003953757991664684,0.42746957777066374,1.4110611080644615e-05,0.0011553831719586945,0.0,0.0,0.0,0.0,1.3691809824590683e-06,20.0,0.0,-18.872918138274418,20.0,20.0,0.0,0.0,0.0,0.0,0.0,False,13.104849825341262,-0.2217667573354896,-0.023975543452058292,0.08664747067565928
691,14.864819744423585,-3699.5432734539663,12.024556064112835,5.322889848846471,39.565781613486976,26.66040578724347,0.1,0.0,0.0,25.43447516981527,50.081553713775264,185.0641659527356,203.7242784871561,0.0,0.0,0.0,0.0,2.7755575615628914e-17,-8.326672684688674e-17,0.055419921875,0.0,nan,nan,-0.0019192531435513424,7.409332045764123e-05,6195.722953887685,False,True,True,Omega_safe_one_step_QP,False,0.33251953125,0.0,0.0,False,False,False,0.1891742562894433,4.919910290830646e-06,2.7066720903162166e-05,6.937002632840764e-05,0.007500098874807193,7.969261939698636e-07,6.525267463921967e-05,0.0,0.0,0.0,0.0,1.3096323621833205e-34,0.0,0.0,0.18158183801909372,0.0,0.0,0.0,0.0,0.0,0.0,0.0,False,0.1,-0.09174006432294846,-0.009566585533320904,25.372274640369017,50.049409871290386,185.39223031783405,205.11547336093787,-0.9174006581306458,-0.09566584974527359,-0.02961985611160481,0.006895523986088184,-0.02961985611160492,0.006895523986088059,0.0277099609375,0.0,-0.387939453125,-0.04334361111308872,-0.0019102334731447698,7.414576786304297e-05,6210.587773632109,False,True,True,Omega_safe_one_step_QP,False,0.3602294921875,0.0,3.0411907653333623,False,False,False,0.11485015756732536,2.6985496559740158e-05,0.00014845980122381704,7.851016626602375e-05,0.008488305985139832,8.75052335316758e-09,7.164967817693921e-07,0.0,0.0,0.0,0.0,1.4894622173313521e-08,0.0,0.0,0.10621266038955778,0.0,0.0,0.0,0.0,0.0,0.0,0.0,False,14.864819744423585,-0.2399206655148488,-0.036062086649175366,0.08617616264788124
692,13.085841632804659,-3686.4574318211617,10.54259027840609,5.010611421510898,36.9372248697277,26.597434635299877,0.1,0.0,0.0,25.39773848783978,50.08185485743544,192.30057783491785,205.2821661229746,0.0,0.0,0.0,0.0,-5.551115123125783e-17,0.0,0.26014284641297625,-0.05033574002966734,nan,nan,-0.0006406309498688106,4.359939198430012e-05,6225.472359723238,True,True,True,Z_mode_existing_controller,False,0.05060201485354432,0.0,0.0,False,False,False,0.040427227111681535,4.5451433375297385e-06,2.5004953121007852e-05,0.00523656569285883,0.5661632630054386,0.00024270138858360757,0.01987249868754076,0.0,0.0,0.0,0.0,1.3866695599588098e-34,0.0,0.0,-0.5456335395344188,0.0,0.0,0.0,0.0,0.0,0.0,0.0,False,0.1,-0.09039478003978729,-0.0011927129235118628,25.336252684169235,50.04977633035712,192.59222475331234,205.78416586967725,-0.9039477705955505,-0.01192712876945734,-0.030501303073207593,-0.0020813824278123477,-0.030501303073207666,-0.0020813824278122367,0.23243288547547625,-0.05033574002966734,-0.32560894130464346,-0.05769881672909468,-0.0006381559332781345,4.3601633626590315e-05,6238.558201356042,True,True,True,Z_mode_existing_controller,False,0.07831197579104432,0.0,3.0572236456865016,False,False,False,-0.025001981052341762,3.2436524369966365e-05,0.00017844844728708866,0.005183991987091831,0.5604791366999244,4.4714967124417e-05,0.0036612815883716883,0.0,0.0,0.0,0.0,8.136179751004299e-07,0.0,0.0,-0.5893216614059,0.0,0.0,0.0,0.0,0.0,0.0,0.0,False,13.085841632804659,-0.2101983733389575,-0.04283276293299164,0.0857469990253866
693,1.572282907815861,-3684.885148913346,10.184453761424834,4.772897218469088,39.586451897107054,24.12496012697315,0.1,0.0,0.0,25.386165281043887,50.08266898312959,194.57028770214797,205.808738081708,0.0,0.0,0.0,0.0,-4.336808689942018e-19,5.551115123125783e-17,0.26014284641297625,-0.05033574002966734,nan,nan,-0.0003302949574033142,-2.45574879255586e-05,6243.424654731757,True,True,True,Z_mode_existing_controller,False,0.05060201485354432,0.0,0.0,False,False,False,-0.0493342479309149,4.872222959718339e-06,2.6804370655793e-05,0.0005151582881401767,0.05569751521984797,2.7727802772432846e-05,0.0022703649427771653,0.0,0.0,0.0,0.0,6.115015652525605e-35,0.0,0.0,-0.10732893246419582,0.0,0.0,0.0,0.0,0.0,0.0,0.0,False,0.1,-0.09347640722990036,-0.0006433044327422976,25.3252638624021,50.0506739857457,194.3844740701918,206.27330986942601,-0.9347640872001648,-0.006433044094592333,-0.031567266519921186,-0.0018230551715269355,-0.03156726651992118,-0.0018230551715268106,0.23243288547547625,-0.05033574002966734,-0.32560894130464346,-0.05417618267676589,-0.0003296575995661768,-2.4623243773741737e-05,6244.996937639573,True,True,True,Z_mode_existing_controller,False,0.07831197579104432,0.0,3.1619864732445886,False,False,False,-0.057195662469994205,3.541901055508784e-05,0.0001948564946697149,0.00032121576138549027,0.034728975871111685,2.3926185249021717e-05,0.001959086792761578,0.0,0.0,0.0,0.0,1.2030110410693088e-08,0.0,0.0,-0.0940785936586476,0.0,0.0,0.0,0.0,0.0,0.0,0.0,False,1.572282907815861,-0.025183020453754684,-0.029626548953279923,0.08558613777633724
694,-6.528961166449335,-3691.414110079795,13.279513972851783,5.554743668296711,39.47270664253613,26.173881867965484,0.1,0.0,0.0,25.381121939494893,50.082470424249486,195.56463142122118,206.00468670856276,0.0,0.0,0.0,0.0,9.280770596475918e-17,-2.7755575615628914e-17,0.26014284641297625,-0.05033574002966734,nan,nan,-0.0030033269104553896,7.921289072523917e-05,6587.464112230265,True,True,True,Z_mode_existing_controller,False,0.05060201485354432,0.0,0.0,False,False,False,-1.7695315354234527,1.6676102536786612e-05,9.174301693202454e-05,9.88719431660351e-05,0.010689766011893663,3.83958643662707e-06,0.00031438706168047167,0.0,0.0,0.0,0.0,1.5627304018475687e-34,20.0,0.0,-21.78062743151396,20.0,20.0,0.0,0.0,0.0,0.0,0.0,False,0.1,-0.09414947777986526,-0.0007205797592177987,25.320388442576707,50.05048219066859,195.05501842099983,206.41218886136969,-0.9414947628974915,-0.0072057973593473434,-0.03182197542600182,-0.001876719932532675,-0.03182197542600193,-0.0018767199325327721,0.23243288547547625,-0.05033574002966734,-0.32560894130464346,-0.054606753047019146,-0.0029935358158557036,7.910244624633866e-05,6580.935151063815,True,True,True,Z_mode_existing_controller,False,0.07831197579104432,0.0,3.1877267726676894,False,False,False,-1.736886729591206,7.079502840775403e-05,0.0003894764664338215,4.496297264005615e-05,0.00486127450650216,1.928737440329006e-06,0.00015792588775545918,0.0,0.0,0.0,0.0,6.775653341068002e-10,20.0,0.0,-21.74229540712946,20.0,20.0,0.0,0.0,0.0,0.0,0.0,False,-6.528961166449335,0.0991119049032493,-0.017172006570096217,0.0856068008854033
695,-49.17565430150353,-3740.5897643812987,8.960345677754988,4.543278542448171,43.55292661448005,24.91917931186163,0.1,0.0,0.0,25.336806134682877,50.084502301554544,204.27481235098406,207.97686631525818,0.0,0.0,0.0,0.0,1.3877787807814457e-16,1.3877787807814457e-17,0.055419921875,0.0,nan,nan,0.0009206548956881655,-5.833174581580756e-06,6346.650375587852,False,True,True,Omega_safe_one_step_QP,False,0.33251953125,0.0,0.0,False,False,False,-0.5654628522113899,8.163959382285596e-06,4.491374781302547e-05,0.0075867251829205016,0.8202561252970421,0.0003889492401065301,0.03184733844600282,0.0,0.0,0.0,0.0,3.846593674082788e-35,0.0,0.0,-1.4176112297022478,0.0,0.0,0.0,0.0,0.0,0.0,0.0,False,0.1,-0.09364539384841919,-0.037621982395648956,25.27611506062377,50.052469828806466,201.93672533868192,207.68543142076274,-0.9364539384841919,-0.37621980905532837,-0.047392509098901456,-0.0083767116421163,-0.047392509098901484,-0.008376711642116327,0.0277099609375,0.0,-0.387939453125,-0.16698690983064463,0.0009182171616091668,-5.53303447331727e-06,6297.4747212863485,False,True,True,Omega_safe_one_step_QP,False,0.3602294921875,0.0,4.81271151911751,False,False,False,-0.31958458070387225,5.173415775947262e-05,0.00028461372798718114,0.00473578901008736,0.5120206479053213,0.00016211466150497752,0.01327402128512739,0.0,0.0,0.0,0.0,2.8469141108355382e-06,20.0,0.0,-20.845166710536418,20.0,20.0,0.0,0.0,0.0,0.0,0.0,False,-49.17565430150353,0.7748284747282724,0.021691103971462525,0.08661973281078136
696,-30.562129949017617,-3771.1518943303163,10.217687890513714,4.777004074555812,42.89644591837638,28.206589176451534,0.1,0.0,0.0,25.358547971054122,50.08618051494527,199.96671018926466,207.1482049691792,0.0,0.0,0.0,0.0,1.3877787807814457e-16,-1.3877787807814457e-17,0.26014284641297625,-0.05033574002966734,nan,nan,-0.00027569023940348996,0.00011085643221916811,6376.476243598424,True,True,True,Z_mode_existing_controller,False,0.05060201485354432,0.0,0.0,False,False,False,-0.7145921922642492,7.4800492883501825e-06,4.115123944576823e-05,0.0018559744235811405,0.20066291484556464,6.866796264854168e-05,0.005622563618498431,0.0,0.0,0.0,0.0,7.703719777548944e-36,0.0,0.0,-0.9209188219677581,0.0,0.0,0.0,0.0,0.0,0.0,0.0,False,0.1,-0.09529995173215866,-0.027516424655914307,25.296235173149174,50.05384017685968,198.43356497125575,207.44862400322904,-0.9529995322227478,-0.27516424655914307,-0.04462787614497536,-0.0033426304517329974,-0.04462787614497549,-0.003342630451732914,0.0277099609375,0.0,-0.387939453125,-0.12001250344249932,-0.0002758589170736127,0.0001108145797406564,6345.914113649406,False,True,True,Omega_safe_one_step_QP,False,0.3602294921875,0.0,4.475288267305394,False,False,False,-0.5617815425191611,5.122889296649759e-05,0.0002818340307314939,0.00122721325599055,0.1326829647840855,5.607775299897877e-06,0.00045916715984858984,0.0,0.0,0.0,0.0,3.298516880130567e-07,20.0,0.0,-20.695205838345515,20.0,20.0,0.0,0.0,0.0,0.0,0.0,False,-30.562129949017617,0.4792949707873537,0.03994612181599125,0.08719869502677947
697,-20.88552267248815,-3792.0374170028044,10.850238054534461,6.076307239700426,43.764644033382616,23.57354377138193,0.1,0.0,0.0,25.35877660143825,50.089519539721564,199.88012991879768,207.31669009176971,0.0,0.0,0.0,0.0,-5.551115123125783e-17,-1.1102230246251565e-16,0.26014284641297625,-0.05033574002966734,nan,nan,-0.0001247951912448015,-1.4430214998301452e-05,6440.199643404395,True,True,True,Z_mode_existing_controller,False,0.05060201485354432,0.0,0.0,False,False,False,-1.0332091912941042,6.694526267251529e-06,3.682971097913915e-05,7.496143234135721e-07,8.10462650966467e-05,2.8387236534339394e-06,0.00023243596753350863,0.0,0.0,0.0,0.0,4.718528363748728e-34,0.0,0.0,-1.0335595032377134,0.0,0.0,0.0,0.0,0.0,0.0,0.0,False,0.1,-0.09450594335794449,-0.012180293910205364,25.295534472735238,50.0569769310235,198.74248286266243,208.29017817843848,-0.9450594186782837,-0.12180294096469879,-0.04453965992573987,0.002744315993587945,-0.0445396599257398,0.002744315993587973,0.0277099609375,0.0,-0.387939453125,-0.05357051468933151,-0.00012339706326053562,-1.4652983457126047e-05,6419.314120731907,False,True,True,Omega_safe_one_step_QP,False,0.3602294921875,0.0,4.462412549925452,False,False,False,-0.9287815779316634,4.948804484667443e-05,0.0002722568133822538,9.543026363114887e-06,0.001031766096633919,7.082134298124381e-05,0.005798883367162158,0.0,0.0,0.0,0.0,3.705869912954082e-07,20.0,0.0,-20.935884854795834,20.0,20.0,0.0,0.0,0.0,0.0,0.0,False,-20.88552267248815,0.32429930481856495,0.04457116749438272,0.08755124583761066
698,-11.27470920894666,-3803.312126211751,9.440015042152185,5.668239965822374,34.10532956632118,25.745964041857356,0.1,0.0,0.0,25.361187183489914,50.09033102533612,199.39314422189733,207.25433079331907,0.0,0.0,0.0,0.0,-1.1102230246251565e-16,1.3877787807814457e-17,0.26014284641297625,-0.05033574002966734,nan,nan,0.0007852015274861555,-6.487194550396308e-06,6282.281110700791,True,True,True,Z_mode_existing_controller,False,0.05060201485354432,0.0,0.0,False,False,False,-0.2436165277760847,3.621484236368898e-06,1.9923473658388386e-05,2.3715506898551748e-05,0.0025640562072624063,3.8886821032565503e-07,3.184070369115659e-05,0.0,0.0,0.0,0.0,1.8681520460556187e-34,0.0,0.0,-0.24623234816069667,0.0,0.0,0.0,0.0,0.0,0.0,0.0,False,0.1,-0.09353724867105484,-0.004171791952103376,25.297363331916216,50.05762697121467,198.63104789446027,208.6049998944386,-0.9353724718093872,-0.04171791672706604,-0.043921025736141386,0.006003391564232588,-0.04392102573614125,0.0060033915642325325,0.0277099609375,0.0,-0.387939453125,-0.01853810011646205,0.0007833621394338674,-6.559175694788311e-06,6271.006401491844,False,True,True,Omega_safe_one_step_QP,False,0.3602294921875,0.0,4.432941700483189,False,False,False,-0.1872429817313514,3.764550728931741e-05,0.0002071054915283587,1.2417752138216665e-06,0.00013425736412231123,9.911271286526348e-06,0.000811539343811807,0.0,0.0,0.0,0.0,1.1004281835712418e-07,0.0,0.0,-0.18839599397363224,0.0,0.0,0.0,0.0,0.0,0.0,0.0,False,-11.27470920894666,0.17946839707223738,0.03996376503797565,0.08768437529616925
699,22.590022957178007,-3780.722103254573,9.39660261449875,4.4480004428745445,38.027058482622294,25.219386100818973,0.1,0.0,0.0,25.376842577564556,50.09122384304373,196.2941518937698,206.6387645616087,0.0,0.0,0.0,0.0,-8.326672684688674e-17,1.3877787807814457e-17,0.26014284641297625,-0.05033574002966734,nan,nan,0.00028959006171822867,-8.453109336927379e-06,6203.333527397703,True,True,True,Z_mode_existing_controller,False,0.05060201485354432,0.0,0.0,False,False,False,0.1511213887393569,3.0400139806213245e-06,1.672453461367814e-05,0.0009603753449793329,0.10383317443433647,3.7892178562211074e-05,0.0031026285969772954,0.0,0.0,0.0,0.0,7.703719777548944e-36,0.0,0.0,0.044168861173429455,0.0,0.0,0.0,0.0,0.0,0.0,0.0,False,0.1,-0.09462049603462219,-0.0010798164876177907,25.31269506679302,50.058410892556275,196.98969502124154,207.2232393814007,-0.9462049603462219,-0.010798164643347263,-0.03192754752037762,-0.0020845663265403047,-0.03192754752037753,-0.002084566326540263,0.23243288547547625,-0.05033574002966734,-0.32560894130464346,-0.05670415692231432,0.0002867835208213579,-8.599506731625604e-06,6225.923550354881,True,True,True,Z_mode_existing_controller,False,0.07831197579104432,0.0,3.1995526365973626,False,False,False,0.03817127395346688,3.31966624144225e-05,0.00018263032115895878,0.0002694039254423353,0.029127220862121314,0.00019092621153907706,0.015633123940370003,0.0,0.0,0.0,0.0,2.092585825549127e-06,0.0,0.0,-0.006773793756008943,0.0,0.0,0.0,0.0,0.0,0.0,0.0,False,22.590022957178007,-0.3641594129576734,0.005859068622191502,0.08703908813499582
700,12.866467561341778,-3767.8556356932313,13.153617794433515,7.028458486760615,38.741521567989786,25.123732412071977,0.1,0.0,0.0,25.38249811518464,50.09159408249741,195.17265663688465,206.41551692473135,0.0,0.0,0.0,0.0,-1.3964523981613297e-16,9.71445146547012e-17,0.26014284641297625,-0.05033574002966734,nan,nan,-0.0018291075525265225,4.204192295793343e-05,6563.411604432429,True,True,True,Z_mode_existing_controller,False,0.05060201485354432,0.0,0.0,False,False,False,-1.6492689964342753,7.899221400064369e-06,4.3457300712637694e-05,0.00012577516112158665,0.013598468882523761,4.983950737131941e-06,0.0004080881245073843,0.0,0.0,0.0,0.0,1.0111884524417514e-34,20.0,0.0,-21.66331901074202,20.0,20.0,0.0,0.0,0.0,0.0,0.0,False,0.1,-0.09445395320653915,-0.0007038642652332783,25.319194231206296,50.058925400425444,195.42731442531607,206.94674729834375,-0.9445395469665527,-0.007038642652332783,-0.03189992929260795,-0.0018721608020610542,-0.03189992929260802,-0.001872160802061179,0.23243288547547625,-0.05033574002966734,-0.32560894130464346,-0.05449422876456587,-0.0018171600661853367,4.2236373741298076e-05,6576.278071993771,True,True,True,Z_mode_existing_controller,False,0.07831197579104432,0.0,3.1954819275692397,False,False,False,-1.7136013342409842,5.244486012863639e-05,0.0002885236331550097,0.00024410331265244434,0.026391787310185547,7.644787199317179e-06,0.0006259586089373534,0.0,0.0,0.0,0.0,4.5878873334363377e-10,20.0,0.0,-21.74090760425205,20.0,20.0,0.0,0.0,0.0,0.0,0.0,False,12.866467561341778,-0.19603322687629013,-0.017535929630527237,0.08661200651389502
701,-28.866660298242095,-3796.7222959914734,11.31403632698191,3.7303617994143012,39.639541154661664,27.89273912174201,0.1,0.0,0.0,25.35544457676364,50.092799308772896,200.4895267323968,207.61541759744756,0.0,0.0,0.0,0.0,-4.85722573273506e-17,4.163336342344337e-17,0.055419921875,0.0,nan,nan,-0.002160755915688779,0.00010498865691281481,6505.629129679542,False,True,True,Omega_safe_one_step_QP,False,0.33251953125,0.0,0.0,False,False,False,-1.3603566226698376,1.9279261666740877e-05,0.00010606420928553283,0.0028269107612551316,0.3056379151320504,0.0001439761624384816,0.011788832836076853,0.0,0.0,0.0,0.0,1.1375776050421639e-34,20.0,0.0,-21.677889434847252,20.0,20.0,0.0,0.0,0.0,0.0,0.0,False,0.1,-0.09456531703472137,-0.01582127809524536,25.292845273884375,50.0602124467051,199.03676404401895,208.36309372984113,-0.9456531405448914,-0.1582127809524536,-0.0448779174820705,0.0010021461927459535,-0.04487791748207057,0.0010021461927460368,0.0277099609375,0.0,-0.387939453125,-0.0695403470978061,-0.002158254736462993,0.00010478270150606839,6476.7624693812995,False,True,True,Omega_safe_one_step_QP,False,0.3602294921875,0.0,4.488910529871554,False,False,False,-1.216023321178627,7.964466069013468e-05,0.00043816242063287057,0.0013028126549954385,0.14085656651703557,0.00020060372140153447,0.016425522793803413,0.0,0.0,0.0,0.0,1.7668981814622702e-06,20.0,0.0,-21.37374533980828,20.0,20.0,0.0,0.0,0.0,0.0,0.0,False,-28.866660298242095,0.4437181973154382,-0.004847973491616869,0.08714524506986163
702,-35.21894464116849,-3831.941240632642,9.396001234696454,2.7772840444274918,35.64081654138672,27.119247068799975,0.1,0.0,0.0,25.327810183641358,50.09608600903692,205.89641573760582,208.95422504855577,0.0,0.0,0.0,0.0,-5.551115123125783e-17,0.0,0.055419921875,0.0,nan,nan,-0.0006460230508773044,3.9151508963188074e-05,6433.485342971166,False,True,True,Omega_safe_one_step_QP,False,0.33251953125,0.0,0.0,False,False,False,-0.9996376891279578,1.9144269828111486e-05,0.00010532155622797686,0.0029234448714650224,0.31607492099302736,0.00017924053911428606,0.014676295834523824,0.0,0.0,0.0,0.0,1.7814851985581931e-35,20.0,0.0,-21.330494227511736,20.0,20.0,0.0,0.0,0.0,0.0,0.0,False,0.1,-0.09652922302484512,-0.03882608562707901,25.264388468270557,50.063294005306695,204.15809014180235,208.68602201870368,-0.96529221534729,-0.3882608413696289,-0.051381269276036104,-0.009752238112358397,-0.05138126927603617,-0.009752238112358341,0.0277099609375,0.0,-0.387939453125,-0.1671829445584801,-0.0006481384161047109,3.926612992871713e-05,6398.266398329997,False,True,True,Omega_safe_one_step_QP,False,0.3602294921875,0.0,5.22985753210991,False,False,False,-0.8235429659221154,8.062822009942271e-05,0.0004435734396249229,0.00262279809998373,0.28356980845600266,1.0428267974769854e-05,0.0008538712648137452,0.0,0.0,0.0,0.0,1.5795036633795105e-06,20.0,0.0,-21.10841179858622,20.0,20.0,0.0,0.0,0.0,0.0,0.0,False,-35.21894464116849,0.5474318003948911,0.02317963070508134,0.08782393067062418
703,-27.525087676485782,-3859.4663283091277,12.436747135993365,4.419593245665296,39.323136635757464,25.347763609381534,0.1,0.0,0.0,25.327358931632915,50.098887175899605,205.95019894872823,209.12177527256975,0.0,0.0,0.0,0.0,1.3877787807814457e-17,1.3877787807814457e-16,0.055419921875,0.0,nan,nan,-0.002916499754049179,4.530793976519542e-05,6760.782416218336,False,True,True,Omega_safe_one_step_QP,False,0.33251953125,0.0,0.0,False,False,False,-2.6361230553638095,4.3259602136258376e-05,0.00023799124540668334,2.892633798637479e-07,3.1274371146527736e-05,2.807307756713462e-06,0.00022986361980204713,0.0,0.0,0.0,0.0,2.407412430484045e-34,20.0,5.743192018708614,-28.379814203308776,25.743192018708612,25.743192018708612,0.0,0.0,0.0,0.0,0.0,False,0.1,-0.09640055894851685,-0.03977850452065468,25.262817714238373,50.06588029904123,204.59258730157657,208.86098107991475,-0.9640055894851685,-0.3977850377559662,-0.05176902012507953,-0.010386419028306351,-0.05176902012507964,-0.010386419028306462,0.0277099609375,0.0,-0.387939453125,-0.17151261648931554,-0.002911722147733234,4.500028051212385e-05,6733.25732854185,False,True,True,Omega_safe_one_step_QP,False,0.3602294921875,0.0,5.280065477759206,False,False,False,-2.4984976169813806,0.00012509585506967146,0.0006882106370158147,1.887877818518679e-05,0.002041122232736858,3.061067309985873e-06,0.00025064156598021545,0.0,0.0,0.0,0.0,5.525361550867271e-09,20.0,29.992762814428144,-52.49424041137062,49.99276281442815,49.99276281442815,0.0,0.0,0.0,0.0,0.0,False,-27.525087676485782,0.4071287312908677,0.04081877698102801,0.0883179273382459
704,-37.39398028622327,-3896.860308595351,10.60075698710168,4.8134224720738485,35.44526978244585,24.033719430774003,0.1,0.0,0.0,25.292886740384645,50.10181282777861,212.70932469348844,210.7286444335802,0.0,0.0,0.0,0.0,-8.326672684688674e-17,9.020562075079397e-17,0.055419921875,0.0,nan,nan,-0.0008468557492925287,-3.7257931577373794e-05,6728.457464223321,False,True,True,Omega_safe_one_step_QP,False,0.33251953125,0.0,0.0,False,False,False,-2.474498295388735,4.116562181856958e-05,0.00022647128315427643,0.004568578083348029,0.4939422565615435,0.000258202850060643,0.021141765314547426,0.0,0.0,0.0,0.0,1.179632090937182e-34,20.0,3.8776372342333985,-26.867446022781376,23.877637234233397,23.877637234233397,0.0,0.0,0.0,0.0,0.0,False,0.1,-0.098255455493927,-0.021547513082623482,25.2276422065186,50.068643763448314,210.88820426804318,211.12961912090117,-0.98255455493927,-0.21547512710094452,-0.0597334747573775,-0.004323806705908428,-0.05973347475737742,-0.0043238067059084145,0.0277099609375,0.0,-0.387939453125,-0.09115230439138386,-0.000847301712469049,-3.7410435837961515e-05,6691.063483937098,False,True,True,Omega_safe_one_step_QP,False,0.3602294921875,0.0,5.9889759650714085,False,False,False,-2.2875283939576185,0.00012308592729113964,0.0006771530869790947,0.0039634792988462245,0.4285206191052707,0.0005146718561010688,0.04214156270209926,0.0,0.0,0.0,0.0,1.0018780576162222e-06,20.0,30.061747688029328,-52.82061641875935,50.06174768802933,50.06174768802933,0.0,0.0,0.0,0.0,0.0,False,-37.39398028622327,0.5557585893208843,0.06740126552214006,0.08903654095322855
705,-24.75866961808333,-3921.6189782134343,8.814614777611004,5.040702680395998,38.92974607939529,25.63181909448824,0.1,0.0,0.0,25.295040818656158,50.10412923202455,212.25520454333542,210.75984541842678,0.0,0.0,0.0,0.0,1.3877787807814457e-16,-6.938893903907228e-18,0.055419921875,0.0,nan,nan,0.0011988530520474364,-3.7726513437355428e-06,6519.6109442238185,False,True,True,Omega_safe_one_step_QP,False,0.33251953125,0.0,0.0,False,False,False,-1.4302656953912218,1.8168648832700403e-05,9.995421015272989e-05,2.0622511077499853e-05,0.002229649898009573,9.735014553963736e-08,7.971073633976771e-06,0.0,0.0,0.0,0.0,5.87408633038107e-34,20.0,0.0,-21.43260327057302,20.0,20.0,0.0,0.0,0.0,0.0,0.0,False,0.1,-0.09708599746227264,-0.02486765943467617,25.22864220899732,50.07070865551707,210.92762572669756,211.07648375641702,-0.970859944820404,-0.248676598072052,-0.05898845559712432,-0.0058561406600270635,-0.0589884555971244,-0.0058561406600270705,0.0277099609375,0.0,-0.387939453125,-0.1064646637342896,0.0011936985608919908,-3.636746348290032e-06,6494.852274605735,False,True,True,Omega_safe_one_step_QP,False,0.3602294921875,0.0,5.927843011723523,False,False,False,-1.3064723473008053,8.143117917570335e-05,0.0004479908919623881,1.5540514024385159e-07,1.6801981766076693e-05,2.823366958863341e-07,2.3117855448581176e-05,0.0,0.0,0.0,0.0,2.9031008960890285e-08,20.0,0.0,-21.306960287060992,20.0,20.0,0.0,0.0,0.0,0.0,0.0,False,-24.75866961808333,0.3797568571176594,0.08922151272888326,0.08946895924035203
706,-0.06388024973421125,-3921.6828584631685,10.96825860089828,4.507742798026205,37.99870977757911,21.419609512293476,0.1,0.0,0.0,25.327498108075325,50.107039079796216,205.8202004540748,209.5477431005853,0.0,0.0,0.0,0.0,-8.326672684688674e-17,-1.3877787807814457e-17,0.055419921875,0.0,nan,nan,-0.0013481345830722797,-0.00010046426591858661,6599.509519731169,False,True,True,Omega_safe_one_step_QP,False,0.33251953125,0.0,0.0,False,False,False,-1.8297585729279762,2.4871630657373176e-05,0.00013683043909648072,0.004140927762880084,0.4477058651816673,0.00014691920289166646,0.012029810310019685,0.0,0.0,0.0,0.0,4.935195482492292e-34,20.0,0.0,-22.28963107885876,20.0,20.0,0.0,0.0,0.0,0.0,0.0,False,0.1,-0.09504226595163345,-0.021624334156513214,25.26027918207267,50.07345455578623,205.5437526558221,210.15834656903843,-0.9504226446151733,-0.21624334156513214,-0.05196193379073698,-0.003506422623104209,-0.05196193379073685,-0.0035064226231041745,0.0277099609375,0.0,-0.387939453125,-0.094569944557303,-0.0013461587790204212,-0.00010055751866288329,6599.445639481435,False,True,True,Omega_safe_one_step_QP,False,0.3602294921875,0.0,5.2080107170442185,False,False,False,-1.8294391716793053,9.458422632653919e-05,0.0005203519382443315,0.002898608924329803,0.3133897258298917,8.429758948474691e-05,0.006902324482669353,0.0,0.0,0.0,0.0,5.489318354868052e-07,20.0,3.2540533220408445,-25.404305444902793,23.254053322040846,23.254053322040846,0.0,0.0,0.0,0.0,0.0,False,-0.06388024973421125,0.0009679545054556328,0.09374066680741662,0.08933590967657762
707,-2.2042285535799238,-3923.8870870167484,8.796735757941644,6.1026838604704245,42.04360002696481,23.10279245044156,0.1,0.0,0.0,25.31641981012533,50.107008764804746,208.0022918268511,210.00707343803802,0.0,0.0,0.0,0.0,0.0,-2.7755575615628914e-17,0.055419921875,0.0,nan,nan,0.0018128430470328478,-6.893807724262467e-05,6416.077831288965,False,True,True,Omega_safe_one_step_QP,False,0.33251953125,0.0,0.0,False,False,False,-0.9126001307169553,6.308794945917984e-06,3.470762309521956e-05,0.00047615227591446893,0.05148029109743265,2.109843589044227e-05,0.001727549405419,0.0,0.0,0.0,0.0,7.125940794232773e-35,20.0,0.0,-20.965842678842904,20.0,20.0,0.0,0.0,0.0,0.0,0.0,False,0.1,-0.09540926665067673,-0.024139460176229477,25.249342042651115,50.07341550693111,207.636396693448,210.49530221835573,-0.9540926218032837,-0.24139459431171417,-0.05439090472382177,-0.004994090085367275,-0.05439090472382166,-0.004994090085367178,0.0277099609375,0.0,-0.387939453125,-0.10516329105401072,0.0018066923906389651,-6.899846259295376e-05,6413.873602735385,False,True,True,Omega_safe_one_step_QP,False,0.3602294921875,0.0,5.461969839221565,False,False,False,-0.9015789879490558,5.317571937891158e-05,0.00029254443072596563,0.0004379159068211299,0.0473462787005507,1.1353910960684568e-05,0.0009296633281804723,0.0,0.0,0.0,0.0,8.113054272046921e-08,20.0,0.0,-20.950147555539054,20.0,20.0,0.0,0.0,0.0,0.0,0.0,False,-2.2042285535799238,0.03435476644049847,0.10839902125004804,0.08925566750191576
708,20.42368172780425,-3903.463405288944,12.499629733337542,5.691047707589052,39.38716647267783,26.588609986060124,0.1,0.0,0.0,25.35456104028919,50.10794797516372,200.46995698071797,208.44729590834763,0.0,0.0,0.0,0.0,-7.632783294297951e-17,-1.3877787807814457e-16,0.055419921875,0.0,nan,nan,-0.0021148505064135245,8.182667780873949e-05,6628.570799957875,False,True,True,Omega_safe_one_step_QP,False,0.33251953125,0.0,0.0,False,False,False,-1.9750649740615063,1.783994121614745e-05,9.814583626173354e-05,0.005673606823427132,0.6134149632729572,0.00024329059421270658,0.019920743109046936,0.0,0.0,0.0,0.0,1.8151889725849698e-34,20.0,0.0,-22.60849882627977,20.0,20.0,0.0,0.0,0.0,0.0,0.0,False,0.1,-0.09512665122747421,-0.010846114717423916,25.287429642584584,50.07433581339528,201.00716096442181,209.66516412535893,-0.9512665271759033,-0.10846114158630371,-0.04724373508888463,0.0019683497348985945,-0.04724373508888454,0.001968349734898525,0.0277099609375,0.0,-0.387939453125,-0.047391358457175126,-0.0021051902404268597,8.207888686345352e-05,6648.99448168568,False,True,True,Omega_safe_one_step_QP,False,0.3602294921875,0.0,4.728472169557064,False,False,False,-2.0771833827005275,7.92779012756836e-05,0.00043614470605623373,0.004394676635099743,0.4751405042000888,6.891292534443716e-05,0.005642621274044158,0.0,0.0,0.0,0.0,9.95576020413887e-07,20.0,0.0,-22.558403648456736,20.0,20.0,0.0,0.0,0.0,0.0,0.0,False,20.42368172780425,-0.30811591735482474,0.11351326984122584,0.08865741891822694
709,7.191069601210984,-3896.272335687733,11.457344782678334,5.1520611571787285,40.70604223445426,26.151235141557713,0.1,0.0,0.0,25.32755437372951,50.110730808116365,205.7590314309877,209.73198166288742,0.0,0.0,0.0,0.0,-2.7755575615628914e-17,-1.1102230246251565e-16,0.055419921875,0.0,nan,nan,-0.0013764871440450095,6.0335820732508334e-05,6649.241735433098,False,True,True,Omega_safe_one_step_QP,False,0.33251953125,0.0,0.0,False,False,False,-2.078419651437621,2.465291175952622e-05,0.00013562716444017164,0.0027974308540496123,0.3024506276166211,0.00016504174879174795,0.013513692506640092,0.0,0.0,0.0,0.0,3.1296361596292584e-35,20.0,0.0,-22.394519598725324,20.0,20.0,0.0,0.0,0.0,0.0,0.0,False,0.1,-0.09502364695072174,-0.030909059569239616,25.261338105117094,50.07722935178876,205.79185165304423,209.99234820061722,-0.950236439704895,-0.30909058451652527,-0.052211192515328436,-0.0075977194211267335,-0.05221119251532845,-0.007597719421126678,0.0277099609375,0.0,-0.387939453125,-0.13520142523933906,-0.0013727202816077502,6.039989193504366e-05,6656.432805034309,False,True,True,Omega_safe_one_step_QP,False,0.3602294921875,0.0,5.27611027583282,False,False,False,-2.1143749994436756,9.183926153678417e-05,0.0005052506068253876,0.002289326498579008,0.24751576444230594,1.0704941910262075e-05,0.0008765254508982712,0.0,0.0,0.0,0.0,1.1618531238138948e-06,20.0,4.836119164489853,-27.19939286628668,24.83611916448985,24.83611916448985,0.0,0.0,0.0,0.0,0.0,False,7.191069601210984,-0.10814871661065566,0.13121274106396094,0.08836064867927733
710,3.4081500397433047,-3892.86418564799,9.39930164420985,5.285133682089616,40.988441002887505,25.084221322435702,0.1,0.0,0.0,25.315989359740602,50.11389802625858,207.9994537082669,210.38762421529847,0.0,0.0,0.0,0.0,-1.3877787807814457e-16,6.245004513516506e-17,0.055419921875,0.0,nan,nan,0.0007845742443240819,-3.2409440103007593e-06,6481.33882048786,False,True,True,Omega_safe_one_step_QP,False,0.33251953125,0.0,0.0,False,False,False,-1.2389050767114305,1.1900279688363213e-05,6.546898824452247e-05,0.0005019491980528953,0.05426938426842181,4.2986715653207944e-05,0.003519771581800337,0.0,0.0,0.0,0.0,4.241860702512887e-34,20.0,0.0,-21.296759701549895,20.0,20.0,0.0,0.0,0.0,0.0,0.0,False,0.1,-0.09523612260818481,-0.03432686626911163,25.25018786486387,50.08044988909946,207.88705701770357,210.45950422244536,-0.9523612260818481,-0.34326866269111633,-0.054545655857963754,-0.009646621230359712,-0.05454565585796389,-0.00964662123035969,0.0277099609375,0.0,-0.387939453125,-0.149816492530449,0.0007804453297556718,-3.2678936587910053e-06,6484.7469705276035,False,True,True,Omega_safe_one_step_QP,False,0.3602294921875,0.0,5.5392110215602495,False,False,False,-1.255945826910147,6.524729864786632e-05,0.0003589558178486426,0.000438988552009726,0.04746225018561214,2.1823474873029887e-05,0.0017869159229077318,0.0,0.0,0.0,0.0,9.647717721986959e-08,20.0,0.0,-21.30555404531369,20.0,20.0,0.0,0.0,0.0,0.0,0.0,False,3.4081500397433047,-0.05258404373136549,0.13813765954932708,0.08815378456352069
711,16.64431806142511,-3876.2198675865648,10.27913737338454,5.305916255084789,40.307785054197716,28.97486834548546,0.1,0.0,0.0,25.338683888948154,50.1161336164059,203.49699390267443,209.54952530361538,0.0,0.0,0.0,0.0,-1.3877787807814457e-16,-1.249000902703301e-16,0.055419921875,0.0,nan,nan,-0.00010533763374951689,0.00012489699843888852,6467.321812945703,False,True,True,Omega_safe_one_step_QP,False,0.33251953125,0.0,0.0,False,False,False,-1.1688200390006431,9.339402348296532e-06,5.138040773523954e-05,0.002027214430097587,0.21917691935402248,7.024097857643807e-05,0.005751362869071458,0.0,0.0,0.0,0.0,3.5100073236457374e-34,20.0,0.0,-21.393799701631472,20.0,20.0,0.0,0.0,0.0,0.0,0.0,False,0.1,-0.09536486864089966,-0.025763070210814476,25.273059546430773,50.08271898214632,203.92594695656845,210.08026915744264,-0.9536486864089966,-0.25763070583343506,-0.050451442495592774,-0.0053051568278356664,-0.05045144249559293,-0.005305156827835653,0.0277099609375,0.0,-0.387939453125,-0.11228878296785608,-0.00010560930152013741,0.0001249425884947673,6483.966131007128,False,True,True,Omega_safe_one_step_QP,False,0.3602294921875,0.0,5.072960416614785,False,False,False,-1.2520416293077687,5.804254271622994e-05,0.00031931909554083,0.0015690392916425844,0.16964026754243486,1.4381923452761531e-05,0.0011775983508263243,0.0,0.0,0.0,0.0,3.5610896215000374e-07,20.0,0.0,-21.423179170405533,20.0,20.0,0.0,0.0,0.0,0.0,0.0,False,16.64431806142511,-0.2573602882743211,0.13647328475822512,0.0876485112589271
712,20.270275353006582,-3855.949592233558,11.726330058532072,6.114299257164592,40.428266590511264,24.919879226253688,0.1,0.0,0.0,25.344299310687344,50.12022738837584,202.33960621250367,209.5327246377689,0.0,0.0,0.0,0.0,-1.1102230246251565e-16,5.551115123125783e-17,0.055419921875,0.0,nan,nan,-0.001037804610995343,2.5508554592176288e-05,6592.44312930666,False,True,True,Omega_safe_one_step_QP,False,0.33251953125,0.0,0.0,False,False,False,-1.7944266208054296,1.3485197345760014e-05,7.418835940200146e-05,0.00013395462653588186,0.014482810472072184,2.8226237288538134e-08,2.3111769847886808e-06,0.0,0.0,0.0,0.0,3.331858803789918e-34,20.0,0.0,-21.80898593081389,20.0,20.0,0.0,0.0,0.0,0.0,0.0,False,0.1,-0.09541919082403183,-0.026433000341057777,25.279347669854115,50.08692092567797,202.90330251730174,210.0441984033211,-0.9541919231414795,-0.2643299996852875,-0.04940448167973591,-0.005571534157970286,-0.049404481679735976,-0.0055715341579701885,0.0277099609375,0.0,-0.387939453125,-0.11514309656991377,-0.0010319149092600354,2.5679837325840414e-05,6612.713404659667,False,True,True,Omega_safe_one_step_QP,False,0.3602294921875,0.0,4.971765081856527,False,False,False,-1.8957779975704625,6.631204502357087e-05,0.00036481348420438077,0.00010458016491631305,0.011306923447062137,1.3010993028965258e-07,1.0653459520798872e-05,0.0,0.0,0.0,0.0,1.1670838319494561e-08,20.0,0.0,-21.90746039963209,20.0,20.0,0.0,0.0,0.0,0.0,0.0,False,20.270275353006582,-0.3074774397809397,0.13055361694310788,0.08706038417780114
713,13.782671784351805,-3842.1669204492064,9.372823446631699,5.794966924826525,42.215359016767444,23.6963653268791,0.1,0.0,0.0,25.334958385247237,50.122143413628706,204.15630065604427,210.025930976077,0.0,0.0,0.0,0.0,-1.3877787807814457e-17,1.3877787807814457e-17,0.055419921875,0.0,nan,nan,0.0011094424828604708,-4.065429977478512e-05,6385.903135364528,False,True,True,Omega_safe_one_step_QP,False,0.33251953125,0.0,0.0,False,False,False,-0.7617266510947683,4.192422613820034e-06,2.3064471929063175e-05,0.00033003787011912826,0.035682798311272544,2.432524921472967e-05,0.0019917623294820616,0.0,0.0,0.0,0.0,1.1170393677445967e-34,0.0,0.0,-0.7994242762074519,0.0,0.0,0.0,0.0,0.0,0.0,0.0,False,0.1,-0.09620650857686996,-0.03912500664591789,25.270878346270784,50.088969352721264,204.49298177142305,209.96665206817536,-0.9620650410652161,-0.3912500739097595,-0.0515476908953349,-0.011276529550777167,-0.05154769089533488,-0.011276529550777153,0.0277099609375,0.0,-0.387939453125,-0.16903519655921678,0.0011054454542581693,-4.0708516242235135e-05,6399.68580714888,False,True,True,Omega_safe_one_step_QP,False,0.3602294921875,0.0,5.276669930316411,False,False,False,-0.8306400100165274,4.252772635248163e-05,0.00023396485541087638,0.00025270801309836764,0.02732210415664311,6.013434094535491e-07,4.923826841233851e-05,0.0,0.0,0.0,0.0,3.7140318173776776e-07,20.0,0.0,-20.858245688700176,20.0,20.0,0.0,0.0,0.0,0.0,0.0,False,13.782671784351805,-0.21582964057228918,0.12101559089962773,0.08662429952319682
714,30.36844120504611,-3811.7984792441603,9.402859207418148,5.322822584762957,39.08165286883583,26.056963387753914,0.1,0.0,0.0,25.359323048647372,50.12301349270528,199.34066329353396,209.0424347721759,0.0,0.0,0.0,0.0,-9.71445146547012e-17,-8.326672684688674e-17,0.26014284641297625,-0.05033574002966734,nan,nan,0.0007622832871099466,1.9997472872915194e-05,6274.643384863066,True,True,True,Z_mode_existing_controller,False,0.05060201485354432,0.0,0.0,False,False,False,-0.2054278985874589,1.069543299545156e-06,5.884056470824052e-06,0.002319036320720517,0.2507279097362887,9.67264783087869e-05,0.007920007481043458,0.0,0.0,0.0,0.0,1.6370404527291504e-34,0.0,0.0,-0.46408169986126185,0.0,0.0,0.0,0.0,0.0,0.0,0.0,False,0.1,-0.09302910417318344,-0.0017081305850297213,25.295779063205188,50.08994693549447,200.3414473812141,210.62424231144973,-0.9302910566329956,-0.017081305384635925,-0.04541232690173344,0.005014939334735846,-0.045412326901733344,0.005014939334735943,0.0277099609375,0.0,-0.387939453125,-0.00763184256281916,0.0007588294478806266,1.9819004253488317e-05,6305.011826068112,False,True,True,Omega_safe_one_step_QP,False,0.3602294921875,0.0,4.568839077009578,False,False,False,-0.3572701046126895,2.9833592796634517e-05,0.000164128506828681,0.0017235237793087608,0.18634271085181237,4.324249280496456e-05,0.003540714729848438,0.0,0.0,0.0,0.0,3.0305464978162357e-06,20.0,0.0,-20.547320689247677,20.0,20.0,0.0,0.0,0.0,0.0,0.0,False,30.36844120504611,-0.48398672788810376,0.09284950638567711,0.0858182183645487
715,33.80314361825731,-3777.995335625903,10.296461479436113,4.283303968035214,36.784237301038395,25.257796924832846,0.1,0.0,0.0,25.37449492646037,50.12434688857067,196.33181914662666,208.47148330757508,0.0,0.0,0.0,0.0,-1.1102230246251565e-16,-6.938893903907228e-17,0.26014284641297625,-0.05033574002966734,nan,nan,-0.0008008464869840561,-2.0828928275736102e-07,6296.330345176054,True,True,True,Z_mode_existing_controller,False,0.05060201485354432,0.0,0.0,False,False,False,-0.31386270015239914,3.067864142779316e-06,1.6877751343593534e-05,0.0009053143100378364,0.09788012485272884,3.2598557492982654e-05,0.0026691845266136817,0.0,0.0,0.0,0.0,3.851859888774472e-36,0.0,0.0,-0.41442888728308525,0.0,0.0,0.0,0.0,0.0,0.0,0.0,False,0.1,-0.09518878161907196,-0.0013062773505225778,25.312030834251324,50.0914442733035,197.45891141595519,210.1300216651771,-0.9518877863883972,-0.013062773272395134,-0.04354497562896084,0.005866362436686173,-0.04354497562896094,0.005866362436686083,0.0277099609375,0.0,-0.387939453125,-0.005703964333955069,-0.0007997422772211714,-2.7058609044844015e-07,6330.133488794311,False,True,True,Omega_safe_one_step_QP,False,0.3602294921875,0.0,4.393835580407346,False,False,False,-0.4828784182436857,3.672842898795828e-05,0.00020206021611439526,0.0008309013591011116,0.08983479866315143,2.4425404720212948e-05,0.001999963107248031,0.0,0.0,0.0,0.0,4.211922074459119e-08,20.0,0.0,-20.57491528234942,20.0,20.0,0.0,0.0,0.0,0.0,0.0,False,33.80314361825731,-0.5368705541975836,0.028861199342725862,0.08493677805757198
716,29.034698349573773,-3748.960637276329,13.1837946650835,3.1912213575917665,41.88352203196982,27.783260029086815,0.1,0.0,0.0,25.36372742467688,50.12480578126255,198.4468921222598,208.94464351921192,0.0,0.0,0.0,0.0,6.245004513516506e-17,2.7755575615628914e-17,0.26014284641297625,-0.05033574002966734,nan,nan,-0.004542178260344551,0.00013935503634999847,6649.028936711847,True,True,True,Z_mode_existing_controller,False,0.05060201485354432,0.0,0.0,False,False,False,-2.077355657831363,3.7167134589643695e-05,0.00020447374021901224,0.00044735336922536854,0.04836663150860606,2.2388058587621716e-05,0.0018331442909970555,0.0,0.0,0.0,0.0,3.952971210854802e-34,20.0,1.511618241569455,-23.63937814894064,21.511618241569455,21.511618241569455,0.0,0.0,0.0,0.0,0.0,False,0.1,-0.09434296190738678,-0.0011631151428446174,25.30250968671729,50.09208687248775,199.32571039721842,210.54532335929932,-0.9434295892715454,-0.011631150729954243,-0.0450623993983543,0.0054365596264947386,-0.04506239939835435,0.005436559626494836,0.0277099609375,0.0,-0.387939453125,-0.0051243687693966035,-0.004529632188341492,0.00013987463721023088,6678.06363506142,False,True,True,Omega_safe_one_step_QP,False,0.3602294921875,0.0,4.538916192340683,False,False,False,-2.222529149579232,0.00010402771729267972,0.0005723049860079126,0.0003484938436445434,0.037678208052305796,1.724754971407746e-05,0.0014122371159744091,0.0,0.0,0.0,0.0,2.4873053515684098e-08,20.0,32.115239656328534,-54.37743158093511,52.115239656328534,52.115239656328534,0.0,0.0,0.0,0.0,0.0,False,29.034698349573773,-0.4366757706416652,-0.01708628504497426,0.08415821838187691
717,-8.157456284679029,-3757.118093561008,11.063248179294256,5.489437039704918,42.98095942427127,25.12890559232893,0.1,0.0,0.0,25.29858792999677,50.12838328975852,211.24403724039777,211.87864514701292,0.0,0.0,0.0,0.0,1.1102230246251565e-16,1.3877787807814457e-17,0.055419921875,0.0,nan,nan,-0.0007009611619739446,3.3611336011870035e-05,6740.0553986813975,False,True,True,Omega_safe_one_step_QP,False,0.33251953125,0.0,0.0,False,False,False,-2.532487967679117,3.4816194938884527e-05,0.00019154012484275855,0.016376692317468227,1.7706035030436247,0.0008608365551938891,0.07048568371657475,0.0,0.0,0.0,0.0,2.5518571763130876e-35,20.0,0.3911757138281928,-24.764944408392353,20.391175713828193,20.391175713828193,0.0,0.0,0.0,0.0,0.0,False,0.1,-0.09724012762308121,-0.023361019790172577,25.238582296440406,50.09582115105182,210.6566100783753,212.27559887601137,-0.9724012613296509,-0.23361019790172577,-0.05880026816905745,-0.006446192102724603,-0.05880026816905748,-0.006446192102724513,0.0277099609375,0.0,-0.387939453125,-0.09985583549751435,-0.0007001310101095969,3.355840121910649e-05,6731.8979423967185,False,True,True,Omega_safe_one_step_QP,False,0.3602294921875,0.0,5.915255640611226,False,False,False,-2.491700686255722,9.970106638224973e-05,0.0005485020616220191,0.012838928758444139,1.3881101137120897,0.000299385336373317,0.024513805787716583,0.0,0.0,0.0,0.0,3.299288270193257e-06,20.0,27.593031191613882,-51.4979075987193,47.59303119161388,47.59303119161388,0.0,0.0,0.0,0.0,0.0,False,-8.157456284679029,0.12102951388611623,-0.02682440140575182,0.08421392167992854
718,-1.8177622428938776,-3758.935855803902,11.338460463822855,4.971858166591195,41.468322011702504,26.755312825440193,0.1,0.0,0.0,25.301640213927943,50.13182375804563,210.59963177507376,211.93385747257156,0.0,0.0,0.0,0.0,-2.7755575615628914e-17,1.249000902703301e-16,0.055419921875,0.0,nan,nan,-0.001341436391404347,8.070403365226285e-05,6754.660022368124,False,True,True,Omega_safe_one_step_QP,False,0.33251953125,0.0,0.0,False,False,False,-2.6055110861127515,4.080648050352736e-05,0.00022449547929517778,4.152584037394577e-05,0.004489661099299786,3.048400893593507e-07,2.4960443411787988e-05,0.0,0.0,0.0,0.0,3.158525108795067e-34,20.0,4.074603609617051,-26.684853812751808,24.07460360961705,24.07460360961705,0.0,0.0,0.0,0.0,0.0,False,0.1,-0.09663035720586777,-0.0206915196031332,25.241478918222416,50.09920669497297,210.27100216979045,212.46146706587353,-0.9663035869598389,-0.20691519975662231,-0.05797963264292594,-0.0054394009737731425,-0.05797963264292602,-0.005439400973773191,0.0277099609375,0.0,-0.387939453125,-0.08900327234413656,-0.0013394053184725974,8.070620292002003e-05,6752.8422601252305,False,True,True,Omega_safe_one_step_QP,False,0.3602294921875,0.0,5.823422433897561,False,False,False,-2.596422274898282,0.00010869143622497744,0.0005979622787733024,1.486934591631891e-05,0.001607633303296489,3.4546984002636914e-06,0.0002828722564207296,0.0,0.0,0.0,0.0,1.6870710440841318e-08,20.0,46.075254558000914,-68.6741653176084,66.07525455800092,66.07525455800092,0.0,0.0,0.0,0.0,0.0,False,-1.8177622428938776,0.02691123219931632,-0.03396580662000436,0.08412729523092065
719,-2.8408610622109336,-3761.776716866113,11.511226732395064,4.6794617154941704,36.930624238081684,26.926511879802252,0.1,0.0,0.0,25.294542235365356,50.13609740984798,211.94642245152082,212.4622663998379,0.0,0.0,0.0,0.0,-8.326672684688674e-17,-4.85722573273506e-17,0.055419921875,0.0,nan,nan,-0.0018348587234227349,6.926659733702014e-05,6807.885074840102,False,True,True,Omega_safe_one_step_QP,False,0.33251953125,0.0,0.0,False,False,False,-2.871636348472639,5.3253192802806184e-05,0.000292970648160433,0.00018138451261647215,0.019610800960949862,2.7921599441475e-05,0.002286233101066928,0.0,0.0,0.0,0.0,3.317414329207014e-34,20.0,21.634526963926966,-44.52835331710978,41.634526963926966,41.634526963926966,0.0,0.0,0.0,0.0,0.0,False,0.1,-0.09724940359592438,-0.009693930856883526,25.23445357284019,50.1034642045396,211.56558225024253,213.41747364594096,-0.9724940061569214,-0.09693930298089981,-0.059785677783264934,-0.0013832628022769598,-0.05978567778326488,-0.0013832628022768315,0.0277099609375,0.0,-0.387939453125,-0.041432405049678774,-0.0018322085653516389,6.927163531105689e-05,6805.044213777891,False,True,True,Omega_safe_one_step_QP,False,0.3602294921875,0.0,5.980167793619625,False,False,False,-2.8574320431615843,0.00012754590176838955,0.000701689486481324,0.000167593758470331,0.018119782070967698,9.139485811322116e-05,0.007483452025151015,0.0,0.0,0.0,0.0,1.9714055915211438e-07,20.0,91.50618114504574,-114.38991830893049,111.50618114504574,111.50618114504574,0.0,0.0,0.0,0.0,0.0,False,-2.8408610622109336,0.04172898089466731,-0.014434097665832119,0.08406279346426686
720,-6.351322923796943,-3768.12803978991,12.06408805841944,5.326642341547238,42.25003167789064,25.19748696316376,0.1,0.0,0.0,25.281144168875088,50.14034065974162,214.5355558513686,213.25427468723421,0.0,0.0,0.0,0.0,-1.3877787807814457e-16,-1.0061396160665481e-16,0.055419921875,0.0,nan,nan,-0.0018093368757697414,5.051780585694815e-05,6931.568618547001,False,True,True,Omega_safe_one_step_QP,False,0.33251953125,0.0,0.0,False,False,False,-3.490054067007136,6.468576600200039e-05,0.00035586656489376787,0.0006703611762207335,0.07247763003123772,6.272771273044645e-05,0.005136173287606914,0.0,0.0,0.0,0.0,5.789826895314128e-35,20.0,46.10176821551538,-69.66979195240626,66.10176821551538,66.10176821551538,0.0,0.0,0.0,0.0,0.0,False,0.1,-0.09705203026533127,-0.02983703278005123,25.221094969525396,50.10767084264353,214.0350764394714,213.31447328651078,-0.9705202579498291,-0.2983703315258026,-0.06230559676849101,-0.010550872773779852,-0.06230559676849104,-0.010550872773779817,0.0277099609375,0.0,-0.387939453125,-0.1277845003189184,-0.0018058988457325172,5.047226709829929e-05,6925.217295623204,False,True,True,Omega_safe_one_step_QP,False,0.3602294921875,0.0,6.31926285650969,False,False,False,-3.4582974523881513,0.00014416853960868788,0.0007931383691847798,0.0006098401550635145,0.06593426156638306,1.060907404274692e-06,8.686757468545881e-05,0.0,0.0,0.0,0.0,9.039506428170423e-07,20.0,140.7408696163672,-164.26598224021626,160.7408696163672,160.7408696163672,0.0,0.0,0.0,0.0,0.0,False,-6.351322923796943,0.09162894105675477,0.0002069585412071572,0.08407449505627478
721,-6.516556051969019,-3774.644595841879,9.836370109697318,5.7529001655085565,41.658033848784235,26.911741483418375,0.1,0.0,0.0,25.27025776796654,50.14460023664688,216.62935420903048,213.94142744066298,0.0,0.0,0.0,0.0,0.0,-3.469446951953614e-18,0.055419921875,0.0,nan,nan,0.0006128589496046154,6.0961799223114774e-05,6734.4981634402975,False,True,True,Omega_safe_one_step_QP,False,0.33251953125,0.0,0.0,False,False,False,-2.504701791473617,3.957710381753872e-05,0.0002177321048274512,0.00043839915625475936,0.047398526317068194,4.7217890654472936e-05,0.0038662220910046876,0.0,0.0,0.0,0.0,2.8696356171369814e-34,20.0,2.077226407372813,-24.63341067935933,22.077226407372812,22.077226407372812,0.0,0.0,0.0,0.0,0.0,False,0.1,-0.09598341584205627,-0.04483876749873161,25.210162908622568,50.11189922975227,216.12876979062494,213.33281535277268,-0.9598341584205627,-0.44838768243789673,-0.0637696936134231,-0.01749039929093396,-0.06376969361342302,-0.01749039929093398,0.0277099609375,0.0,-0.387939453125,-0.19417112086113472,0.0006095613322638967,6.095148022219508e-05,6727.9816073883285,False,True,True,Omega_safe_one_step_QP,False,0.3602294921875,0.0,6.612479029007312,False,False,False,-2.472119011213772,0.00010396606760842992,0.0005719658223446102,0.0004383551848664571,0.047393772249967686,3.364313947562415e-08,2.75471536844453e-06,0.0,0.0,0.0,0.0,5.030060785362555e-07,20.0,44.76607207170844,-67.28616007871597,64.76607207170844,64.76607207170844,0.0,0.0,0.0,0.0,0.0,False,-6.516556051969019,0.09676379581400103,-0.01674437889177411,0.08409353341318
722,9.354855232757473,-3765.2897406091215,11.211073633058229,4.13314671307368,39.603924788467445,24.049475319454924,0.1,0.0,0.0,25.29742341860284,50.149383051883035,211.21550682299664,213.05514709399847,0.0,0.0,0.0,0.0,5.551115123125783e-17,1.457167719820518e-16,0.055419921875,0.0,nan,nan,-0.0017859305352212187,-1.0590475055445494e-05,6755.9507419227875,False,True,True,Omega_safe_one_step_QP,False,0.33251953125,0.0,0.0,False,False,False,-2.6119646838860673,5.163568417075521e-05,0.00028407197885262585,0.0029309743519265402,0.31688898797449233,7.854928528837572e-05,0.006431650753669984,0.0,0.0,0.0,0.0,2.5338015830844573e-34,20.0,16.453248771407388,-39.38881816600047,36.45324877140739,36.45324877140739,0.0,0.0,0.0,0.0,0.0,False,0.1,-0.0966760516166687,-0.013212916441261768,25.237182003627847,50.11667064663604,211.33976352439177,213.87466698700138,-0.966760516166687,-0.13212916254997253,-0.05915380011396973,-0.0035090348887112793,-0.059153800113969646,-0.0035090348887113695,0.0277099609375,0.0,-0.387939453125,-0.05680766730775667,-0.0017839044580320613,-1.0561729401166388e-05,6765.305597155545,False,True,True,Omega_safe_one_step_QP,False,0.3602294921875,0.0,5.925778762132168,False,False,False,-2.6587389600498543,0.0001220918872368276,0.0006716844090711312,0.0022934581018020594,0.2479624621635618,2.9360319351630433e-05,0.0024040361333987907,0.0,0.0,0.0,0.0,2.167850233460335e-06,20.0,87.67212447312573,-110.58190378373186,107.67212447312573,107.67212447312573,0.0,0.0,0.0,0.0,0.0,False,9.354855232757473,-0.13846837536436832,-0.05042713498531927,0.08375905301667766
723,3.0969353584187047,-3762.192805250703,12.458517629345588,4.904204117334824,40.58014294857165,21.790796447582185,0.1,0.0,0.0,25.284115463132125,50.15188225488873,213.80739841231542,213.74747252626784,0.0,0.0,0.0,0.0,8.326672684688674e-17,-5.898059818321144e-17,0.055419921875,0.0,nan,nan,-0.002545691154217605,-5.327815995799317e-05,6957.272560414596,False,True,True,Omega_safe_one_step_QP,False,0.33251953125,0.0,0.0,False,False,False,-3.6185737763451105,7.542513413883196e-05,0.00041494883730383174,0.0006717902010781418,0.07263213231835493,4.793145041669711e-05,0.0039246486847750684,0.0,0.0,0.0,0.0,4.26713853303297e-34,20.0,72.13581085573617,-95.8313563619217,92.13581085573617,92.13581085573617,0.0,0.0,0.0,0.0,0.0,False,0.1,-0.09744680672883987,-0.011115039698779583,25.224313937236726,50.11921830716209,213.67188844308217,214.59563589011336,-0.9744680523872375,-0.11115039139986038,-0.062194272621615226,-0.003303807214728123,-0.06219427262161514,-0.003303807214728057,0.0277099609375,0.0,-0.387939453125,-0.04741006804804677,-0.0025402461004483,-5.330164628853233e-05,6960.369495773015,False,True,True,Omega_safe_one_step_QP,False,0.3602294921875,0.0,6.228196118495224,False,False,False,-3.634058453137204,0.00015707749303147054,0.000864156542035933,0.0005438806636376691,0.058802900464055605,5.197961592544928e-05,0.0042561142945480935,0.0,0.0,0.0,0.0,9.286591467916702e-08,20.0,192.84111619421137,-216.5390979115151,212.84111619421137,212.84111619421137,0.0,0.0,0.0,0.0,0.0,False,3.0969353584187047,-0.04451364139504336,-0.0734858746748666,0.08356083871946027
724,-5.449366293541971,-3767.642171544245,9.647663504213831,5.208099370593481,41.894875360091625,23.31917248709078,0.1,0.0,0.0,25.261547390761812,50.15392388051846,218.23019179682146,214.80454335582857,0.0,0.0,0.0,0.0,-2.7755575615628914e-17,5.551115123125783e-17,0.055419921875,0.0,nan,nan,0.0005082640899488761,-4.9768909520991455e-05,6751.7190325083775,False,True,True,Omega_safe_one_step_QP,False,0.33251953125,0.0,0.0,False,False,False,-2.590806136814017,4.8356373852327116e-05,0.0002660309634891593,0.0019561101322030363,0.21148931574683616,0.00011173987387082078,0.00914931105175323,0.0,0.0,0.0,0.0,2.5434312328063932e-34,20.0,10.229281117612212,-33.040991912188304,30.22928111761221,30.22928111761221,0.0,0.0,0.0,0.0,0.0,False,0.1,-0.09716775268316269,-0.019593918696045876,25.2020250324626,50.121264878667624,217.74943398751137,215.2080550144071,-0.9716775417327881,-0.19593918323516846,-0.06638547916638293,-0.007870640096856986,-0.06638547916638302,-0.007870640096857043,0.0277099609375,0.0,-0.387939453125,-0.0838158813012351,0.0005042310831286298,-4.978582181903701e-05,6746.2696662148355,False,True,True,Omega_safe_one_step_QP,False,0.3602294921875,0.0,6.685042123789907,False,False,False,-2.563559305346307,0.00011552956876169754,0.0006355820348113717,0.0016626377666894415,0.17975988050119668,3.7505718380072525e-05,0.003070985063715476,0.0,0.0,0.0,0.0,3.8422174874199596e-07,20.0,76.71162186389898,-99.45864800106676,96.71162186389898,96.71162186389898,0.0,0.0,0.0,0.0,0.0,False,-5.449366293541971,0.08071079775838123,-0.09760147602500956,0.08355657119102415
725,12.564245918019878,-3755.077925626225,10.509624127092371,5.138633861587046,38.50202310444011,26.562472561159165,0.1,0.0,0.0,25.28844057515598,50.156717288440234,212.89346707031814,213.8203558101082,0.0,0.0,0.0,0.0,-1.3877787807814457e-16,5.204170427930421e-17,0.055419921875,0.0,nan,nan,-0.00048100841506564917,4.946595125191193e-05,6719.147899828637,False,True,True,Omega_safe_one_step_QP,False,0.33251953125,0.0,0.0,False,False,False,-2.4279504734153123,4.2389543504388126e-05,0.00023320464712213554,0.002848063080647193,0.3079248464663549,9.686251251510937e-05,0.007931146022946249,0.0,0.0,0.0,0.0,1.233798870623073e-34,20.0,2.8668899893493354,-25.61092965990107,22.866889989349335,22.866889989349335,0.0,0.0,0.0,0.0,0.0,False,0.1,-0.09589245170354843,-0.007518989499658346,25.22877464941281,50.124020839888956,213.15186798111424,214.8442302841209,-0.9589244723320007,-0.07518989592790604,-0.06054545429647845,-0.0019374662203512812,-0.06054545429647845,-0.0019374662203511944,0.0277099609375,0.0,-0.387939453125,-0.03259134086525221,-0.0004815522055469177,4.952598919286866e-05,6731.7121457466565,False,True,True,Omega_safe_one_step_QP,False,0.3602294921875,0.0,6.057644601098651,False,False,False,-2.4907717030054117,0.00010417904437125317,0.0005731375068383172,0.0021137613183178456,0.22853413389342375,1.3236843436783431e-05,0.0010838386848950562,0.0,0.0,0.0,0.0,6.930844272995526e-07,20.0,53.13236548816348,-75.85332899433848,73.13236548816349,73.13236548816349,0.0,0.0,0.0,0.0,0.0,False,12.564245918019878,-0.18699165586666597,-0.1256030430532328,0.08315401808797791
726,16.435773351990065,-3738.642152274235,7.358136129740702,5.529762563433739,38.20302960398678,26.86333791864416,0.1,0.0,0.0,25.296072594867155,50.16065987109088,211.3403220131004,213.710359362487,0.0,0.0,0.0,0.0,2.7755575615628914e-17,-1.0408340855860843e-17,0.055419921875,0.0,nan,nan,0.002872607569089754,8.444570728212766e-06,6335.435914488994,False,True,True,Omega_safe_one_step_QP,False,0.33251953125,0.0,0.0,False,False,False,-0.5093905467170998,9.890913197577986e-06,5.441452611345224e-05,0.00024122595687598762,0.026080695416991533,1.2099218489283268e-06,9.906894433186216e-05,0.0,0.0,0.0,0.0,3.163339933656035e-34,0.0,0.0,-0.5356247256045367,0.0,0.0,0.0,0.0,0.0,0.0,0.0,False,0.1,-0.09518754482269287,-0.021054444834589958,25.23691463828167,50.128027873797556,211.81189269878607,214.18554569435773,-0.9518754482269287,-0.2105444371700287,-0.05864388881261656,-0.007472038471027842,-0.058643888812616674,-0.007472038471027776,0.0277099609375,0.0,-0.387939453125,-0.09193710873843475,0.0028605351939776378,8.169679710205908e-06,6351.871687840984,False,True,True,Omega_safe_one_step_QP,False,0.3602294921875,0.0,5.911799264165755,False,False,False,-0.5915694134770502,4.0998668224244895e-05,0.00022555279357332046,0.00017955337572504552,0.019412823412635415,4.338653887914743e-05,0.003552509287089541,0.0,0.0,0.0,0.0,3.4247441287373723e-07,20.0,0.0,-20.61476064144476,20.0,20.0,0.0,0.0,0.0,0.0,0.0,False,16.435773351990065,-0.25942608486342406,-0.1383223458600619,0.08267407022865529
727,47.050160458587925,-3691.591991815647,9.70622502995779,5.387067178938357,42.53221802957239,24.399020947904013,0.1,0.0,0.0,25.352712642250584,50.1635309900446,200.1384592729192,211.47793883166267,0.0,0.0,0.0,0.0,5.551115123125783e-17,0.0,0.26014284641297625,-0.05033574002966734,nan,nan,0.0005738180960040873,-1.2965514201109408e-05,6322.995890925939,True,True,True,Z_mode_existing_controller,False,0.05060201485354432,0.0,0.0,False,False,False,-0.44719042890182664,6.493559795140542e-06,3.5724100695622615e-05,0.012548172884986013,1.3566743782109507,0.0004983701426445973,0.04080677108364589,0.0,0.0,0.0,0.0,8.787055371266763e-36,0.0,0.0,-1.844707302297119,0.0,0.0,0.0,0.0,0.0,0.0,0.0,False,0.1,-0.09202205389738083,-0.003446541726589203,25.294060390145553,50.131006161492856,201.85448845663083,212.89232716000754,-0.9202205538749695,-0.03446541726589203,-0.046404353248437155,0.0018522185164053726,-0.04640435324843721,0.00185221851640531,0.0277099609375,0.0,-0.387939453125,-0.015567497013229927,0.0005712473261947184,-1.3133944694821852e-05,6370.046051384527,False,True,True,Omega_safe_one_step_QP,False,0.3602294921875,0.0,4.644130396358663,False,False,False,-0.6824412311947663,2.9571083746232878e-05,0.00016268432212169202,0.009914989924169107,1.0719817868013826,0.00016724141775868498,0.013693802389461886,0.0,0.0,0.0,0.0,2.367479991945086e-06,20.0,0.0,-21.768281872187725,20.0,20.0,0.0,0.0,0.0,0.0,0.0,False,47.050160458587925,-0.7441118303763108,-0.17566704614708864,0.08151964831087957
728,42.486741975119,-3649.105249840528,5.660383496083985,5.190690458257239,44.20185771699981,28.39808511571218,0.1,0.0,0.0,25.365597677892797,50.16422760093342,197.58794025010369,210.96828862660985,0.0,0.0,0.0,0.0,7.632783294297951e-17,7.632783294297951e-17,0.26014284641297625,-0.05033574002966734,nan,nan,0.004615294743218,4.920142114529574e-05,5840.360546771975,True,True,True,Z_mode_existing_controller,False,0.05060201485354432,0.0,0.0,False,False,False,1.9659862918679938,1.3970484570571115e-05,7.685815073870783e-05,0.000650514728574377,0.07033188600403094,2.5974333151038304e-05,0.00212679006274387,0.0,0.0,0.0,0.0,6.259272319258517e-35,20.0,2.681951718198374,-20.788500960547893,22.681951718198373,22.681951718198373,0.0,0.0,0.0,0.0,0.0,False,0.1,-0.09428544342517853,-0.0016269059851765633,25.308599384475535,50.13198361703679,199.23983205449235,212.4850509743695,-0.9428544044494629,-0.016269059851765633,-0.044942666129549474,0.003200463897394548,-0.04494266612954944,0.0032004638973945274,0.0277099609375,0.0,-0.387939453125,-0.007172077628399109,0.004594297370075719,4.811621617788718e-05,5882.847288747094,False,True,True,Omega_safe_one_step_QP,False,0.3602294921875,0.0,4.50564779803156,False,False,False,1.7535525819923987,5.277817153642284e-07,2.9035733464855317e-06,0.0006836428101243735,0.07391360422309845,1.6587389138787087e-05,0.0013581828716102292,0.0,0.0,0.0,0.0,3.954294840881192e-08,20.0,0.0,-18.321722148218605,20.0,20.0,0.0,0.0,0.0,0.0,0.0,False,42.486741975119,-0.727467793038939,-0.1935050667976413,0.08047764213673655
729,77.06599860791721,-3572.0392512326107,8.784058476821158,3.0624276768697314,43.06008507755449,21.51760536424907,0.1,0.0,0.0,25.43699338454912,50.16576994180351,183.4928179150774,208.04151457283405,0.0,0.0,0.0,0.0,1.3877787807814457e-16,5.551115123125783e-17,0.055419921875,0.0,nan,nan,0.0004011668089027279,-0.0001087441687030598,5833.104432147173,False,True,True,Omega_safe_one_step_QP,False,0.33251953125,0.0,0.0,False,False,False,2.002266864992007,1.183114762454312e-05,6.508866052180659e-05,0.019867247363935654,2.147992836190557,0.0008566006361855239,0.07013884476593864,0.0,0.0,0.0,0.0,4.333342374871281e-35,20.0,0.5400895148889235,-20.756019419513933,20.540089514888923,20.540089514888923,0.0,0.0,0.0,0.0,0.0,False,0.1,-0.08871950954198837,-0.0007730676443316042,25.381314196396694,50.133774478316546,186.52723872822585,209.81181810227173,-0.8871950507164001,-0.007730676326900721,-0.029654681703588745,0.0059413596642205885,-0.029654681703588787,0.005941359664220491,0.0277099609375,0.0,-0.387939453125,-0.003621808946599672,0.0003951760921517729,-0.00010960445332105611,5910.17043075509,False,True,True,Omega_safe_one_step_QP,False,0.3602294921875,0.0,3.02440060441866,False,False,False,1.6169368719524209,4.753434919343678e-07,2.6150862249055025e-06,0.016161002907903555,1.7472837497783535,0.0007146173988464094,0.058513193531964144,0.0,0.0,0.0,0.0,2.4123497741301997e-06,20.0,0.0,-20.188865098793897,20.0,20.0,0.0,0.0,0.0,0.0,0.0,False,77.06599860791721,-1.3211832482064636,-0.24820405319056996,0.07867681001772986
730,67.51510519529438,-3504.5241460373163,9.858629124619231,5.138033519467464,35.7173460435031,26.799764081692217,0.1,0.0,0.0,25.433515024580498,50.16196126143304,184.22114936670098,207.97314043189394,0.0,0.0,0.0,0.0,1.1102230246251565e-16,4.163336342344337e-17,0.055419921875,0.0,nan,nan,0.0001145432581191627,3.65550010918115e-05,5957.153722831489,False,True,True,Omega_safe_one_step_QP,False,0.33251953125,0.0,0.0,False,False,False,1.3820204115704247,9.145627033158944e-06,5.03143593598197e-05,5.304667034241038e-05,0.005735261951089312,4.675023149297748e-07,3.827929948848965e-05,0.0,0.0,0.0,0.0,9.62964972193618e-36,20.0,0.0,-18.623803444039513,20.0,20.0,0.0,0.0,0.0,0.0,0.0,False,0.1,-0.08888982981443405,-0.004601582419127226,25.380494331305094,50.13043152089982,186.80686284330093,209.5319935585085,-0.8888983130455017,-0.04601582512259483,-0.02998997299706206,0.004480985774854299,-0.029989972997062186,0.004480985774854396,0.0277099609375,0.0,-0.387939453125,-0.021517028891419418,0.00011513982894759893,3.6441465594112756e-05,6024.668828026784,False,True,True,Omega_safe_one_step_QP,False,0.3602294921875,0.0,3.0322890922188903,False,False,False,1.0444448855939528,9.712462197742368e-07,5.34327839429816e-06,7.81896457315217e-06,0.0008453652175311494,7.830177529229762e-06,0.0006411384524041384,0.0,0.0,0.0,0.0,2.245112148221323e-08,0.0,0.0,1.042953016194502,0.0,0.0,0.0,0.0,0.0,0.0,0.0,False,67.51510519529438,-1.1333450224145607,-0.29847633917710814,0.07708859132523438
731,57.08739873162904,-3447.4367473056873,9.423690307900427,5.517967870657806,38.9577696424158,19.635371895307017,0.1,0.0,0.0,25.426351025603225,50.161181493613405,185.64042209069757,208.2264957538849,0.0,0.0,0.0,0.0,2.7755575615628914e-17,2.7755575615628914e-17,0.055419921875,0.0,nan,nan,0.0008490505338795754,-0.00017145578828176846,5947.685514102238,False,True,True,Omega_safe_one_step_QP,False,0.33251953125,0.0,0.0,False,False,False,1.429361455216681,1.0085500094923301e-05,5.548503938107702e-05,0.0002014335065080686,0.021778443738184924,6.418891918114623e-06,0.0005255817527976616,0.0,0.0,0.0,0.0,7.125940794232773e-35,20.0,0.0351020679456218,-18.628100123259305,20.035102067945623,20.035102067945623,0.0,0.0,0.0,0.0,0.0,False,0.1,-0.09078676998615265,-0.008124100975692272,25.375713741257773,50.1300654754037,187.83806043874233,208.68460481669445,-0.9078676700592041,-0.08124100416898727,-0.030244724591151483,-0.005955526379854609,-0.03024472459115158,-0.005955526379854581,0.23243288547547625,-0.05033574002966734,-0.32560894130464346,-0.10027240095628648,0.0008472517333595264,-0.00017175843758883522,6004.772912833867,True,True,True,Z_mode_existing_controller,False,0.07831197579104432,0.0,3.0825503403119723,False,False,False,1.1439244615585358,2.338170737147734e-07,1.286336762771212e-06,0.00010633684808441214,0.011496851260986828,7.180676797532118e-05,0.005879570408203649,0.0,0.0,0.0,0.0,1.089856843300793e-06,20.0,0.0,-18.87345433630426,20.0,20.0,0.0,0.0,0.0,0.0,0.0,False,57.08739873162904,-0.9598254412791694,-0.33088221250067335,0.07573376388672913
732,43.344403960094496,-3404.092343345593,10.765862316948132,3.806087003115018,37.90157549386491,21.65917873477987,0.1,0.0,0.0,25.431380820077045,50.15646399003048,184.70217096963646,207.74991383095698,0.0,0.0,0.0,0.0,-8.326672684688674e-17,-5.551115123125783e-17,0.055419921875,0.0,nan,nan,-0.0015737562626889118,-9.847465003768045e-05,6059.304826958074,False,True,True,Omega_safe_one_step_QP,False,0.33251953125,0.0,0.0,False,False,False,0.8712648909375003,2.3551201903813743e-06,1.2956614474304255e-05,8.803151661724377e-05,0.009517728530228113,2.2713032926167412e-05,0.0018597533357739423,0.0,0.0,0.0,0.0,1.925929944387236e-34,0.0,0.0,0.8598744524570239,0.0,0.0,0.0,0.0,0.0,0.0,0.0,False,0.1,-0.08834172785282135,-0.011263199150562286,25.382767279292302,50.1257261377283,186.26426322403316,208.88454699509415,-0.8834172487258911,-0.11263199150562286,-0.029261341967336527,0.0020279226820530544,-0.0292613419673365,0.00202792268205311,0.0277099609375,0.0,-0.387939453125,-0.05299355402239791,-0.0015694896831606668,-9.849408689321526e-05,6102.6492309181685,False,True,True,Omega_safe_one_step_QP,False,0.3602294921875,0.0,2.9331529181646654,False,False,False,0.6545428711370278,6.336305346528614e-06,3.4858970638415594e-05,0.00024768376730263534,0.02677889634436792,3.997687470322118e-06,0.0003273324453181155,0.0,0.0,0.0,0.0,6.470250030889624e-07,0.0,0.0,0.6274011363517003,0.0,0.0,0.0,0.0,0.0,0.0,0.0,False,43.344403960094496,-0.7153362505753733,-0.3501284604996899,0.07468215742329515
733,32.71215517953624,-3371.3801881660565,8.947979945958176,4.909144151048419,36.75737784446775,24.652536661378413,0.1,0.0,0.0,25.399306547244297,50.15307261128575,191.06292460655263,208.90853865949845,0.0,0.0,0.0,0.0,-1.3877787807814457e-17,1.3877787807814457e-17,0.26014284641297625,-0.05033574002966734,nan,nan,0.0009764430301704063,-3.521522351857529e-05,6029.760210419836,True,True,True,Z_mode_existing_controller,False,0.05060201485354432,0.0,0.0,False,False,False,1.018987973628691,3.729520406832876e-06,2.0517831014628154e-05,0.004045918682954231,0.4374337414538355,0.00013424114933127337,0.010991725591140167,0.0,0.0,0.0,0.0,9.62964972193618e-35,20.0,0.0,-19.4294580112473,20.0,20.0,0.0,0.0,0.0,0.0,0.0,False,0.1,-0.0933646708726883,-8.165350300259888e-05,25.352285014179195,50.122596836342424,192.2381204835328,209.6582564014704,-0.9336466789245605,-0.0008165350300259888,-0.0311257600039535,-0.001507880401746639,-0.0311257600039535,-0.0015078804017465697,0.23243288547547625,-0.05033574002966734,-0.32560894130464346,-0.05082378405694935,0.0009729481488996987,-3.5489343544329606e-05,6062.472365599372,True,True,True,Z_mode_existing_controller,False,0.07831197579104432,0.0,3.1162263061749447,False,False,False,0.85542719773101,2.8298223171181945e-06,1.556817225015828e-05,0.00356869705568767,0.3858378349919999,5.986262455150757e-05,0.0049015785808855,0.0,0.0,0.0,0.0,1.5977958062670115e-07,0.0,0.0,0.4646720562062937,0.0,0.0,0.0,0.0,0.0,0.0,0.0,False,32.71215517953624,-0.5425117092219921,-0.3658057461984539,0.0738667718324663
734,20.15369197331347,-3351.226496192743,11.159219083829656,5.735763648105153,38.154427093586555,26.436779472325995,0.1,0.0,0.0,25.410756130597377,50.151942742058324,188.8168819108462,208.35891366843182,0.0,0.0,0.0,0.0,-1.249000902703301e-16,-1.3877787807814457e-17,0.055419921875,0.0,nan,nan,-0.000807402699410576,5.0783556640261e-05,6198.568336333797,False,True,True,Omega_safe_one_step_QP,False,0.33251953125,0.0,0.0,False,False,False,0.1749473440588872,1.9052564307548564e-06,1.048170413926186e-05,0.0005044707790936169,0.05454201076328169,3.0208763080498454e-05,0.0024735070869305363,0.0,0.0,0.0,0.0,1.3096323621833205e-34,0.0,0.0,0.11792134450453573,0.0,0.0,0.0,0.0,0.0,0.0,0.0,False,0.1,-0.09307880699634552,0.0004940768121741712,25.36489061058027,50.121672382415134,189.4286504535955,209.0456490310785,-0.9307880401611328,0.004940767772495747,-0.031065055128721188,-0.0011821214920540168,-0.031065055128721104,-0.0011821214920541279,0.23243288547547625,-0.05033574002966734,-0.32560894130464346,-0.047373567052458924,-0.0008030887238121868,5.0887639057200444e-05,6218.72202830711,True,True,True,Z_mode_existing_controller,False,0.07831197579104432,0.0,3.1087538683087375,False,False,False,0.07417888419231985,7.66137466024532e-06,4.214879487739769e-05,0.0007893121849115903,0.08533829008369233,3.7528779025846e-05,0.0030728732797472903,0.0,0.0,0.0,0.0,1.0980394912098913e-09,0.0,0.0,-0.014274429064036647,0.0,0.0,0.0,0.0,0.0,0.0,0.0,False,20.15369197331347,-0.3251346259293411,-0.3580804544340293,0.07332562168235776
735,9.299853173125484,-3341.9266430196176,9.826440326917455,5.78753090452694,42.483364068707914,24.922787812017013,0.1,0.0,0.0,25.39359378942122,50.15218716607407,192.19515656409763,209.08957708648552,0.0,0.0,0.0,0.0,9.367506770274758e-17,5.551115123125783e-17,0.26014284641297625,-0.05033574002966734,nan,nan,0.0006721851113766597,4.7894868079080555e-06,6144.810328109059,True,True,True,Z_mode_existing_controller,False,0.05060201485354432,0.0,0.0,False,False,False,0.44373738518257594,2.406815617892327e-06,1.324101512913253e-05,0.0011412739632801028,0.1233914418213012,5.3386903048190805e-05,0.004371343596130931,0.0,0.0,0.0,0.0,5.258992454392396e-34,0.0,0.0,0.3159613587500147,0.0,0.0,0.0,0.0,0.0,0.0,0.0,False,0.1,-0.09122731536626816,-0.0003662044764496386,25.348540568190003,50.122041077509216,192.37223786387193,209.6470625510404,-0.912273108959198,-0.0036620446480810642,-0.030480270794218688,-0.0016331956410988446,-0.030480270794218667,-0.001633195641098803,0.23243288547547625,-0.05033574002966734,-0.32560894130464346,-0.052575830228447605,0.000671833085206248,4.731647558688345e-06,6154.110181282184,True,True,True,Z_mode_existing_controller,False,0.07831197579104432,0.0,3.052399442554998,False,False,False,0.3972381193169485,4.936195019493384e-06,2.7156310789896387e-05,0.0008664706841937851,0.09368045750494382,3.616982219929394e-05,0.0029616012845202124,0.0,0.0,0.0,0.0,5.4544060581583665e-09,0.0,0.0,0.30056889876228854,0.0,0.0,0.0,0.0,0.0,0.0,0.0,False,9.299853173125484,-0.15134483696891138,-0.3394297603563378,0.0730239580817737
736,-0.5376831480361943,-3342.464326167654,8.957596488648116,5.689792533828718,42.96916551030645,27.830511104342488,0.1,0.0,0.0,25.401418637429483,50.152035720676494,190.65217514522445,208.74637522042093,0.0,0.0,0.0,0.0,-2.7755575615628914e-17,-1.3877787807814457e-17,0.26014284641297625,-0.05033574002966734,nan,nan,0.0014970855865677724,8.124719344103338e-05,6019.438774013483,True,True,True,Z_mode_existing_controller,False,0.05060201485354432,0.0,0.0,False,False,False,1.0705951556604532,6.076032146497684e-06,3.3427086387001594e-05,0.00023807916589878997,0.02574047292153504,1.177875208702164e-05,0.0009644495103890608,0.0,0.0,0.0,0.0,1.9560225997682864e-34,20.0,0.0,-18.95614319385786,20.0,20.0,0.0,0.0,0.0,0.0,0.0,False,0.1,-0.09174961596727371,0.0003420492575969547,25.3567525546464,50.12194458387042,190.41521300773073,209.27509736651353,-0.9174961447715759,0.0034204924013465643,-0.030686609466825568,-0.0012461409117235506,-0.030686609466825616,-0.0012461409117235783,0.23243288547547625,-0.05033574002966734,-0.32560894130464346,-0.04825531941377863,0.0014949155982896922,8.123493917241962e-05,6018.901090865447,True,True,True,Z_mode_existing_controller,False,0.07831197579104432,0.0,3.071190107664044,False,False,False,1.0732835714006341,9.183326937531741e-07,5.0521764115072285e-06,0.0003829946287554496,0.04140833925285153,1.3835809850009894e-05,0.0011328823237888794,0.0,0.0,0.0,0.0,1.923870113449264e-09,20.0,0.0,-18.96926270427629,20.0,20.0,0.0,0.0,0.0,0.0,0.0,False,-0.5376831480361943,0.008932446499122577,-0.31796928646792777,0.07293976932029024
737,-3.083672088367166,-3345.547998256021,10.338380498815793,5.316645903001089,36.36195420660959,26.336333932938352,0.1,0.0,0.0,25.42034133043119,50.15317440605711,186.90621254459847,208.00683022264886,0.0,0.0,0.0,0.0,1.3877787807814457e-17,-4.163336342344337e-17,0.055419921875,0.0,nan,nan,-0.0002692802726057776,3.05228789694511e-05,6070.019008417868,False,True,True,Omega_safe_one_step_QP,False,0.33251953125,0.0,0.0,False,False,False,0.8176939836385327,3.6392786325519847e-06,2.002136893018339e-05,0.00140322358052885,0.1517127231234385,5.469268037296934e-05,0.004478261229871386,0.0,0.0,0.0,0.0,2.5037089277034067e-35,20.0,0.0,-19.338517022083707,20.0,20.0,0.0,0.0,0.0,0.0,0.0,False,0.1,-0.0860532894730568,-0.004649854730814695,25.37569833524381,50.12307369493772,186.55018550890085,209.0720248179004,-0.8605328798294067,-0.04649854451417923,-0.02870118718659192,0.004668883356406847,-0.02870118718659182,0.004668883356406708,0.0277099609375,0.0,-0.387939453125,-0.02245944816489556,-0.00026756768123484894,3.046250947298925e-05,6066.9353363295,False,True,True,Omega_safe_one_step_QP,False,0.3602294921875,0.0,2.907845624711718,False,False,False,0.8331123440803685,2.7905727985462954e-06,1.5352242344536015e-05,0.0014938437566711117,0.1615103304920994,4.123846000023447e-06,0.00033766236238428043,0.0,0.0,0.0,0.0,3.8929413723418993e-07,0.0,0.0,0.671248609689403,0.0,0.0,0.0,0.0,0.0,0.0,0.0,False,-3.083672088367166,0.050801687508568706,-0.32363431614133525,0.07291048381281007
738,-2.6865600138708032,-3348.2345582698917,9.856962860578822,7.665302729495844,38.878279920783804,24.90426082262962,0.1,0.0,0.0,25.409667033495708,50.15271427184051,189.01374175047107,208.4255770413694,0.0,0.0,0.0,0.0,-1.3183898417423734e-16,1.3877787807814457e-16,0.055419921875,0.0,nan,nan,0.001577741773165198,-8.779485534482186e-06,6071.278509395153,False,True,True,Omega_safe_one_step_QP,False,0.33251953125,0.0,0.0,False,False,False,0.8113964787521035,8.363273268095168e-06,4.6010266448616604e-05,0.0004441679353605971,0.04802223104907847,1.7534889818856895e-05,0.0014357646527900464,0.0,0.0,0.0,0.0,5.378159369701356e-34,20.0,0.0,-19.238107527216215,20.0,20.0,0.0,0.0,0.0,0.0,0.0,False,0.1,-0.08907691389322281,-0.0018315993947908282,25.365008923178276,50.12256873733268,188.6903733425882,208.8058072064563,-0.8907691240310669,-0.01831599324941635,-0.029809942205496757,-0.0024172668615227294,-0.02980994220549664,-0.002417266861522646,0.23243288547547625,-0.05033574002966734,-0.32560894130464346,-0.06181019539106037,0.0015780391811665289,-8.815743511315872e-06,6068.591949381283,True,True,True,Z_mode_existing_controller,False,0.07831197579104432,0.0,2.9907788841284546,False,False,False,0.8248292788214576,2.0060873477739528e-07,1.1036422036141442e-06,0.00045804039634633493,0.04952208386068583,7.087181664299705e-06,0.0005803016173252804,0.0,0.0,0.0,0.0,5.144286260300686e-07,20.0,0.0,-19.225274724727385,20.0,20.0,0.0,0.0,0.0,0.0,0.0,False,-2.6865600138708032,0.04425031745312652,-0.3246959660685479,0.07287261276431403
739,-5.570244471679871,-3353.8048027415716,11.716667211708533,3.6305515175943976,43.44562441345236,19.14552797481347,0.1,0.0,0.0,25.428442537551966,50.15179660979841,185.32099174983753,207.57916737342214,0.0,0.0,0.0,0.0,8.326672684688674e-17,-1.1102230246251565e-16,0.055419921875,0.0,nan,nan,-0.002583635371092429,-0.00013776406460978916,6168.050929024907,False,True,True,Omega_safe_one_step_QP,False,0.33251953125,0.0,0.0,False,False,False,0.3275343806033334,1.594247290064863e-06,8.770697817647181e-06,0.0013636402567178995,0.14743308164009566,7.164093259945843e-05,0.00586599173315604,0.0,0.0,0.0,0.0,1.0867059711204978e-33,0.0,0.0,0.17422653653226405,0.0,0.0,0.0,0.0,0.0,0.0,0.0,False,0.1,-0.08908987045288086,-0.006133959628641605,25.38377469360124,50.121631511894314,184.86716276855793,208.6186602400844,-0.8908987045288086,-0.061339594423770905,-0.0281669766397072,0.0046908245007650645,-0.028166976639707297,0.004690824500764926,0.0277099609375,0.0,-0.387939453125,-0.02861803157381815,-0.0025791375187009776,-0.00013806813330347992,6162.480684553228,False,True,True,Omega_safe_one_step_QP,False,0.3602294921875,0.0,2.8554901637351016,False,False,False,0.3553856029617327,1.2612914253886453e-05,6.93895233256016e-05,0.0014616939093376863,0.15803437630016762,3.502398702220444e-06,0.00028677797856580217,0.0,0.0,0.0,0.0,5.322429866499669e-07,0.0,0.0,0.1969945269166871,0.0,0.0,0.0,0.0,0.0,0.0,0.0,False,-5.570244471679871,0.0903080168399397,-0.3241779863577959,0.07289598745156657
740,-7.332527465344356,-3361.137330206916,12.580853188802518,3.616015965305796,40.39299395061206,20.781039667036787,0.1,0.0,0.0,25.381745992478404,50.14772842567156,194.57231372941862,209.31627200239294,0.0,0.0,0.0,0.0,-7.806255641895632e-17,1.249000902703301e-16,0.26014284641297625,-0.05033574002966734,nan,nan,-0.003626011929027999,-8.835110218836408e-05,6487.676285453468,True,True,True,Z_mode_existing_controller,False,0.05060201485354432,0.0,0.0,False,False,False,-1.2705924015394703,1.8709232266986087e-05,0.00010292821172506612,0.008558695836988022,0.9253429530633471,0.0003017532491991773,0.024707691553260563,0.0,0.0,0.0,0.0,8.168651303186174e-34,20.0,0.0,-22.2207459743678,20.0,20.0,0.0,0.0,0.0,0.0,0.0,False,0.1,-0.09030493348836899,-0.0006681333179585636,25.337025901016787,50.11749882450206,194.06575208983492,209.73264752598487,-0.9030493497848511,-0.0066813332960009575,-0.030236482046990424,-0.0017872378542817396,-0.030236482046990525,-0.0017872378542818645,0.23243288547547625,-0.05033574002966734,-0.32560894130464346,-0.05446448829273185,-0.003620475770913585,-8.850810169056027e-05,6480.343757988124,True,True,True,Z_mode_existing_controller,False,0.07831197579104432,0.0,3.0289256605696893,False,False,False,-1.2339297642127485,5.178419575504129e-05,0.0002848890103359538,0.008461404550151097,0.9148240833215413,0.00012409676731478823,0.010161099036075911,0.0,0.0,0.0,0.0,4.6248144506648885e-07,20.0,0.0,-22.159200298062146,20.0,20.0,0.0,0.0,0.0,0.0,0.0,False,-7.332527465344356,0.1130224003590499,-0.3245430431661114,0.07295249069473703
741,-58.90592561022004,-3420.043255817136,9.256562197486712,4.871884603577032,41.47160996539131,22.311779361541017,0.1,0.0,0.0,25.327077366972215,50.1460953186138,205.3665827094492,211.52293790984305,0.0,0.0,0.0,0.0,4.163336342344337e-17,7.632783294297951e-17,0.055419921875,0.0,nan,nan,0.000730144555800893,-8.692712115989081e-05,6401.679516043423,False,True,True,Omega_safe_one_step_QP,False,0.33251953125,0.0,0.0,False,False,False,-0.8406085544892449,9.459687818792985e-06,5.204215420340195e-05,0.011651624281325042,1.259741977728727,0.00048693744271026445,0.0398706564789212,0.0,0.0,0.0,0.0,1.6686377408792536e-34,20.0,0.0,-22.140273230851097,20.0,20.0,0.0,0.0,0.0,0.0,0.0,False,0.1,-0.09569229185581207,-0.03494745120406151,25.282278254519234,50.11581357567216,202.66854877733343,211.0174067165797,-0.9569228887557983,-0.3494745194911957,-0.049312433639005296,-0.010497747330962731,-0.049312433639005185,-0.010497747330962759,0.0277099609375,0.0,-0.387939453125,-0.1517978860599702,0.000729429748704177,-8.662680922637967e-05,6342.773590433203,False,True,True,Omega_safe_one_step_QP,False,0.3602294921875,0.0,5.041744549683191,False,False,False,-0.5460789264381447,3.6274628482599756e-05,0.00019956364790518522,0.007400811084643535,0.8001555978344072,0.0001650606177817873,0.013515237508018044,0.0,0.0,0.0,0.0,4.397649044842343e-06,20.0,0.0,-21.35995372307752,20.0,20.0,0.0,0.0,0.0,0.0,0.0,False,-58.90592561022004,0.9201636142920666,-0.28351909647101475,0.07412802802716525
742,-38.38750503638312,-3458.430760853519,10.45127102608281,4.912795715238032,38.18400771675421,28.098217069196693,0.1,0.0,0.0,25.346683554031944,50.146170850732915,201.49839048965129,210.6961673285207,0.0,0.0,0.0,0.0,-2.7755575615628914e-17,0.0,0.055419921875,0.0,nan,nan,-0.0005642681827014839,9.274425211928082e-05,6436.173271266958,False,True,True,Omega_safe_one_step_QP,False,0.33251953125,0.0,0.0,False,False,False,-1.0130773306069205,1.1007017749195686e-05,6.055473774570233e-05,0.001496291104930515,0.1617749311402196,6.835495941401203e-05,0.005596934773094262,0.0,0.0,0.0,0.0,1.0640762942739478e-34,20.0,0.0,-21.18050975125798,20.0,20.0,0.0,0.0,0.0,0.0,0.0,False,0.1,-0.09523335844278336,-0.014360377565026283,25.29993741813275,50.11552275183028,199.67592607583782,211.2031491525585,-0.9523335695266724,-0.14360377192497253,-0.04590108547442526,-0.0012569140843639096,-0.0459010854744253,-0.0012569140843637777,0.0277099609375,0.0,-0.387939453125,-0.06267638376111222,-0.0005640480220548538,9.266267805278051e-05,6397.785766230575,False,True,True,Omega_safe_one_step_QP,False,0.3602294921875,0.0,4.591829135264035,False,False,False,-0.8211398054250049,3.9623511596906376e-05,0.0002179874156639559,0.0008955790633506855,0.09682757641662754,3.4500252523336976e-06,0.00028248961696964337,0.0,0.0,0.0,0.0,9.703029539143162e-07,20.0,0.0,-20.91846882917722,20.0,20.0,0.0,0.0,0.0,0.0,0.0,False,-38.38750503638312,0.5964336791204279,-0.24597591727151685,0.07485563671426462
743,-28.851932820999536,-3487.2826936745187,9.824813672099346,4.350120388944233,38.741584503691925,23.195948738995515,0.1,0.0,0.0,25.343674109437575,50.14923921000426,202.0533774817052,210.98620092039835,0.0,0.0,0.0,0.0,2.7755575615628914e-17,-7.632783294297951e-17,0.055419921875,0.0,nan,nan,-0.00020608097590853582,-6.128178366928815e-05,6383.45679288081,False,True,True,Omega_safe_one_step_QP,False,0.33251953125,0.0,0.0,False,False,False,-0.74949493867618,9.8917625397347e-06,5.4419198740745854e-05,3.080105613490651e-05,0.0033301265501420813,8.41194844174565e-06,0.0006887741159777676,0.0,0.0,0.0,0.0,8.907425992790966e-35,20.0,0.0,-20.75356825854104,20.0,20.0,0.0,0.0,0.0,0.0,0.0,False,0.1,-0.09344808012247086,-0.017017241567373276,25.295711837332952,50.118329002716415,200.61523308967864,211.403810073487,-0.9344807863235474,-0.17017240822315216,-0.0459201537035278,-0.002779353059499952,-0.04592015370352767,-0.0027793530594999658,0.0277099609375,0.0,-0.387939453125,-0.07569129806806885,-0.0002067800142549498,-6.13010157165704e-05,6354.604860059811,False,True,True,Omega_safe_one_step_QP,False,0.3602294921875,0.0,4.600418806570709,False,False,False,-0.6052352745711823,3.805186327136103e-05,0.00020934104528912617,8.822976662505541e-05,0.009539162782731916,4.026480518787327e-06,0.0003296900330565888,0.0,0.0,0.0,0.0,2.3181840303748272e-08,20.0,0.0,-20.6153134916141,20.0,20.0,0.0,0.0,0.0,0.0,0.0,False,-28.851932820999536,0.4519797620182349,-0.2213842312157911,0.07537597529623867
744,-20.092040818152782,-3507.3747344926715,8.19887633459693,4.634345633251035,39.598157541247375,27.758322460838695,0.1,0.0,0.0,25.346487420239043,50.14930553568357,201.49580251785432,210.8660022485445,0.0,0.0,0.0,0.0,-8.326672684688674e-17,-9.020562075079397e-17,0.055419921875,0.0,nan,nan,0.0016799068797802722,5.5065309149644444e-05,6197.550384908994,False,True,True,Omega_safe_one_step_QP,False,0.33251953125,0.0,0.0,False,False,False,0.180037101182902,2.5067758454185277e-06,1.379094295706686e-05,3.108898403133287e-05,0.003361256532445816,1.4447720715427623e-06,0.00011829858602411099,0.0,0.0,0.0,0.0,1.2518544638517033e-34,0.0,0.0,0.17654375512147502,0.0,0.0,0.0,0.0,0.0,0.0,0.0,False,0.1,-0.09361333400011063,-0.012774272821843624,25.297611409497332,50.11819900909358,200.39449723026803,211.52024695017897,-0.9361333250999451,-0.1277427226305008,-0.04578176590683269,-0.0009454996314973152,-0.04578176590683255,-0.0009454996314973915,0.0277099609375,0.0,-0.387939453125,-0.05671861888251461,0.001676089425060756,5.526534726604782e-05,6177.458344090841,False,True,True,Omega_safe_one_step_QP,False,0.3602294921875,0.0,4.579152824596683,False,False,False,0.2804973052736659,1.7376468912853155e-05,9.559605898164934e-05,4.872431962974044e-06,0.0005267941129223884,1.3557546253782862e-06,0.00011100979755695155,0.0,0.0,0.0,0.0,3.3821695776709237e-08,0.0,0.0,0.27976387148250914,0.0,0.0,0.0,0.0,0.0,0.0,0.0,False,-20.092040818152782,0.32419326298785417,-0.2105320743625301,0.0757088379173525
745,19.640617313791154,-3487.7341171788803,8.969415949560242,3.583405652532016,38.38788388229712,27.048631738670505,0.1,0.0,0.0,25.377129237804105,50.15161221259216,195.42582372120486,209.6972526019179,0.0,0.0,0.0,0.0,7.28583859910259e-17,-1.249000902703301e-16,0.26014284641297625,-0.05033574002966734,nan,nan,0.0003263234085267051,4.188202373961382e-05,6135.5377553542585,True,True,True,Z_mode_existing_controller,False,0.05060201485354432,0.0,0.0,False,False,False,0.49010024895657806,2.1732097730891125e-06,1.1955840435110111e-05,0.0036844642591773924,0.3983542706716167,0.00013659757364897887,0.011184670672477267,0.0,0.0,0.0,0.0,2.5578757073892976e-34,0.0,0.0,0.08054935177204896,0.0,0.0,0.0,0.0,0.0,0.0,0.0,False,0.1,-0.09387101978063583,-0.000726863625459373,25.32756922484372,50.12036126094183,196.03657755163152,210.30439539636902,-0.9387102127075195,-0.007268636021763086,-0.03140435283655786,-0.001875865273621588,-0.03140435283655791,-0.0018758652736216436,0.23243288547547625,-0.05033574002966734,-0.32560894130464346,-0.05465677868802271,0.00032276437867631135,4.174492308679884e-05,6155.17837266805,True,True,True,Z_mode_existing_controller,False,0.07831197579104432,0.0,3.14603281548016,False,False,False,0.3918971623876223,1.417222143833219e-05,7.796799932796845e-05,0.0018991463925447304,0.20533055089797356,0.00014782950009020821,0.012104345853424956,0.0,0.0,0.0,0.0,2.075755868213493e-06,0.0,0.0,0.17438222188102762,0.0,0.0,0.0,0.0,0.0,0.0,0.0,False,19.640617313791154,-0.3201124024809644,-0.21728195665695207,0.07518530819492154
746,8.764611971640988,-3478.9695052072393,7.748849608875787,4.6007131274854824,41.46430580477362,22.909464117647282,0.1,0.0,0.0,25.382440219478102,50.152707100330446,194.36376362808844,209.52844620567558,0.0,0.0,0.0,0.0,-6.678685382510707e-17,-5.551115123125783e-17,0.26014284641297625,-0.05033574002966734,nan,nan,0.002195238367723146,-8.937932412301152e-05,5984.016319690255,True,True,True,Z_mode_existing_controller,False,0.05060201485354432,0.0,0.0,False,False,False,1.2477074272765958,4.447534482819207e-06,2.446796129149195e-05,0.0001127971641390478,0.01219532309005733,2.8495599412322997e-06,0.0002333232476447081,0.0,0.0,0.0,0.0,2.4315617864273377e-34,20.0,0.0,-18.764745687022398,20.0,20.0,0.0,0.0,0.0,0.0,0.0,False,0.1,-0.09350121766328812,-0.0005347946425899863,25.33358927217358,50.12157990000973,194.5199912869844,210.06860662708698,-0.93501216173172,-0.00534794619306922,-0.03131367555415027,-0.001762890760808683,-0.03131367555415027,-0.0017628907608085442,0.23243288547547625,-0.05033574002966734,-0.32560894130464346,-0.053527546369322256,0.002188600936862091,-8.958913607933172e-05,5992.780931661896,True,True,True,Z_mode_existing_controller,False,0.07831197579104432,0.0,3.136325972447921,False,False,False,1.2038843674183908,2.551236411185904e-06,1.403554126347604e-05,0.00023000338981162948,0.02486734194047177,5.559634371953833e-06,0.0004552253590498052,0.0,0.0,0.0,0.0,2.0985610090191368e-10,0.0,0.0,1.1785477643677498,0.0,0.0,0.0,0.0,0.0,0.0,0.0,False,8.764611971640988,-0.14646704660215001,-0.21165177683065464,0.07489974984480652
747,6.227458437512723,-3472.7420467697266,9.782333203623526,4.773658247048918,37.24285652270967,27.37284976521237,0.1,0.0,0.0,25.41490332043307,50.15100922537331,187.98185967672532,208.06282825782404,0.0,0.0,0.0,0.0,-1.3877787807814457e-16,9.71445146547012e-17,0.055419921875,0.0,nan,nan,3.506675007070915e-05,5.844820989213905e-05,6040.348550760637,False,True,True,Omega_safe_one_step_QP,False,0.33251953125,0.0,0.0,False,False,False,0.9660462719246834,3.450009727635143e-06,1.898011241894599e-05,0.0040728698044424135,0.44034762352433326,0.00021480359690645627,0.01758821497690805,0.0,0.0,0.0,0.0,2.848645990008699e-34,20.0,0.0,-19.491908546688975,20.0,20.0,0.0,0.0,0.0,0.0,0.0,False,0.1,-0.08570811152458191,-0.002362082013860345,25.366344382998825,50.11993333740166,188.02332606064732,208.4499099936502,-0.8570811152458191,-0.02362081967294216,-0.028733319071166878,-0.002660534838780121,-0.02873331907116674,-0.002660534838780093,0.23243288547547625,-0.05033574002966734,-0.32560894130464346,-0.06571515439981171,3.5291488288330354e-05,5.842492169911865e-05,6046.57600919815,True,True,True,Z_mode_existing_controller,False,0.07831197579104432,0.0,2.885623105108898,False,False,False,0.9349089797371198,3.683589802905269e-06,2.0265145342749304e-05,0.0042206659063097505,0.45632693672321223,0.0002620178791099532,0.021454141606326367,0.0,0.0,0.0,0.0,7.464004469992545e-08,0.0,0.0,0.45710756162219385,0.0,0.0,0.0,0.0,0.0,0.0,0.0,False,6.227458437512723,-0.10309766704983479,-0.17879024843943436,0.07466857475447124
748,-3.7098090860681623,-3476.4518558557947,10.746274927979986,6.705354941626606,37.26822161968039,25.94153445710857,0.1,0.0,0.0,25.40969065894633,50.151281557166016,189.00408495417457,208.2919027634695,0.0,0.0,0.0,0.0,1.3183898417423734e-16,-1.249000902703301e-16,0.055419921875,0.0,nan,nan,0.00016195037036768434,2.715202849809051e-05,6161.350979526442,False,True,True,Omega_safe_one_step_QP,False,0.33251953125,0.0,0.0,False,False,False,0.3610341280956618,3.0200259582903174e-06,1.661457118144893e-05,0.00010449445178561999,0.011297656376122537,5.247512913671043e-06,0.00042966871388070956,0.0,0.0,0.0,0.0,1.2253729271163788e-33,20.0,0.0,-19.650709811565523,20.0,20.0,0.0,0.0,0.0,0.0,0.0,False,0.1,-0.08813805878162384,-0.0023901856038719416,25.36143256772409,50.12024661172262,188.63092313842014,208.61686063022447,-0.881380558013916,-0.02390185557305813,-0.029574145646112375,-0.0027142766106730137,-0.02957414564611248,-0.0027142766106731386,0.23243288547547625,-0.05033574002966734,-0.32560894130464346,-0.0654690837765838,0.0001645444898198344,2.7121279478071992e-05,6157.641170440374,True,True,True,Z_mode_existing_controller,False,0.07831197579104432,0.0,2.969844083814363,False,False,False,0.3795831735260026,4.341940557204331e-06,2.388703986310457e-05,3.691742089180739e-05,0.00399141129888892,2.7872515052549422e-06,0.00022822140492592943,0.0,0.0,0.0,0.0,7.0987750718118774e-09,0.0,0.0,0.3753396466835496,0.0,0.0,0.0,0.0,0.0,0.0,0.0,False,-3.7098090860681623,0.060210968315155065,-0.14068089662430788,0.07464944705573008
749,-11.984373007105205,-3488.4362288629,10.985162036165036,2.544020665644176,38.61741269789984,26.63421088293356,0.1,0.0,0.0,25.407225930182257,50.151086119594616,189.4900938207577,208.37955603290558,0.0,0.0,0.0,0.0,4.85722573273506e-17,-9.71445146547012e-17,0.055419921875,0.0,nan,nan,-0.002561866213735671,5.680860138081796e-05,6198.873404759122,False,True,True,Omega_safe_one_step_QP,False,0.33251953125,0.0,0.0,False,False,False,0.17342200193225835,4.697591254000962e-06,2.5843640203389294e-05,2.362046183974089e-05,0.0025537801935952274,7.683095642835609e-07,6.290953214958785e-05,0.0,0.0,0.0,0.0,7.703719777548944e-35,0.0,0.0,0.17077946856631016,0.0,0.0,0.0,0.0,0.0,0.0,0.0,False,0.1,-0.089996837079525,-0.0012202485231682658,25.358967307619153,50.12002743009136,188.77458608325776,208.7180939011204,-0.8999683260917664,-0.012202484533190727,-0.030225266727117377,-0.0020905157044108225,-0.03022526672711735,-0.0020905157044106976,0.23243288547547625,-0.05033574002966734,-0.32560894130464346,-0.05790211388337119,-0.002559060291907649,5.673677837685621e-05,6186.889031752017,True,True,True,Z_mode_existing_controller,False,0.07831197579104432,0.0,3.029747521883258,False,False,False,0.2333438669677844,2.4539458423771928e-05,0.00013500300473138235,2.0639041719415676e-06,0.00022314371461251464,1.024817513628916e-06,8.391251823243565e-05,0.0,0.0,0.0,0.0,8.130363303102929e-09,0.0,0.0,0.23290179959984475,0.0,0.0,0.0,0.0,0.0,0.0,0.0,False,-11.984373007105205,0.1933314688747204,-0.06791873090045217,0.07480721195487766
750,-20.10987655083045,-3508.5461054137304,10.052136303832754,5.62551634436362,39.847989056805275,21.293452632584962,0.1,0.0,0.0,25.364306531713073,50.15155991029231,197.94336607303023,210.20737644897628,0.0,0.0,0.0,0.0,-1.734723475976807e-17,8.326672684688674e-17,0.26014284641297625,-0.05033574002966734,nan,nan,0.0002910260045994946,-0.00011093584694194165,6307.490021078052,True,True,True,Z_mode_existing_controller,False,0.05060201485354432,0.0,0.0,False,False,False,-0.3696610796623918,3.1370354491199707e-06,1.725829495771572e-05,0.007145781177104088,0.7725824567558156,0.00033409274734048423,0.027355664183822823,0.0,0.0,0.0,0.0,3.689359549716799e-34,0.0,0.0,-1.169616458896988,0.0,0.0,0.0,0.0,0.0,0.0,0.0,False,0.1,-0.09359147399663925,-0.0005595976253971457,25.315773404545588,50.12042166015616,196.87769156288405,210.53625363287895,-0.9359146952629089,-0.005595976021140814,-0.03146143903370402,-0.0017781454929664542,-0.03146143903370388,-0.0017781454929665305,0.23243288547547625,-0.05033574002966734,-0.32560894130464346,-0.05367235679402831,0.00029094158404019063,-0.00011099798599976385,6287.380144527222,True,True,True,Z_mode_existing_controller,False,0.07831197579104432,0.0,3.151164780625764,False,False,False,-0.26911169690823955,2.062731345511407e-05,0.00011348047083544526,0.006566031841394967,0.709901532867488,0.0003305704810188343,0.02706725943565615,0.0,0.0,0.0,0.0,1.6256971205691385e-08,0.0,0.0,-1.0061939859391904,0.0,0.0,0.0,0.0,0.0,0.0,0.0,False,-20.10987655083045,0.31882534072393737,0.0032581491902185203,0.07513682494254292
751,-25.098945730223022,-3533.6450511439534,10.959330080086698,5.615542246626812,42.62041442888451,23.520189894591265,0.1,0.0,0.0,25.37117057091967,50.14999015189357,196.6064955203738,209.8266746004212,0.0,0.0,0.0,0.0,-3.8163916471489756e-17,8.326672684688674e-17,0.26014284641297625,-0.05033574002966734,nan,nan,-0.0005450536399279305,-1.975333219267003e-05,6368.682044421103,True,True,True,Z_mode_existing_controller,False,0.05060201485354432,0.0,0.0,False,False,False,-0.6756211963776423,4.482017894253512e-06,2.4657670619082894e-05,0.0001787222874559885,0.019322968405775378,1.449338974932528e-05,0.0011867252612453188,0.0,0.0,0.0,0.0,4.3333423748712805e-36,0.0,0.0,-0.6961555477152821,0.0,0.0,0.0,0.0,0.0,0.0,0.0,False,0.1,-0.09410946816205978,-0.0007027801475487649,25.322037209131096,50.11871710120544,195.3462715702989,210.114445812315,-0.941094696521759,-0.007027801126241684,-0.03166591770385506,-0.001866160358292679,-0.03166591770385507,-0.0018661603582927622,0.23243288547547625,-0.05033574002966734,-0.32560894130464346,-0.05450302229171951,-0.000543580982039913,-1.9909343565333818e-05,6343.5830986908795,True,True,True,Z_mode_existing_controller,False,0.07831197579104432,0.0,3.1720859044328957,False,False,False,-0.5501264677265272,2.5418608500530172e-05,0.0001398396192940417,0.0002345247193689478,0.025356175814700663,1.779218374889023e-05,0.0014568319953245877,0.0,0.0,0.0,0.0,4.955814306519487e-10,0.0,0.0,-0.5770793156514279,0.0,0.0,0.0,0.0,0.0,0.0,0.0,False,-25.098945730223022,0.39409952569714846,0.0695991230136855,0.07557125833316491
752,-28.09028232933997,-3561.7353334732934,10.264473611485261,5.295873348551064,44.96452452080845,27.933439081084376,0.1,0.0,0.0,25.36439242774431,50.15004063433263,197.93994946362315,210.1094742265879,0.0,0.0,0.0,0.0,1.1102230246251565e-16,-1.3877787807814457e-17,0.26014284641297625,-0.05033574002966734,nan,nan,2.507980563497508e-05,0.00011131432353453331,6328.321452737942,True,True,True,Z_mode_existing_controller,False,0.05060201485354432,0.0,0.0,False,False,False,-0.4738182379618411,4.245178612708814e-06,2.3354707281636857e-05,0.00017780994187672103,0.0192243280791867,7.99756285600291e-06,0.00065484403812833,0.0,0.0,0.0,0.0,3.1693584647322452e-34,0.0,0.0,-0.4937207647864378,0.0,0.0,0.0,0.0,0.0,0.0,0.0,False,0.1,-0.09383297711610794,-0.000877951446454972,25.31452711251883,50.11860136571876,196.54113900232315,210.3599265152305,-0.9383297562599182,-0.008779514580965042,-0.03160285279865528,-0.001959582758024672,-0.03160285279865528,-0.0019595827580247208,0.23243288547547625,-0.05033574002966734,-0.32560894130464346,-0.05555707738953542,2.5111688799821404e-05,0.00011127644559470512,6300.231170408602,True,True,True,Z_mode_existing_controller,False,0.07831197579104432,0.0,3.166354796290232,False,False,False,-0.33336682631514125,2.401756328926108e-05,0.00013213181621137004,0.00014277081801121992,0.01543599315433376,6.026077550388828e-06,0.000493417935966474,0.0,0.0,0.0,0.0,1.270492703953657e-10,0.0,0.0,-0.3494283693487021,0.0,0.0,0.0,0.0,0.0,0.0,0.0,False,-28.09028232933997,0.4438820394812077,0.12699514623910382,0.07606905194852889
753,-31.68835207534721,-3593.4236855486406,11.52178407224436,3.7696170324597484,43.451013124828506,28.701782651676737,0.1,0.0,0.0,25.367269029640187,50.15291950888969,197.33681261781882,210.14127293094535,0.0,0.0,0.0,0.0,-2.0816681711721685e-17,1.0408340855860843e-16,0.26014284641297625,-0.05033574002966734,nan,nan,-0.0022573476299913107,0.00014820768221737073,6445.353449875313,True,True,True,Z_mode_existing_controller,False,0.05060201485354432,0.0,0.0,False,False,False,-1.0589782236486962,1.5719149611098287e-05,8.647837261415075e-05,3.637740547667949e-05,0.003933026298597798,1.0111575988119956e-07,8.279403827294561e-06,0.0,0.0,0.0,0.0,3.1296361596292583e-34,20.0,0.0,-21.063006007723736,20.0,20.0,0.0,0.0,0.0,0.0,0.0,False,0.1,-0.09415104240179062,-0.00046780271804891527,25.316540940766497,50.121295742602555,195.8121757903464,210.39181720309963,-0.9415104389190674,-0.004678027238696814,-0.03173935934859631,-0.0017356842764369718,-0.031739359348596424,-0.0017356842764369301,0.23243288547547625,-0.05033574002966734,-0.32560894130464346,-0.053108449462226495,-0.002255194421728025,0.00014796824614784183,6413.665097799966,True,True,True,Z_mode_existing_controller,False,0.07831197579104432,0.0,3.1786782343716617,False,False,False,-0.9005364632719602,5.017922698697071e-05,0.0002760593286678509,5.3138736441545656e-05,0.005745215887725626,1.0170159727657843e-07,8.327372456311153e-06,0.0,0.0,0.0,0.0,6.876456823415193e-10,20.0,0.0,-20.906566066548457,20.0,20.0,0.0,0.0,0.0,0.0,0.0,False,-31.68835207534721,0.4916464600705525,0.1782784886282176,0.07664033009214843
754,-71.43039242438499,-3664.8540779730256,11.531414914337114,4.9276546598244595,39.945765008523814,28.6532597267419,0.1,0.0,0.0,25.33540188324084,50.156435416936255,203.57548059759475,211.6710067706127,0.0,0.0,0.0,0.0,2.7755575615628914e-17,9.020562075079397e-17,0.055419921875,0.0,nan,nan,-0.001620933515724017,0.00013285351732492362,6600.870897156246,False,True,True,Omega_safe_one_step_QP,False,0.33251953125,0.0,0.0,False,False,False,-1.8365654600533616,2.6061922163154472e-05,0.00014337878776056736,0.003892097816188143,0.4208030470341367,0.00023400856202234388,0.01916072614500245,0.0,0.0,0.0,0.0,2.5518571763130876e-35,20.0,0.0,-22.276672612020263,20.0,20.0,0.0,0.0,0.0,0.0,0.0,False,0.1,-0.09555332362651825,-0.03669986501336098,25.28374447004721,50.12460351203994,200.44161134855756,210.95107251172237,-0.9555332064628601,-0.3669986426830292,-0.046880531015117605,-0.011239477144218343,-0.04688053101511751,-0.011239477144218288,0.0277099609375,0.0,-0.387939453125,-0.15964151543906024,-0.0016208908058933848,0.00013224783280711878,6529.440504731861,False,True,True,Omega_safe_one_step_QP,False,0.3602294921875,0.0,4.820902441177162,False,False,False,-1.4794134979314366,7.02380126927094e-05,0.00038641206322185916,0.002143167358762984,0.23171343513530318,3.1276650022271425e-05,0.0025609461492806665,0.0,0.0,0.0,0.0,3.1957715830875264e-06,20.0,0.0,-21.714077487050826,20.0,20.0,0.0,0.0,0.0,0.0,0.0,False,-71.43039242438499,1.082135880814731,0.2510005004413384,0.07805390669965827
755,-61.1374825698249,-3725.9915605428505,8.18678066522503,5.737967013495438,42.06000812975974,29.43930042287388,0.1,0.0,0.0,25.318230353023335,50.16060400126214,206.90941156000338,212.6178613850708,0.0,0.0,0.0,0.0,-6.938893903907228e-17,-9.71445146547012e-17,0.055419921875,0.0,nan,nan,0.0022333598756360076,0.00011175123463011069,6321.615645452644,False,True,True,Omega_safe_one_step_QP,False,0.33251953125,0.0,0.0,False,False,False,-0.4402892015353473,7.551681359466726e-06,4.154532087449681e-05,0.001111509566210693,0.1201733960343101,8.965336609205781e-05,0.00734085787640345,0.0,0.0,0.0,0.0,4.453712996395483e-34,0.0,0.0,-0.5678450007669353,0.0,0.0,0.0,0.0,0.0,0.0,0.0,False,0.1,-0.09564360976219177,-0.019040925428271294,25.26431259886101,50.1283280092912,204.0291572098587,212.63634248492787,-0.9564360976219177,-0.19040925800800323,-0.050723656065834455,-0.004901413512345097,-0.0507236560658344,-0.004901413512344972,0.0277099609375,0.0,-0.387939453125,-0.08274833537909072,0.0022314754724411063,0.00011236654734439,6260.478162882819,False,True,True,Omega_safe_one_step_QP,False,0.3602294921875,0.0,5.095991698486235,False,False,False,-0.1346017886862228,3.176900839951897e-05,0.00017477613063851563,0.001287048530693902,0.139152192204468,0.00028401348825880427,0.023255151961038962,0.0,0.0,0.0,0.0,5.494066075712288e-07,0.0,0.0,-0.29718445838897584,0.0,0.0,0.0,0.0,0.0,0.0,0.0,False,-61.1374825698249,0.9671179963907359,0.30693815975125205,0.07924931091767705
756,-1.6146514438069062,-3727.6062119866574,11.334756595429555,4.738766933497712,36.23692792375336,24.694780738377066,0.1,0.0,0.0,25.361618280023784,50.16485766402413,198.30379606929975,211.0195031491381,0.0,0.0,0.0,0.0,6.938893903907228e-17,2.7755575615628914e-17,0.26014284641297625,-0.05033574002966734,nan,nan,-0.0016514030347055337,-5.899063059357831e-06,6450.5941997025175,True,True,True,Z_mode_existing_controller,False,0.05060201485354432,0.0,0.0,False,False,False,-1.085181972784717,1.537020319905783e-05,8.455865567084359e-05,0.007405661797383824,0.8006800437239505,0.0002554749050373871,0.02091839995100044,0.0,0.0,0.0,0.0,3.485933199340897e-34,20.0,0.0,-21.90686497511534,20.0,20.0,0.0,0.0,0.0,0.0,0.0,False,0.1,-0.09199992567300797,0.0007141274982132018,25.30562578952727,50.13218263300469,197.99241756486944,211.52249382924538,-0.9199992418289185,0.007141274865716696,-0.03100592315382049,-0.0010424261400481874,-0.03100592315382053,-0.0010424261400483192,0.23243288547547625,-0.05033574002966734,-0.32560894130464346,-0.04600407333818291,-0.0016476652651244194,-5.92963992874574e-06,6448.979548258711,True,True,True,Z_mode_existing_controller,False,0.07831197579104432,0.0,3.102344150603016,False,False,False,-1.0771087155656824,5.036002022464252e-05,0.00027705395658095776,0.003644222554138516,0.39400344679772115,0.00012406588277656875,0.01015857019621713,0.0,0.0,0.0,0.0,4.0368077472906e-06,20.0,0.0,-21.481551823323947,20.0,20.0,0.0,0.0,0.0,0.0,0.0,False,-1.6146514438069062,0.025031049757886944,0.30674190750935737,0.07917502551325424
757,-45.467622087629024,-3773.0738340742864,9.721071897344018,6.058851826210138,42.726679750492565,29.921541574428048,0.1,0.0,0.0,25.339604762683326,50.16541156656391,202.63479591655644,211.97148708076045,0.0,0.0,0.0,0.0,4.163336342344337e-17,-4.163336342344337e-17,0.055419921875,0.0,nan,nan,0.0009244830057204305,0.00015384781451808702,6383.782123238425,False,True,True,Omega_safe_one_step_QP,False,0.33251953125,0.0,0.0,False,False,False,-0.7511215904642541,9.07550670891728e-06,4.9928594755650884e-05,0.001875755967693749,0.2028016416789458,9.062734060671494e-05,0.007420607347047926,0.0,0.0,0.0,0.0,5.585196838722984e-35,0.0,0.0,-0.9613937680850034,0.0,0.0,0.0,0.0,0.0,0.0,0.0,False,0.1,-0.09479963034391403,-0.02328823320567608,25.28371046693413,50.13272179727888,200.48157946953714,211.91507435740903,-0.9479963183403015,-0.2328823208808899,-0.04651388442988634,-0.006125693010169242,-0.04651388442988633,-0.006125693010169193,0.0277099609375,0.0,-0.387939453125,-0.1021073653069528,0.0009234371454091752,0.00015390879516542034,6338.314501150796,False,True,True,Omega_safe_one_step_QP,False,0.3602294921875,0.0,4.691551512678569,False,False,False,-0.523783480026109,3.4417561312258215e-05,0.00018934705536045139,0.0006195926987648914,0.06698868010869305,1.5411947109324922e-05,0.001261937150380166,0.0,0.0,0.0,0.0,2.6633646501282498e-06,20.0,0.0,-20.592226107705194,20.0,20.0,0.0,0.0,0.0,0.0,0.0,False,-45.467622087629024,0.7122364330404776,0.3396493657607053,0.08003224810425447
758,-23.298715450101554,-3796.372549524388,9.576452057657228,5.696386858138688,38.923395751209284,25.476978791024166,0.1,0.0,0.0,25.359809957223785,50.169831542996256,198.59741347429608,211.35840029221902,0.0,0.0,0.0,0.0,-4.85722573273506e-17,-7.632783294297951e-17,0.26014284641297625,-0.05033574002966734,nan,nan,0.0007808170074868799,4.405941471104062e-06,6272.582471133404,True,True,True,Z_mode_existing_controller,False,0.05060201485354432,0.0,0.0,False,False,False,-0.19512332993915152,6.2707314734336284e-06,3.449821818223581e-05,0.001630045698507228,0.17623611459192878,3.7587541028405336e-05,0.003077684738905199,0.0,0.0,0.0,0.0,9.340760230278094e-35,0.0,0.0,-0.3744716274881677,0.0,0.0,0.0,0.0,0.0,0.0,0.0,False,0.1,-0.09291472285985947,0.0021015023812651634,25.30245028840894,50.136850873054044,197.344927900902,212.47906319896563,-0.9291471838951111,0.021015023812651634,-0.04228137186487493,0.0048529160959537646,-0.04228137186487487,0.004852916095953848,0.0277099609375,0.0,-0.387939453125,0.00940096689241887,0.0007796878086967739,4.415443274099953e-06,6249.283755683303,False,True,True,Omega_safe_one_step_QP,False,0.3602294921875,0.0,4.255896147006174,False,False,False,-0.07862975268864375,2.445259522128897e-05,0.00013452512974599027,0.0009838583063021226,0.10637208844541665,3.180834134003643e-05,0.0026044812731467666,0.0,0.0,0.0,0.0,1.3844402051802766e-06,0.0,0.0,-0.18774223197715834,0.0,0.0,0.0,0.0,0.0,0.0,0.0,False,-23.298715450101554,0.371437371406799,0.35545629405707113,0.08041944853274463
759,12.085942482111022,-3784.286607042277,10.87837599658125,6.860170088336472,42.602740414289144,28.662525740003606,0.1,0.0,0.0,25.374507902464217,50.170624739789126,195.6883896680974,210.7777869768426,0.0,0.0,0.0,0.0,-3.9898639947466563e-17,-6.938893903907228e-18,0.26014284641297625,-0.05033574002966734,nan,nan,0.00028433568578307934,0.00013306899147344942,6335.92293258182,True,True,True,Z_mode_existing_controller,False,0.05060201485354432,0.0,0.0,False,False,False,-0.5118256371812276,6.393832797346784e-06,3.517545597321281e-05,0.0008462419505030711,0.09149338174870515,3.3711182199238745e-05,0.002760286737210152,0.0,0.0,0.0,0.0,4.890056499420716e-35,0.0,0.0,-0.6061144811231162,0.0,0.0,0.0,0.0,0.0,0.0,0.0,False,0.1,-0.09067199379205704,0.0004234277585055679,25.316416977093983,50.137463112848366,195.93686572929602,211.34846941924548,-0.9067199230194092,0.00423427764326334,-0.030549726581453246,-0.001183850160506393,-0.03054972658145335,-0.001183850160506407,0.23243288547547625,-0.05033574002966734,-0.32560894130464346,-0.04772974902865598,0.0002871065075370268,0.0001331581948390366,6348.008875063931,True,True,True,Z_mode_existing_controller,False,0.07831197579104432,0.0,3.057265600833684,False,False,False,-0.5722553495917828,2.126597555540058e-05,0.00011699404888830113,0.0001982639079107779,0.021435755344777242,0.0001278242294741913,0.010466305311585447,0.0,0.0,0.0,0.0,1.740740478911636e-06,0.0,0.0,-0.6042761450375127,0.0,0.0,0.0,0.0,0.0,0.0,0.0,False,12.085942482111022,-0.19075267503587093,0.34099762251830784,0.08005598177633406
760,0.732413770837411,-3783.5541932714395,9.163977440253623,3.901920002965473,38.18083853451587,25.80285904825403,0.1,0.0,0.0,25.379350354797012,50.17353768179152,194.6973144061545,210.72869897425585,0.0,0.0,0.0,0.0,6.114900252818245e-17,-1.0408340855860843e-16,0.26014284641297625,-0.05033574002966734,nan,nan,0.00026640200964465904,6.423085714228876e-06,6137.215297839364,True,True,True,Z_mode_existing_controller,False,0.05060201485354432,0.0,0.0,False,False,False,0.4817125365310494,6.154879633640038e-06,3.386086318418735e-05,9.82230174835152e-05,0.010619605929234045,2.409631997957445e-07,1.9730175009019208e-05,0.0,0.0,0.0,0.0,1.9647682777384044e-34,0.0,0.0,0.47103933956362215,0.0,0.0,0.0,0.0,0.0,0.0,0.0,False,0.1,-0.09335481375455856,0.0012706535635516047,25.32180517420133,50.14045230564625,194.47711911977655,211.27834210844415,-0.9335481524467468,0.012706534937024117,-0.031481005702104076,-0.0007530821098837293,-0.03148100570210398,-0.0007530821098836044,0.23243288547547625,-0.05033574002966734,-0.32560894130464346,-0.04274022559081622,0.0002639538833249695,6.387033304341332e-06,6137.947711610202,True,True,True,Z_mode_existing_controller,False,0.07831197579104432,0.0,3.149001195109543,False,False,False,0.4780504676768624,1.9025922618456746e-05,0.00010467047303660996,0.00021308601640035893,0.023038281465766374,4.917839720225689e-07,4.026749247545163e-05,0.0,0.0,0.0,0.0,1.0528419139971774e-08,0.0,0.0,0.45486723771716486,0.0,0.0,0.0,0.0,0.0,0.0,0.0,False,0.732413770837411,-0.011933975513214613,0.3355406360640918,0.07993670440578117
761,-4.888172755368942,-3788.4423660268085,8.885267372148022,5.931605373133678,41.608179251527886,26.148576286705016,0.1,0.0,0.0,25.38309551302418,50.17375655583807,193.9542556935425,210.57768473712179,0.0,0.0,0.0,0.0,-1.3357370765021415e-16,-6.938893903907228e-17,0.26014284641297625,-0.05033574002966734,nan,nan,0.001653456477654421,2.462900293772165e-05,6089.505164791738,True,True,True,Z_mode_existing_controller,False,0.05060201485354432,0.0,0.0,False,False,False,0.7202632017691804,7.346630180739931e-06,4.041723871498947e-05,5.5213625038859904e-05,0.005969547208581621,2.2805299817183155e-06,0.0001867308190244757,0.0,0.0,0.0,0.0,3.912064007446186e-34,20.0,0.0,-19.28593349349714,20.0,20.0,0.0,0.0,0.0,0.0,0.0,False,0.1,-0.09166241437196732,0.00016567505372222513,25.32563616732933,50.14067047517365,193.49612446484696,211.01798846531085,-0.916624128818512,0.0016567505663260818,-0.030937992351078795,-0.0013431993088413724,-0.030937992351078934,-0.0013431993088412406,0.23243288547547625,-0.05033574002966734,-0.32560894130464346,-0.04932710840824979,0.0016503259398783217,2.4630864657316652e-05,6084.616992036369,True,True,True,Z_mode_existing_controller,False,0.07831197579104432,0.0,3.096713669519174,False,False,False,0.7447040655460251,7.954609562970368e-06,4.376201682697612e-05,9.623505130004227e-05,0.010404672423727874,6.778401949278163e-06,0.000555018595595098,0.0,0.0,0.0,0.0,6.431018078970544e-09,0.0,0.0,0.733700606078857,0.0,0.0,0.0,0.0,0.0,0.0,0.0,False,-4.888172755368942,0.08027208489174699,0.29335987456364304,0.07993713533673318
762,-8.279101438270118,-3796.7214674650786,8.993204356923055,5.380072317122202,37.954889773635315,23.888299893852782,0.1,0.0,0.0,25.40703131698469,50.17422377081467,189.2279403343241,209.59018777573695,0.0,0.0,0.0,0.0,-5.551115123125783e-17,5.551115123125783e-17,0.055419921875,0.0,nan,nan,0.0011932901025850586,-5.334358206277815e-05,5989.36947086462,False,True,True,Omega_safe_one_step_QP,False,0.33251953125,0.0,0.0,False,False,False,1.2209416714047712,9.657371442664345e-06,5.3129704007800596e-05,0.002233805687478379,0.24151300511087861,9.751502487442822e-05,0.007984574027952083,0.0,0.0,0.0,0.0,2.169379526419935e-34,20.0,0.0,-19.028609037438066,20.0,20.0,0.0,0.0,0.0,0.0,0.0,False,0.1,-0.08880405873060226,0.00041116689681075513,25.349454597144245,50.14110286152253,188.62536199060594,210.00727752730148,-0.8880405426025391,0.004111669026315212,-0.029998774090074558,-0.0011614358978474654,-0.02999877409007457,-0.0011614358978474931,0.23243288547547625,-0.05033574002966734,-0.32560894130464346,-0.047751980576691826,0.0011913589043132606,-5.33542027936041e-05,5981.09036942635,True,True,True,Z_mode_existing_controller,False,0.07831197579104432,0.0,3.0021248812335313,False,False,False,1.2623371785961217,3.900402791263509e-06,2.1457934702142733e-05,0.002372432708047449,0.2565009821381006,0.00010215366002117755,0.008364387556847494,0.0,0.0,0.0,0.0,9.15168879380141e-09,20.0,0.0,-19.002549658185217,20.0,20.0,0.0,0.0,0.0,0.0,0.0,False,-8.279101438270118,0.1382299335271256,0.27034612954493975,0.08001071120577437
763,-10.199792418319703,-3806.9212598833983,10.288246254034556,6.446227595246537,39.183546289999654,20.281050268083717,0.1,0.0,0.0,25.42015429731378,50.172396707398285,186.6602338831414,208.93182484170623,0.0,0.0,0.0,0.0,-5.551115123125783e-17,-2.7755575615628914e-17,0.055419921875,0.0,nan,nan,0.0005017466982802062,-0.0001407789375781213,6057.266534278282,False,True,True,Omega_safe_one_step_QP,False,0.33251953125,0.0,0.0,False,False,False,0.8814563543364602,8.927103860848923e-06,4.9112161480965616e-05,0.0006593116419445334,0.07128298438990928,4.334417529055379e-05,0.003549040537431207,0.0,0.0,0.0,0.0,6.933347799794049e-35,20.0,0.0,-19.193424782752363,20.0,20.0,0.0,0.0,0.0,0.0,0.0,False,0.1,-0.08802662789821625,-0.003831559559330344,25.362361730694417,50.13921840421278,185.97131643190264,209.87334508121555,-0.8802662491798401,-0.03831559419631958,-0.028864135825300813,0.004434373982296402,-0.02886413582530087,0.0044343739822963885,0.0277099609375,0.0,-0.387939453125,-0.01809208785803665,0.0005036414124149284,-0.00014098863665720112,6047.066741859962,False,True,True,Omega_safe_one_step_QP,False,0.3602294921875,0.0,2.920277400447226,False,False,False,0.9324553164280587,3.5544272749885394e-06,1.9554562041914612e-05,0.0007043957827672725,0.07615735927129526,1.7937900114562132e-06,0.0001468763316782893,0.0,0.0,0.0,0.0,3.2600492206604564e-07,20.0,0.0,-19.143868799741877,20.0,20.0,0.0,0.0,0.0,0.0,0.0,False,-10.199792418319703,0.16838936111856267,0.25610782193476916,0.08012338149848934
764,-5.628511971244734,-3812.549771854643,11.536694350909984,5.795852484172417,38.60879169768918,26.257274901808216,0.1,0.0,0.0,25.42078591821337,50.16842709054037,186.5802536989033,208.6816141343681,0.0,0.0,0.0,0.0,-6.938893903907228e-17,2.7755575615628914e-17,0.055419921875,0.0,nan,nan,-0.001139795915425104,5.158030917246526e-05,6180.187296248318,False,True,True,Omega_safe_one_step_QP,False,0.33251953125,0.0,0.0,False,False,False,0.2668525444862826,4.8896710773877725e-06,2.6900360887997898e-05,6.396829870757479e-07,6.916078752640499e-05,6.260539806665284e-06,0.0005126158108007444,0.0,0.0,0.0,0.0,3.274080905458301e-35,0.0,0.0,0.26624386752706747,0.0,0.0,0.0,0.0,0.0,0.0,0.0,False,0.1,-0.08902659267187119,-0.006531406193971634,25.36276591759334,50.1351588181587,186.0885389749643,209.5769806084068,-0.8902658820152283,-0.06531406193971634,-0.02933862828055802,0.0035672998975891934,-0.029338628280557992,0.0035672998975891795,0.0277099609375,0.0,-0.387939453125,-0.030493980237280855,-0.0011341937164957468,5.150480979952373e-05,6174.558784277073,False,True,True,Omega_safe_one_step_QP,False,0.3602294921875,0.0,2.955470754286183,False,False,False,0.29499510434250625,1.1941296058788626e-05,6.569463842615981e-05,1.3741124601845547e-06,0.00014856530784201723,8.783190074319833e-06,0.0007191715475670372,0.0,0.0,0.0,0.0,9.769605584667776e-09,0.0,0.0,0.2940616630790655,0.0,0.0,0.0,0.0,0.0,0.0,0.0,False,-5.628511971244734,0.09107348534018575,0.24455305846217038,0.08013760611994007
765,-6.083058661564792,-3818.632830516208,8.272735792098846,3.1122703466010364,40.09968297375426,27.77884573730883,0.1,0.0,0.0,25.396740063223245,50.16830250267664,191.31989292110012,209.6818801776318,0.0,0.0,0.0,0.0,1.3877787807814457e-16,-1.3877787807814457e-17,0.26014284641297625,-0.05033574002966734,nan,nan,0.000934569609886779,6.0805712702410256e-05,5966.219006388012,True,True,True,Z_mode_existing_controller,False,0.05060201485354432,0.0,0.0,False,False,False,1.3366939937878124,6.2588844993114135e-06,3.4433042452769646e-05,0.002246417995658642,0.24287661362305782,0.00010005321573064326,0.008192402235088547,0.0,0.0,0.0,0.0,4.506676069866132e-34,20.0,0.0,-18.914409455112786,20.0,20.0,0.0,0.0,0.0,0.0,0.0,False,0.1,-0.09335576742887497,-0.0010386559879407287,25.33870899104721,50.1349798921243,190.8075036808937,210.04903930053175,-0.9335576891899109,-0.010386559180915356,-0.031521806529796186,-0.0020417883674229004,-0.03152180652979618,-0.0020417883674227894,0.23243288547547625,-0.05033574002966734,-0.32560894130464346,-0.05654439216621739,0.00093010029923439,6.084312805919323e-05,5960.135947726447,True,True,True,Z_mode_existing_controller,False,0.07831197579104432,0.0,3.1587864546993965,False,False,False,1.3671092870956363,7.570830997211939e-06,4.165067196214008e-05,0.002226862789580717,0.24076235784337377,2.2283940881070148e-05,0.001824619086428302,0.0,0.0,0.0,0.0,3.6228138432641693e-07,0.0,0.0,1.1244802972124879,0.0,0.0,0.0,0.0,0.0,0.0,0.0,False,-6.083058661564792,0.10195835344045669,0.26552709225851706,0.08016493648056788
766,-10.544604211206206,-3829.177434727414,11.209637231729987,6.165547300758824,38.246508043585344,23.20268422951767,0.1,0.0,0.0,25.407730097015424,50.16909873109122,189.14180766451582,209.25757084485022,0.0,0.0,0.0,0.0,6.245004513516506e-17,1.3877787807814457e-17,0.055419921875,0.0,nan,nan,-0.000587786623396188,-4.523427478513855e-05,6210.650506629793,False,True,True,Omega_safe_one_step_QP,False,0.33251953125,0.0,0.0,False,False,False,0.11453649257890447,4.575657437289434e-06,2.5172825413993806e-05,0.000474405538494988,0.051291438590841225,1.8003840988554597e-05,0.0014741625851575737,0.0,0.0,0.0,0.0,6.596310059526283e-35,0.0,0.0,0.061745718577491684,0.0,0.0,0.0,0.0,0.0,0.0,0.0,False,0.1,-0.0914359986782074,-0.0009441285510547459,25.349520324791136,50.1357358480994,188.45910485116812,209.59271597661387,-0.914359986782074,-0.009441285394132137,-0.030900505429265673,-0.0019589699278429185,-0.030900505429265673,-0.0019589699278428907,0.23243288547547625,-0.05033574002966734,-0.32560894130464346,-0.056097838425946234,-0.0005835944162435897,-4.533426450750467e-05,6200.105902418587,True,True,True,Z_mode_existing_controller,False,0.07831197579104432,0.0,3.096253863884995,False,False,False,0.1672595136349355,1.3314084772190681e-05,7.32469893366865e-05,0.0005514977063456417,0.05962643443783512,2.0823097595145466e-05,0.0017050045821534728,0.0,0.0,0.0,0.0,3.928739514548663e-09,0.0,0.0,0.10585482369687067,0.0,0.0,0.0,0.0,0.0,0.0,0.0,False,-10.544604211206206,0.1697826048970228,0.28051148169048185,0.08028162856951573
767,-17.25940538522991,-3846.436840112644,11.04382737695865,4.13097968115573,39.04452800756592,24.19857333806953,0.1,0.0,0.0,25.394081040280458,50.16743411695782,191.84996818429948,209.73540055137673,0.0,0.0,0.0,0.0,-7.632783294297951e-17,9.71445146547012e-17,0.26014284641297625,-0.05033574002966734,nan,nan,-0.0016444998392767954,-1.3601673069791546e-05,6261.195077065197,True,True,True,Z_mode_existing_controller,False,0.05060201485354432,0.0,0.0,False,False,False,-0.13818635959811673,6.760543808009523e-06,3.719290425803694e-05,0.0007334133400914909,0.07929465877305285,2.2832122843920733e-05,0.0018695044717194909,0.0,0.0,0.0,0.0,2.619264724366641e-34,0.0,0.0,-0.21938771574714713,0.0,0.0,0.0,0.0,0.0,0.0,0.0,False,0.1,-0.0932144969701767,-0.000627031724434346,25.335685307304825,50.13400204729026,190.88827428849405,210.04641114908338,-0.9321449398994446,-0.006270317360758781,-0.03152752132859982,-0.001809872177776839,-0.03152752132859988,-0.0018098721777767904,0.23243288547547625,-0.05033574002966734,-0.32560894130464346,-0.05408955451481531,-0.0016413432332844802,-1.3719318000495221e-05,6243.9356716799675,True,True,True,Z_mode_existing_controller,False,0.07831197579104432,0.0,3.157942745562717,False,False,False,-0.051889332671967166,3.0053147522581128e-05,0.00016533637976515357,0.0005900864155238349,0.06379854088792464,2.0583930952213717e-05,0.00168542151002726,0.0,0.0,0.0,0.0,4.153790770926563e-09,0.0,0.0,-0.117538635603475,0.0,0.0,0.0,0.0,0.0,0.0,0.0,False,-17.25940538522991,0.27565672643631944,0.2987955655716128,0.08053776266802902
768,-21.613860836533604,-3868.0507009491776,8.667599197914395,3.3397491154283325,38.85546181224553,23.608624961407678,0.1,0.0,0.0,25.366826090390635,50.16682699330909,197.22792042753304,210.8442615271191,0.0,0.0,0.0,0.0,-1.0755285551056204e-16,4.163336342344337e-17,0.26014284641297625,-0.05033574002966734,nan,nan,0.0005548497647378958,-6.426671967364652e-05,6146.268445150299,True,True,True,Z_mode_existing_controller,False,0.05060201485354432,0.0,0.0,False,False,False,0.4364467999763747,4.961185458334545e-06,2.7293794848217916e-05,0.0028922370330500785,0.31270081424737034,0.00012295726635243296,0.010067796185560675,0.0,0.0,0.0,0.0,4.0564899453656156e-35,0.0,0.0,0.11365089574859547,0.0,0.0,0.0,0.0,0.0,0.0,0.0,False,0.1,-0.09445571154356003,-0.0007425671210512519,25.308003790090787,50.13328168024872,196.04914387435872,211.11487904843239,-0.9445570707321167,-0.007425670977681875,-0.03197407562199173,-0.001893786154191869,-0.03197407562199181,-0.0018937861541918344,0.23243288547547625,-0.05033574002966734,-0.32560894130464346,-0.05472280679319698,0.0005516928574502448,-6.414763581004352e-05,6124.654584313766,True,True,True,Z_mode_existing_controller,False,0.07831197579104432,0.0,3.2030109863668206,False,False,False,0.5445161041590427,2.350051975054193e-05,0.0001292873185823428,0.0026634574882303014,0.2879657911041104,0.000114162365193927,0.009347665729161363,0.0,0.0,0.0,0.0,2.0645229238455097e-09,0.0,0.0,0.24707335794266574,0.0,0.0,0.0,0.0,0.0,0.0,0.0,False,-21.613860836533604,0.35165826272342493,0.31314889271125645,0.08088622536418945
769,-23.71484248860088,-3891.7655434377784,8.315602280742244,6.355119811740219,39.37017182085415,23.449217177905226,0.1,0.0,0.0,25.37701114938944,50.16604320732414,195.22711842113668,210.36697652291963,0.0,0.0,0.0,0.0,-1.1666015375944028e-16,3.469446951953614e-17,0.26014284641297625,-0.05033574002966734,nan,nan,0.0023592368378998405,-7.197475705871979e-05,6061.649931940253,True,True,True,Z_mode_existing_controller,False,0.05060201485354432,0.0,0.0,False,False,False,0.8595393660266063,6.2314262639356125e-06,3.428198189485759e-05,0.0004003208668799683,0.04328160507009585,2.278009752336909e-05,0.0018652446151096254,0.0,0.0,0.0,0.0,1.310911300037015e-36,20.0,0.0,-19.185641765640494,20.0,20.0,0.0,0.0,0.0,0.0,0.0,False,0.1,-0.093707375228405,-0.0008653383702039719,25.317493597372014,50.132356148970786,193.9505111371357,210.60942834884605,-0.9370737671852112,-0.008653383702039719,-0.03174742896958352,-0.0019505769075645468,-0.03174742896958354,-0.0019505769075645399,0.23243288547547625,-0.05033574002966734,-0.32560894130464346,-0.05548896306803048,0.0023555356978064556,-7.179542723766288e-05,6037.935089451652,True,True,True,Z_mode_existing_controller,False,0.07831197579104432,0.0,3.180729470500553,False,False,False,0.9781135784696108,6.401402266774849e-06,3.521709915454811e-05,0.00044042593657442174,0.047617656301580776,2.5548040971231392e-05,0.002091885067625544,0.0,0.0,0.0,0.0,5.459389471651474e-10,20.0,0.0,-19.07163118054469,20.0,20.0,0.0,0.0,0.0,0.0,0.0,False,-23.71484248860088,0.39122751651562426,0.32288367907476445,0.08127910785430456
770,-23.09534612299285,-3914.8608895607713,11.715082383070794,4.071257348507399,44.02714309140843,26.071060223150873,0.1,0.0,0.0,25.41260957932393,50.16479676887343,188.22182963981444,208.79420957640787,0.0,0.0,0.0,0.0,5.551115123125783e-17,8.326672684688674e-17,0.055419921875,0.0,nan,nan,-0.002272801256005194,7.273089048678914e-05,6238.427753893119,False,True,True,Omega_safe_one_step_QP,False,0.33251953125,0.0,0.0,False,False,False,-0.024349743737725475,5.366289371481471e-06,2.952246039408409e-05,0.004907407090971917,0.5305755287878119,0.0002473595868039934,0.02025391404969075,0.0,0.0,0.0,0.0,3.200222244407435e-34,0.0,0.0,-0.5752087090356223,0.0,0.0,0.0,0.0,0.0,0.0,0.0,False,0.1,-0.08887696266174316,-0.0009183172951452434,25.352312204944166,50.13095473501286,187.00674084928727,209.80312632025178,-0.8887696266174316,-0.009183173067867756,-0.030180182581312234,0.005895774855092503,-0.03018018258131215,0.005895774855092489,0.0277099609375,0.0,-0.387939453125,-0.00429467923091932,-0.0022680131828446966,7.248101255205271e-05,6215.332407770126,False,True,True,Omega_safe_one_step_QP,False,0.3602294921875,0.0,3.0750667989220526,False,False,False,0.09112698687723877,2.7112531910196902e-05,0.0001491586819294381,0.004821594581040658,0.5212977132348392,6.501229613152415e-05,0.005323236002428812,0.0,0.0,0.0,0.0,6.402149722490078e-07,0.0,0.0,-0.4356437612569309,0.0,0.0,0.0,0.0,0.0,0.0,0.0,False,-23.09534612299285,0.37021100562686,0.32545362011635737,0.08165506420924627
771,-17.447109587315936,-3932.307999148087,8.572573651925973,2.9011815910407117,37.57697548299255,23.520584349448725,0.1,0.0,0.0,25.37293732926306,50.165360164649066,196.03392891142164,210.4902739909757,0.0,0.0,0.0,0.0,-3.9898639947466563e-17,1.3877787807814457e-17,0.26014284641297625,-0.05033574002966734,nan,nan,0.0004275686478912033,-7.20805208353336e-05,6108.678433415913,True,True,True,Z_mode_existing_controller,False,0.05060201485354432,0.0,0.0,False,False,False,0.6243968586483061,4.27345220736143e-06,2.3510253511172334e-05,0.006102889502944567,0.6598278408806517,0.00028766344983633595,0.023554012454101554,0.0,0.0,0.0,0.0,1.3917853113735884e-34,0.0,0.0,-0.05900850493995841,0.0,0.0,0.0,0.0,0.0,0.0,0.0,False,0.1,-0.09284531325101852,-0.0013855878496542573,25.312040468672016,50.13134296179194,195.02779841659287,210.74158640032348,-0.9284530878067017,-0.01385587826371193,-0.031459292122876556,-0.0022273959224616904,-0.03145929212287664,-0.0022273959224618153,0.23243288547547625,-0.05033574002966734,-0.32560894130464346,-0.05866374224874454,0.0004239902961918245,-7.198526192759425e-05,6091.231323828597,True,True,True,Z_mode_existing_controller,False,0.07831197579104432,0.0,3.1538046126351604,False,False,False,0.7116324065848858,2.2608717597819722e-05,0.00012438109904952774,0.0064337364498030505,0.6955981143719644,8.807073218881942e-05,0.00721127110169026,0.0,0.0,0.0,0.0,6.762202470063353e-07,0.0,0.0,0.008697963791934575,0.0,0.0,0.0,0.0,0.0,0.0,0.0,False,-17.447109587315936,0.2856118516875291,0.31999099777322365,0.08191460117393753
772,-21.602522700101872,-3953.910521848189,11.019996657239925,5.4409243930292694,45.64971066592049,26.844579266084395,0.1,0.0,0.0,25.38023012308387,50.16423889797297,194.60727418295346,210.1162192993782,0.0,0.0,0.0,0.0,7.28583859910259e-17,-1.3877787807814457e-16,0.26014284641297625,-0.05033574002966734,nan,nan,-0.0006291030223174051,9.327892043692679e-05,6324.340077337588,True,True,True,Z_mode_existing_controller,False,0.05060201485354432,0.0,0.0,False,False,False,-0.453911360960069,5.935550771333129e-06,3.265423282892799e-05,0.00020353437142606138,0.022005583548294915,1.3991691230610634e-05,0.001145645961234378,0.0,0.0,0.0,0.0,3.6017899225579415e-34,0.0,0.0,-0.47709524470242726,0.0,0.0,0.0,0.0,0.0,0.0,0.0,False,0.1,-0.09300526231527328,-0.0005201270687393844,25.318780054215875,50.130108734483976,193.45774283951226,210.39098554655183,-0.9300525784492493,-0.005201270338147879,-0.031538607588733114,-0.0017469377926591229,-0.031538607588733,-0.0017469377926590673,0.23243288547547625,-0.05033574002966734,-0.32560894130464346,-0.053456559780846624,-0.0006267584791472946,9.316381377090245e-05,6302.737554637486,True,True,True,Z_mode_existing_controller,False,0.07831197579104432,0.0,3.1586952374160804,False,False,False,-0.3458987474595597,2.9664595107898062e-05,0.00016319877173110532,0.0002465074515121924,0.0266517162753486,1.2292095866541166e-05,0.001006482329584262,0.0,0.0,0.0,0.0,2.3713095761756627e-09,0.0,0.0,-0.37372014720753327,0.0,0.0,0.0,0.0,0.0,0.0,0.0,False,-21.602522700101872,0.3415774995641296,0.3147935892765878,0.08225623993006052
773,-24.519542936833204,-3978.4300647850223,8.12415379389451,3.2787988072272602,44.374267332009246,24.41901636384497,0.1,0.0,0.0,25.370496265972434,50.16620632707689,196.50087242656278,210.62891256528738,0.0,0.0,0.0,0.0,2.42861286636753e-17,6.245004513516506e-17,0.26014284641297625,-0.05033574002966734,nan,nan,0.0012580091790135655,-3.0275866031069087e-05,6071.757889440285,True,True,True,Z_mode_existing_controller,False,0.05060201485354432,0.0,0.0,False,False,False,0.8089995785264454,4.202575209373301e-06,2.3120326091850475e-05,0.0003585714308200295,0.038767769412392565,2.6285438490861893e-05,0.0021522635076772164,0.0,0.0,0.0,0.0,4.2851941262616e-34,0.0,0.0,0.7680564252802838,0.0,0.0,0.0,0.0,0.0,0.0,0.0,False,0.1,-0.09429508447647095,-0.0005913503700867295,25.308467950393492,50.13193574140732,195.17860645538786,210.87338154301352,-0.9429508447647095,-0.005913503468036652,-0.032001078386770736,-0.0018068850777101103,-0.03200107838677073,-0.0018068850777100132,0.23243288547547625,-0.05033574002966734,-0.32560894130464346,-0.0538353735749625,0.0012533034445050507,-3.005708802047524e-05,6047.238346503452,True,True,True,Z_mode_existing_controller,False,0.07831197579104432,0.0,3.2052049101427107,False,False,False,0.9315972932106115,1.7313720765238206e-05,9.525085215910837e-05,0.0002961371584444447,0.0320175454211733,2.327058974022672e-05,0.0019054063380920814,0.0,0.0,0.0,0.0,2.1747291602263025e-09,0.0,0.0,0.8975790884244578,0.0,0.0,0.0,0.0,0.0,0.0,0.0,False,-24.519542936833204,0.4038293914761726,0.30996881995378706,0.0826619240511707
774,-27.275067800312172,-4005.7051325853345,11.471895612838324,4.277364651055773,36.659335120367416,26.819651643327305,0.1,0.0,0.0,25.390629425621594,50.16599177685549,192.5322320739551,209.76406511172473,0.0,0.0,0.0,0.0,6.591949208711867e-17,-8.326672684688674e-17,0.26014284641297625,-0.05033574002966734,nan,nan,-0.0020868355304877453,6.046256660709095e-05,6322.137538536309,True,True,True,Z_mode_existing_controller,False,0.05060201485354432,0.0,0.0,False,False,False,-0.44289866695367436,9.155074643436312e-06,5.0366335069835374e-05,0.0015750106248346002,0.17028587187221433,7.479611179337937e-05,0.006124339222455838,0.0,0.0,0.0,0.0,2.296671458681779e-34,0.0,0.0,-0.6193592443834143,0.0,0.0,0.0,0.0,0.0,0.0,0.0,False,0.1,-0.09352289885282516,-0.0004954677424393594,25.327779643044227,50.131561077482615,191.15344100876482,209.9996268950244,-0.9352289438247681,-0.004954677540808916,-0.03176409468267019,-0.0017412842849564014,-0.031764094682670135,-0.0017412842849563182,0.23243288547547625,-0.05033574002966734,-0.32560894130464346,-0.0532921467224987,-0.0020825857122773444,6.025533070698729e-05,6294.862470735997,True,True,True,Z_mode_existing_controller,False,0.07831197579104432,0.0,3.181178684026844,False,False,False,-0.3065233279521135,4.1327440865326815e-05,0.00022736152519457474,0.0016201956872688129,0.17517115812418382,7.634471848826098e-05,0.00625113983406812,0.0,0.0,0.0,0.0,6.046474001915087e-10,0.0,0.0,-0.4881729880402074,0.0,0.0,0.0,0.0,0.0,0.0,0.0,False,-27.275067800312172,0.43142161387755656,0.27503655200945815,0.08311944806784576
775,-29.352075858667376,-4035.057208444002,9.054497661657935,5.376680416015893,38.88839518657354,23.959017081686902,0.1,0.0,0.0,25.357308256758436,50.166976537755716,199.08733982922928,211.21588934291066,0.0,0.0,0.0,0.0,-6.938893903907228e-17,-1.1102230246251565e-16,0.26014284641297625,-0.05033574002966734,nan,nan,0.0011395782615612354,-4.8678422946541854e-05,6229.948406823902,True,True,True,Z_mode_existing_controller,False,0.05060201485354432,0.0,0.0,False,False,False,0.018046991608362078,5.028110446124309e-06,2.7661980416424127e-05,0.004296943768325567,0.4645738920345619,0.00021077935982585994,0.017258708637578002,0.0,0.0,0.0,0.0,1.9078743511586055e-34,0.0,0.0,-0.46381327104419423,0.0,0.0,0.0,0.0,0.0,0.0,0.0,False,0.1,-0.09485013782978058,-4.787891884916462e-05,25.29372887097856,50.132368872868476,197.5711858728754,211.4555625692551,-0.9485013484954834,-0.0004787891812156886,-0.03223945021888521,-0.0015122987409905975,-0.03223945021888534,-0.0015122987409905836,0.23243288547547625,-0.05033574002966734,-0.32560894130464346,-0.050617431126276966,0.001137156987241243,-4.855589371912381e-05,6200.596330965234,True,True,True,Z_mode_existing_controller,False,0.07831197579104432,0.0,3.2274900432038374,False,False,False,0.16480737090169895,2.627892025803143e-05,0.00014457259547724443,0.004118744914081765,0.44530751580632394,0.00021197486874976494,0.01735659744513652,0.0,0.0,0.0,0.0,2.7839726515573117e-09,0.0,0.0,-0.2980013177292114,0.0,0.0,0.0,0.0,0.0,0.0,0.0,False,-29.352075858667376,0.4711447662474527,0.249573152199811,0.08362041276726997
776,-31.64867346912979,-4066.7058819131316,12.566392752949001,6.379384435804354,40.6809044863656,24.350156349779557,0.1,0.0,0.0,25.377801923974282,50.16679381754702,195.04725692265848,210.33761645764372,0.0,0.0,0.0,0.0,-1.3270634591222574e-16,9.71445146547012e-17,0.26014284641297625,-0.05033574002966734,nan,nan,-0.0016756880115612978,1.9641567752523743e-05,6495.321368075368,True,True,True,Z_mode_existing_controller,False,0.05060201485354432,0.0,0.0,False,False,False,-1.308817814648969,1.0658963947522464e-05,5.863993146829292e-05,0.001632226989196558,0.17647194981804246,7.713632609951119e-05,0.0063159570207658305,0.0,0.0,0.0,0.0,4.7342517761853265e-34,0.0,0.0,-1.4916643614192457,0.0,0.0,0.0,0.0,0.0,0.0,0.0,False,0.1,-0.09395905584096909,-0.000742451986297965,25.313284678854004,50.131994163855815,193.5080997537945,210.5287480394495,-0.9395905137062073,-0.0074245198629796505,-0.03196114253305525,-0.0018859430865104387,-0.03196114253305539,-0.0018859430865104318,0.23243288547547625,-0.05033574002966734,-0.32560894130464346,-0.054745312465468564,-0.001669569397429205,1.922386790898352e-05,6463.672694606238,True,True,True,Z_mode_existing_controller,False,0.07831197579104432,0.0,3.20167364567947,False,False,False,-1.1505744473033201,4.6935196451092776e-05,0.0002582124038408701,0.001650866881106772,0.17848724431541635,8.589851726587696e-05,0.0070334091683195744,0.0,0.0,0.0,0.0,2.1706526493098e-09,0.0,0.0,-1.3363533153615494,0.0,0.0,0.0,0.0,0.0,0.0,0.0,False,-31.64867346912979,0.4872533886419176,0.2737270181303877,0.08416299516706488
777,-33.44439331583544,-4100.150275228967,11.09226034661109,4.508772847306787,35.44884037062773,27.181433589404552,0.1,0.0,0.0,25.352725757002307,50.167350866650274,199.98199868669627,211.41876642932286,0.0,0.0,0.0,0.0,2.7755575615628914e-17,-9.71445146547012e-17,0.26014284641297625,-0.05033574002966734,nan,nan,-0.0015573166924278516,6.260951766455004e-05,6466.450512156933,True,True,True,Z_mode_existing_controller,False,0.05060201485354432,0.0,0.0,False,False,False,-1.1644635350567933,1.914309143024318e-05,0.0001053150733117591,0.0024351676277738856,0.2632837113044968,0.00011688852612618028,0.00957088501053587,0.0,0.0,0.0,0.0,6.349625517040121e-34,20.0,0.0,-21.437423446445138,20.0,20.0,0.0,0.0,0.0,0.0,0.0,False,0.1,-0.09505089372396469,-0.0032765560317784548,25.287383922570143,50.13234663695159,198.33909442904974,211.45162481644758,-0.9505088925361633,-0.03276555985212326,-0.032356487694045345,-0.0033171799332377683,-0.032356487694045415,-0.0033171799332377475,0.23243288547547625,-0.05033574002966734,-0.32560894130464346,-0.06957233257377374,-0.0015548916320755517,6.242299786555128e-05,6433.006118841097,True,True,True,Z_mode_existing_controller,False,0.07831197579104432,0.0,3.2526081513216303,False,False,False,-0.997241568477616,6.723575346052055e-05,0.0003698952350861823,0.002333850955234435,0.25232962779132445,8.517015455223386e-05,0.006973770502239426,0.0,0.0,0.0,0.0,2.204736707748179e-08,20.0,0.0,-21.256914884053632,20.0,20.0,0.0,0.0,0.0,0.0,0.0,False,-33.44439331583544,0.517198627793717,0.26384559580323363,0.08474174009173249
778,-69.16918239063762,-4169.319457619605,10.482080591300129,5.134345246691424,40.64763454368251,24.50051737535668,0.1,0.0,0.0,25.33350490649668,50.16953213535027,203.74332794422463,212.34268259742782,0.0,0.0,0.0,0.0,-5.551115123125783e-17,9.71445146547012e-17,0.055419921875,0.0,nan,nan,-0.00040047492367524095,-5.0826311204206845e-06,6492.359036604338,False,True,True,Omega_safe_one_step_QP,False,0.33251953125,0.0,0.0,False,False,False,-1.2940061572938202,1.8847079263756306e-05,0.00010368657233905379,0.0014147597783538838,0.15295998550614942,8.536210856857648e-05,0.006989487783298668,0.0,0.0,0.0,0.0,4.468157470978387e-34,20.0,0.0,-21.454059317155608,20.0,20.0,0.0,0.0,0.0,0.0,0.0,False,0.1,-0.09517540782690048,-0.034801676869392395,25.267202514995674,50.13431638511005,200.6120984892233,211.5912004169728,-0.9517540335655212,-0.34801676869392395,-0.046854943902731844,-0.011058383691632291,-0.04685494390273181,-0.011058383691632173,0.0277099609375,0.0,-0.387939453125,-0.15198565395657723,-0.00040055443355731246,-5.215056745982408e-06,6423.1898542137005,False,True,True,Omega_safe_one_step_QP,False,0.3602294921875,0.0,4.814222281947015,False,False,False,-0.9481602453406321,6.83393792807168e-05,0.000375966795397444,0.0005166547457565564,0.055859308153753916,1.9481348261979634e-06,0.00015951415442122568,0.0,0.0,0.0,0.0,2.7013146806417704e-06,20.0,0.0,-21.004557735758887,20.0,20.0,0.0,0.0,0.0,0.0,0.0,False,-69.16918239063762,1.0653936727876157,0.30031589681809395,0.08605585293074013
779,-50.22381332029181,-4219.5432709398965,6.910552362093068,4.351856352012238,41.90910124582356,28.61601138733982,0.1,0.0,0.0,25.33474112053896,50.17093810473632,203.48092332153274,212.36261456101184,0.0,0.0,0.0,0.0,2.7755575615628914e-17,1.1102230246251565e-16,0.055419921875,0.0,nan,nan,0.0029612883742141513,6.725828068409809e-05,6105.457888715944,False,True,True,Omega_safe_one_step_QP,False,0.33251953125,0.0,0.0,False,False,False,0.6404995821481498,6.0053707732901536e-06,3.303834522015412e-05,6.885618601007277e-06,0.0007444543854903794,3.972831723144625e-08,3.252972455772108e-06,0.0,0.0,0.0,0.0,7.125940794232773e-35,0.0,0.0,0.6397188364449835,0.0,0.0,0.0,0.0,0.0,0.0,0.0,False,0.1,-0.09508617967367172,-0.03193705901503563,25.26623927908408,50.13529729600172,200.9980693103821,211.83066939581948,-0.9508617520332336,-0.3193705677986145,-0.047211969949231644,-0.009997751415362223,-0.0472119699492317,-0.009997751415362167,0.0277099609375,0.0,-0.387939453125,-0.1396061963161891,0.0029551621018820366,6.809105490383478e-05,6055.234075395652,False,True,True,Omega_safe_one_step_QP,False,0.3602294921875,0.0,4.825893844512668,False,False,False,0.8916186487496088,2.4796954339646663e-05,0.00013641960984747055,1.489734747859929e-05,0.0016106607561730047,5.734539182986857e-06,0.00046954664352198266,0.0,0.0,0.0,0.0,1.2524084233450359e-08,0.0,0.0,0.8894020092159822,0.0,0.0,0.0,0.0,0.0,0.0,0.0,False,-50.22381332029181,0.8226051876160679,0.35114255250845355,0.08698287137862064
780,-3.057892562872439,-4222.601163502769,9.540888583210497,5.824512947968888,43.17899526844496,26.589327457355317,0.1,0.0,0.0,25.386182624379714,50.173746711658694,193.3046658568032,210.34574671460746,0.0,0.0,0.0,0.0,-1.1449174941446927e-16,9.71445146547012e-17,0.26014284641297625,-0.05033574002966734,nan,nan,0.0009909121103601985,5.303045074253349e-05,6140.884198176618,True,True,True,Z_mode_existing_controller,False,0.05060201485354432,0.0,0.0,False,False,False,0.4633680348447797,6.5845515493713315e-06,3.622468876952387e-05,0.01035562159884635,1.1196216869479658,0.00040677559098598455,0.033306968061321496,0.0,0.0,0.0,0.0,2.042689447265712e-34,0.0,0.0,-0.6895968448532771,0.0,0.0,0.0,0.0,0.0,0.0,0.0,False,0.1,-0.0952959880232811,-0.0008725891239009798,25.31592452457743,50.13779851847958,192.89205703781147,210.71604311337106,-0.9529598951339722,-0.008725890889763832,-0.03241412835202089,-0.00197950461211599,-0.03241412835202089,-0.00197950461211608,0.23243288547547625,-0.05033574002966734,-0.32560894130464346,-0.05544551682962251,0.0009893119562810705,5.3021061798583604e-05,6137.826305613746,True,True,True,Z_mode_existing_controller,False,0.07831197579104432,0.0,3.247451547491771,False,False,False,0.4786574976591419,1.6802367726137673e-05,9.24376606222397e-05,0.0065707434963065805,0.7104109442022017,0.00012423917495248002,0.01017275943740135,0.0,0.0,0.0,0.0,2.832683977339086e-06,0.0,0.0,-0.24202147632506074,0.0,0.0,0.0,0.0,0.0,0.0,0.0,False,-3.057892562872439,0.049795639588520554,0.3541898919234453,0.08693585560049885
781,-7.519414085805693,-4230.120577588575,10.27751342787866,6.409152477974407,40.61170441673322,27.757085920698042,0.1,0.0,0.0,25.399643743596627,50.17468384146986,190.63779054916768,209.82516680279022,0.0,0.0,0.0,0.0,-2.0816681711721685e-17,-1.1102230246251565e-16,0.26014284641297625,-0.05033574002966734,nan,nan,0.000529841384287171,8.895010105603634e-05,6151.806180896382,True,True,True,Z_mode_existing_controller,False,0.05060201485354432,0.0,0.0,False,False,False,0.40875812124595995,7.351569473972047e-06,4.044441207049186e-05,0.0007112223906476135,0.0768954335779087,2.710034445876417e-05,0.002218988374280229,0.0,0.0,0.0,0.0,5.210844205782715e-34,20.0,0.0,-19.6703967451183,20.0,20.0,0.0,0.0,0.0,0.0,0.0,False,0.1,-0.09376662969589233,6.152651621960104e-05,25.32938073398678,50.13871696930566,190.03969910105832,210.20929520436076,-0.9376662969589233,0.0006152651621960104,-0.031918273640193714,-0.0014342756000274223,-0.031918273640193666,-0.0014342756000273321,0.23243288547547625,-0.05033574002966734,-0.32560894130464346,-0.04996957170712064,0.000531462387153648,8.894096333738276e-05,6144.286766810576,True,True,True,Z_mode_existing_controller,False,0.07831197579104432,0.0,3.195048260460413,False,False,False,0.44635519167498844,1.468785064667918e-05,8.080471606604745e-05,0.0008135945799358693,0.08796363669574397,2.5679344328631193e-05,0.0021026362454940562,0.0,0.0,0.0,0.0,5.431465708645334e-09,0.0,0.0,0.35620810858621865,0.0,0.0,0.0,0.0,0.0,0.0,0.0,False,-7.519414085805693,0.1222309979328711,0.35613358659304045,0.08698050203122189
782,-10.083619417810041,-4240.204197006385,10.723918595870293,5.25214981160506,39.78465760018167,26.722078268269566,0.1,0.0,0.0,25.40398037462801,50.17592307500367,189.76614125167345,209.7053917557551,0.0,0.0,0.0,0.0,1.1102230246251565e-16,-5.551115123125783e-17,0.055419921875,0.0,nan,nan,-0.0006108959562959896,6.06091324141262e-05,6176.424868416413,False,True,True,Omega_safe_one_step_QP,False,0.33251953125,0.0,0.0,False,False,False,0.2856646836458049,6.620624561232797e-06,3.642314323037257e-05,7.597724978221844e-05,0.008214453932954733,1.43460618922651e-06,0.00011746619901484662,0.0,0.0,0.0,0.0,2.046300565911438e-34,0.0,0.0,0.2772963403706049,0.0,0.0,0.0,0.0,0.0,0.0,0.0,False,0.1,-0.09082115441560745,0.0007303543970920146,25.333610647320278,50.13990755512347,189.06333815115389,210.09558281984087,-0.9082115292549133,0.007303543854504824,-0.03093803172813811,-0.0010149084709906997,-0.030938031728138048,-0.0010149084709906442,0.23243288547547625,-0.05033574002966734,-0.32560894130464346,-0.04584814785389468,-0.000607578132457591,6.0566202712897537e-05,6166.341248998603,True,True,True,Z_mode_existing_controller,False,0.07831197579104432,0.0,3.0954674064117786,False,False,False,0.3360827807348551,2.2402328025822772e-05,0.00012324565376448343,9.53280704498285e-05,0.010306612117076753,1.293050639319835e-06,0.00010587556701990257,0.0,0.0,0.0,0.0,1.1367429950669286e-08,0.0,0.0,0.32554703602956403,0.0,0.0,0.0,0.0,0.0,0.0,0.0,False,-10.083619417810041,0.16325980858883826,0.35705007836379393,0.08707725445532176
783,-15.76666330887656,-4255.970860315261,9.350076878662483,5.071033834313236,38.571849607541026,23.64214193630122,0.1,0.0,0.0,25.39048139427359,50.17645714567946,192.41885919714136,210.29782525004984,0.0,0.0,0.0,0.0,-2.7755575615628914e-17,-6.245004513516506e-17,0.26014284641297625,-0.05033574002966734,nan,nan,0.0006786755835447716,-5.4458533768947295e-05,6101.397503571905,True,True,True,Z_mode_existing_controller,False,0.05060201485354432,0.0,0.0,False,False,False,0.6608015078683457,6.597651420619983e-06,3.629675727036939e-05,0.0007036912498207505,0.07608118708225127,3.509774451622736e-05,0.0028738190823910186,0.0,0.0,0.0,0.0,1.930744769248204e-34,0.0,0.0,0.581810204946433,0.0,0.0,0.0,0.0,0.0,0.0,0.0,False,0.1,-0.09307535737752914,0.00040618740604259074,25.3199461250896,50.140375502353386,191.46496102532646,210.6353805326098,-0.9307535886764526,0.0040618740022182465,-0.03172698082254342,-0.0012311134275146407,-0.03172698082254347,-0.0012311134275145366,0.23243288547547625,-0.05033574002966734,-0.32560894130464346,-0.04790040624777622,0.000677202327447995,-5.4447176718074855e-05,6085.630840263028,True,True,True,Z_mode_existing_controller,False,0.07831197579104432,0.0,3.175085750630137,False,False,False,0.7396348244127284,1.7821226367551217e-05,9.804287715196212e-05,0.0005767792429748935,0.062359805527083215,2.913815707105531e-05,0.002385845386098516,0.0,0.0,0.0,0.0,6.691852567886385e-09,0.0,0.0,0.6747911239305422,0.0,0.0,0.0,0.0,0.0,0.0,0.0,False,-15.76666330887656,0.25841068869298184,0.3614035859950434,0.08729166471864473
784,-20.38105642248047,-4276.351916737742,11.235697111255753,5.327126670389883,36.18101761801949,25.46092252351386,0.1,0.0,0.0,25.398518415224544,50.175100488739275,190.84826815182237,209.87951464015018,0.0,0.0,0.0,0.0,-8.326672684688674e-17,-4.163336342344337e-17,0.26014284641297625,-0.05033574002966734,nan,nan,-0.0011924788834671285,1.4354379947429698e-05,6255.712384913389,True,True,True,Z_mode_existing_controller,False,0.05060201485354432,0.0,0.0,False,False,False,-0.1107728988390727,6.948950604533868e-06,3.8229417908964164e-05,0.0002466756231636203,0.02666989853763689,1.749837663546282e-05,0.0014327749369367037,0.0,0.0,0.0,0.0,3.5148221485067053e-35,0.0,0.0,-0.13891380173155524,0.0,0.0,0.0,0.0,0.0,0.0,0.0,False,0.1,-0.0942956954240799,-0.0002413949987385422,25.327543174782996,50.13891535787931,189.7255122792585,210.15620301406065,-0.9429569244384766,-0.002413949929177761,-0.03216505650955052,-0.0016116049118940906,-0.03216505650955045,-0.0016116049118940143,0.23243288547547625,-0.05033574002966734,-0.32560894130464346,-0.05176431537943077,-0.0011876382601761631,1.421560396096342e-05,6235.331328490908,True,True,True,Z_mode_existing_controller,False,0.07831197579104432,0.0,3.2205405301821823,False,False,False,-0.008867616726670349,3.201600429365237e-05,0.00017613497023833422,0.0003025681940197363,0.03271285152432721,2.296110942829076e-05,0.0018800659511719279,0.0,0.0,0.0,0.0,3.366840772319316e-09,0.0,0.0,-0.043636672539248585,0.0,0.0,0.0,0.0,0.0,0.0,0.0,False,-20.38105642248047,0.32579912835558933,0.3730499572090052,0.08759729473424005
785,-24.020869841191598,-4300.372786578933,11.410577532963858,5.97585218392468,37.87927444138924,24.51341602002658,0.1,0.0,0.0,25.377193196392827,50.174879849726004,195.05271328952938,210.759983575859,0.0,0.0,0.0,0.0,-1.240327285323417e-16,6.938893903907228e-18,0.26014284641297625,-0.05033574002966734,nan,nan,-0.0009061952591884103,-3.986635942690962e-06,6376.67660519682,True,True,True,Z_mode_existing_controller,False,0.05060201485354432,0.0,0.0,False,False,False,-0.7155940002562283,9.324624761203191e-06,5.129910933713194e-05,0.001767735891598813,0.1911228043762065,7.75225546748221e-05,0.006347581589956595,0.0,0.0,0.0,0.0,4.0211310752928813e-35,0.0,0.0,-0.9131156853317285,0.0,0.0,0.0,0.0,0.0,0.0,0.0,False,0.1,-0.09506461769342422,-0.000740629096981138,25.305737776997674,50.138563266783024,193.78255748874332,210.98453166223055,-0.950646162033081,-0.007406291086226702,-0.03244983674884535,-0.0019022415841898899,-0.032449836748845245,-0.0019022415841899454,0.23243288547547625,-0.05033574002966734,-0.32560894130464346,-0.05468333037688496,-0.0009016958374239324,-4.1695559784979885e-06,6352.655735355628,True,True,True,Z_mode_existing_controller,False,0.07831197579104432,0.0,3.2505544574292817,False,False,False,-0.5954896510502704,4.350307743212833e-05,0.00023933071655362863,0.0016459615831803664,0.1779568968237741,6.861283493789753e-05,0.005618049736794596,0.0,0.0,0.0,0.0,1.6556945997605464e-09,0.0,0.0,-0.7793039299830873,0.0,0.0,0.0,0.0,0.0,0.0,0.0,False,-24.020869841191598,0.37669888765591836,0.38620285302285656,0.08797442833296255
786,-25.45544471694666,-4325.82823129588,10.092220324700696,3.2698439218061934,37.55447547163913,23.61067926959999,0.1,0.0,0.0,25.363640281121477,50.17494585142449,197.72157335243512,211.32895748040136,0.0,0.0,0.0,0.0,-1.2836953722228372e-16,1.1796119636642288e-16,0.26014284641297625,-0.05033574002966734,nan,nan,-0.001126887510804455,-4.9499037004459984e-05,6306.390910164367,True,True,True,Z_mode_existing_controller,False,0.05060201485354432,0.0,0.0,False,False,False,-0.364165525093963,1.3606457204729498e-05,7.485546643555872e-05,0.000712281403537321,0.07700993117583232,3.2373130405017944e-05,0.0026507264554182152,0.0,0.0,0.0,0.0,1.2344759553691466e-34,0.0,0.0,-0.44390103819164906,0.0,0.0,0.0,0.0,0.0,0.0,0.0,False,0.1,-0.09468245506286621,-0.0007114655454643071,25.29158225111094,50.13847518712883,196.36784873807065,211.53656128670778,-0.9468245506286621,-0.007114655338227749,-0.03234177650739854,-0.0018799815206440515,-0.032341776507398654,-0.001879981520644114,0.23243288547547625,-0.05033574002966734,-0.32560894130464346,-0.05452899349376903,-0.001126624865411846,-4.953198060411333e-05,6280.93546544742,True,True,True,Z_mode_existing_controller,False,0.07831197579104432,0.0,3.2396370756189454,False,False,False,-0.23688830150922968,5.7977592225816934e-05,0.00031896177260349744,0.0006683730843848448,0.07226268294053356,3.0473670630046963e-05,0.0024951978360500406,0.0,0.0,0.0,0.0,1.217252621056021e-10,20.0,0.0,-20.311965144180142,20.0,20.0,0.0,0.0,0.0,0.0,0.0,False,-25.45544471694666,0.4036452081636531,0.3978512594030718,0.08838115784613182
787,-56.456762181869635,-4382.28499347775,11.268728369956508,5.14590035209131,40.04719053260444,27.1900363490464,0.1,0.0,0.0,25.348984149285332,50.17451592984918,200.61375458517705,211.91711708985363,0.0,0.0,0.0,0.0,-6.938893903907228e-17,-6.938893903907228e-17,0.26014284641297625,-0.05033574002966734,nan,nan,-0.0012147797810936416,8.480026862905813e-05,6498.830526239649,True,True,True,Z_mode_existing_controller,False,0.05060201485354432,0.0,0.0,False,False,False,-1.3263636054703738,2.006606673916412e-05,0.00011039279091438132,0.0008364712283024649,0.09043699779642156,3.459317261910542e-05,0.002832504508865735,0.0,0.0,0.0,0.0,3.8578784198506815e-34,20.0,0.0,-21.419743500566575,20.0,20.0,0.0,0.0,0.0,0.0,0.0,False,0.1,-0.0953630581498146,-0.021699462085962296,25.27619482327885,50.13788168396697,198.00978664571403,211.77682182246193,-0.9536305665969849,-0.21699461340904236,-0.044213813949514943,-0.005226617860150502,-0.04421381394951483,-0.005226617860150544,0.0277099609375,0.0,-0.387939453125,-0.09457927290180129,-0.0012127508076660524,8.442583394904931e-05,6442.373764057779,False,True,True,Omega_safe_one_step_QP,False,0.3602294921875,0.0,4.452166751390108,False,False,False,-1.0440797945610256,7.465515476483183e-05,0.0004107128216886498,0.0002695960092556325,0.029147988442418293,5.772512504086931e-06,0.00047265591610639896,0.0,0.0,0.0,0.0,1.5214524781591346e-06,20.0,0.0,-21.074112673193717,20.0,20.0,0.0,0.0,0.0,0.0,0.0,False,-56.456762181869635,0.868721871633982,0.4284354439830894,0.08941590354563425
788,-49.23086495748521,-4431.515858435235,10.151051702602864,6.51538854272575,33.318543060225224,23.732217963650115,0.1,0.0,0.0,25.335402973210073,50.17722225463471,203.25712196682093,212.63246002204463,0.0,0.0,0.0,0.0,-4.163336342344337e-17,6.938893903907228e-18,0.055419921875,0.0,nan,nan,0.0005239119348204547,-6.1557178522062e-05,6445.924843753503,False,True,True,Omega_safe_one_step_QP,False,0.33251953125,0.0,0.0,False,False,False,-1.0618351930396466,1.3948272388805877e-05,7.673595116819727e-05,0.0006987391114338843,0.07554577532721761,5.117155106356069e-05,0.004189949580777628,0.0,0.0,0.0,0.0,6.596310059526283e-35,0.0,0.0,-1.1416476538988098,0.0,0.0,0.0,0.0,0.0,0.0,0.0,False,0.1,-0.09591658413410187,-0.036964189261198044,25.26089940516826,50.140228408317085,200.9238709173677,211.88196200683757,-0.9591658115386963,-0.36964187026023865,-0.04758930453086366,-0.01233172232072291,-0.04758930453086364,-0.012331722320723042,0.0277099609375,0.0,-0.387939453125,-0.1601823474679996,0.0005239520702814962,-6.153898854435562e-05,6396.693978796018,False,True,True,Omega_safe_one_step_QP,False,0.3602294921875,0.0,4.916109519860884,False,False,False,-0.8156808682522205,6.031528326289789e-05,0.00033182250117743474,0.0008491887142299348,0.09181197784102237,1.1054458370544062e-06,9.051440156240966e-05,0.0,0.0,0.0,0.0,6.18764460604217e-07,20.0,0.0,-20.907915801760442,20.0,20.0,0.0,0.0,0.0,0.0,0.0,False,-49.23086495748521,0.7637517679901735,0.44943971034212654,0.09030164063095482
789,-28.305289987973993,-4459.821148423209,8.662973652890509,6.681604760361887,39.210221330039296,22.464498192020546,0.1,0.0,0.0,25.350080423933353,50.17740506734006,200.35934329258487,212.01920565438616,0.0,0.0,0.0,0.0,-1.3877787807814457e-16,-1.3877787807814457e-17,0.26014284641297625,-0.05033574002966734,nan,nan,0.0021695283034223536,-9.843388277994787e-05,6218.00605596755,True,True,True,Z_mode_existing_controller,False,0.05060201485354432,0.0,0.0,False,False,False,0.07775874589011891,6.643743597034499e-06,3.6550331827847833e-05,0.0008397121244857326,0.09078739469121903,3.7608091945219026e-05,0.0030793674572027383,0.0,0.0,0.0,0.0,9.870390964984583e-35,0.0,0.0,-0.01614456659013071,0.0,0.0,0.0,0.0,0.0,0.0,0.0,False,0.1,-0.09525822103023529,-0.016389256343245506,25.27405895357719,50.14012099282663,198.84459132989008,212.26611411451438,-0.9525821805000305,-0.16389256715774536,-0.045039036982224445,-0.0033068179100678996,-0.045039036982224306,-0.0033068179100680037,0.0277099609375,0.0,-0.387939453125,-0.07151282820857945,0.00216499930708271,-9.826841387156765e-05,6189.700765979576,False,True,True,Omega_safe_one_step_QP,False,0.3602294921875,0.0,4.516026900912464,False,False,False,0.21928519582998887,2.8854356652859324e-05,0.00015874127213636366,0.00043234036029011385,0.046743465749814014,1.4757284183253677e-05,0.001208333056002887,0.0,0.0,0.0,0.0,8.795276419110362e-07,0.0,0.0,0.17117377622439373,0.0,0.0,0.0,0.0,0.0,0.0,0.0,False,-28.305289987973993,0.4552148990078389,0.4525368313312859,0.0907634196439265
790,13.524683363121767,-4446.296465060087,10.619411153029935,4.205584153448266,42.599404367998815,25.885591327954923,0.1,0.0,0.0,25.387044957759183,50.176400130301396,193.08191807000034,210.40223489507957,0.0,0.0,0.0,0.0,-1.0061396160665481e-16,-6.245004513516506e-17,0.26014284641297625,-0.05033574002966734,nan,nan,-0.0010405894451709688,4.576748509489128e-05,6246.547189575572,True,True,True,Z_mode_existing_controller,False,0.05060201485354432,0.0,0.0,False,False,False,-0.0649469221499885,8.605606294023871e-06,4.7343453435919086e-05,0.005296091787030943,0.5725990626663522,0.00026145944364525055,0.021408416659698976,0.0,0.0,0.0,0.0,3.815748702317211e-35,0.0,0.0,-0.6590017449294755,0.0,0.0,0.0,0.0,0.0,0.0,0.0,False,0.1,-0.09292867034673691,-0.0007794807315804064,25.310105992840004,50.13893176174944,193.34119848913386,210.86531808076782,-0.9292866587638855,-0.0077948071993887424,-0.03168567364117093,-0.0018904683708064474,-0.031685673641170885,-0.0018904683708064543,0.23243288547547625,-0.05033574002966734,-0.32560894130464346,-0.05501656511591919,-0.001037752930347172,4.580211783449862e-05,6260.071872938694,True,True,True,Z_mode_existing_controller,False,0.07831197579104432,0.0,3.1742019229340244,False,False,False,-0.13257033896559733,4.190246177883383e-05,0.00023052498339997795,0.003028733275968682,0.3274584173810742,0.00019622295281600908,0.016066823494741582,0.0,0.0,0.0,0.0,1.8031835853555582e-06,0.0,0.0,-0.47632790800839847,0.0,0.0,0.0,0.0,0.0,0.0,0.0,False,13.524683363121767,-0.21651454719964608,0.42333640307080095,0.09037328626961717
791,3.932826204230878,-4442.363638855856,10.7683269008593,5.757018125228142,40.61878340323394,29.629126860987277,0.1,0.0,0.0,25.369841825075135,50.17715207506009,196.46230643340684,211.1626287547767,0.0,0.0,0.0,0.0,-1.1449174941446927e-16,-6.938893903907228e-18,0.26014284641297625,-0.05033574002966734,nan,nan,-0.00032643387919879157,0.0001525555692297115,6343.949013045429,True,True,True,Z_mode_existing_controller,False,0.05060201485354432,0.0,0.0,False,False,False,-0.5519560394992732,1.0247305319417757e-05,5.637520537866181e-05,0.0011427025487454048,0.12354589660253702,5.781988218651014e-05,0.004734317918701809,0.0,0.0,0.0,0.0,3.274080905458301e-35,0.0,0.0,-0.6802926292258907,0.0,0.0,0.0,0.0,0.0,0.0,0.0,False,0.1,-0.09460622817277908,-0.0011633262038230896,25.29353615827615,50.13977422019683,196.32537033923487,211.54458216497116,-0.9460622668266296,-0.011633262038230896,-0.0322796179788776,-0.0021309447722408503,-0.032279617978877635,-0.0021309447722408503,0.23243288547547625,-0.05033574002966734,-0.32560894130464346,-0.05719770559431299,-0.0003235340485460052,0.00015260778138649384,6347.88183924966,True,True,True,Z_mode_existing_controller,False,0.07831197579104432,0.0,3.2349878863523074,False,False,False,-0.5716201705204276,4.514071056720312e-05,0.0002483401001376037,0.0008905281630935263,0.09628148679636211,4.6139969608860114e-05,0.0037779614317261186,0.0,0.0,0.0,0.0,4.105987759407472e-09,0.0,0.0,-0.6719279629546413,0.0,0.0,0.0,0.0,0.0,0.0,0.0,False,3.932826204230878,-0.06199334509378276,0.4055453047675393,0.0901770715555631
792,-3.183833344730374,-4445.5474722005865,9.787226111308053,5.65208313863594,41.540214789084864,24.4520784811564,0.1,0.0,0.0,25.366144639881,50.18056282514954,197.14888250729635,211.5005399050239,0.0,0.0,0.0,0.0,-4.85722573273506e-17,4.163336342344337e-17,0.26014284641297625,-0.05033574002966734,nan,nan,0.0006125968424401452,-1.3711037056723593e-05,6258.710079015156,True,True,True,Z_mode_existing_controller,False,0.05060201485354432,0.0,0.0,False,False,False,-0.12576136934791066,8.509789787874743e-06,4.681632215169871e-05,4.713867052375365e-05,0.005096505053657908,1.1418394546139154e-05,0.0009349432731152445,0.0,0.0,0.0,0.0,6.704643618898065e-35,0.0,0.0,-0.13183963399683551,0.0,0.0,0.0,0.0,0.0,0.0,0.0,False,0.1,-0.09509996324777603,-0.0012291698949411511,25.290149922421282,50.143214616116104,196.71584431666122,211.830394974913,-0.9509996175765991,-0.012291698716580868,-0.03247060605338729,-0.002175421379565362,-0.03247060605338742,-0.002175421379565487,0.23243288547547625,-0.05033574002966734,-0.32560894130464346,-0.05754844748160349,0.0006113315307938764,-1.3734496997056629e-05,6255.526245670426,True,True,True,Z_mode_existing_controller,False,0.07831197579104432,0.0,3.2543397420259357,False,False,False,-0.10984220262425878,3.596720193913864e-05,0.0001978723511216658,1.5246992704715623e-05,0.0016484634485716227,8.168896232684514e-06,0.0006688728919519833,0.0,0.0,0.0,0.0,3.8454613204064476e-10,0.0,0.0,-0.11235741170045019,0.0,0.0,0.0,0.0,0.0,0.0,0.0,False,-3.183833344730374,0.0508704398276165,0.39110469038350903,0.09012719674317281
793,-8.6202541766379,-4454.167726377224,9.931171004650901,6.355118487886672,36.979876337891945,25.057392871769867,0.1,0.0,0.0,25.377090679506043,50.18074628472573,194.98670074064498,211.04444203074587,0.0,0.0,0.0,0.0,2.5153490401663703e-17,6.938893903907228e-18,0.26014284641297625,-0.05033574002966734,nan,nan,0.0007410254196284508,-1.0524867353136833e-05,6222.1587262916055,True,True,True,Z_mode_existing_controller,False,0.05060201485354432,0.0,0.0,False,False,False,0.05699539426984302,7.759193579767668e-06,4.268694237140683e-05,0.00046750299920396486,0.050545154786293865,2.0802527092094995e-05,0.0017033202601260701,0.0,0.0,0.0,0.0,6.63919209344428e-35,0.0,0.0,0.004704232281051675,0.0,0.0,0.0,0.0,0.0,0.0,0.0,False,0.1,-0.09540729969739914,-0.001135443919338286,25.301103499036092,50.1433803060151,194.3258008404755,211.34183597380536,-0.9540729522705078,-0.011354438960552216,-0.032597983926036044,-0.0021279319897210686,-0.03259798392603595,-0.0021279319897212004,0.23243288547547625,-0.05033574002966734,-0.32560894130464346,-0.05697700543560136,0.0007410736543354115,-1.0541601281302505e-05,6213.538472114968,True,True,True,Z_mode_existing_controller,False,0.07831197579104432,0.0,3.266736369214649,False,False,False,0.10009666515303252,2.785084511915268e-05,0.00015322048720323918,0.0005712307818057941,0.06175992097212763,2.386898975632869e-05,0.001954403600134998,0.0,0.0,0.0,0.0,1.848036458824896e-10,0.0,0.0,0.036229119908763,0.0,0.0,0.0,0.0,0.0,0.0,0.0,False,-8.6202541766379,0.13854121303934583,0.3780042961245659,0.09018819189422027
794,-12.834061755805124,-4467.00178813303,11.802105051047166,6.6885806057355435,37.88565236404781,17.93584407443219,0.1,0.0,0.0,25.388174371305148,50.1806574544923,192.80058702875644,210.5675785670725,0.0,0.0,0.0,0.0,-3.122502256758253e-17,2.7755575615628914e-17,0.26014284641297625,-0.05033574002966734,nan,nan,-0.0008304729025812938,-0.0001969210098821065,6360.780979089787,True,True,True,Z_mode_existing_controller,False,0.05060201485354432,0.0,0.0,False,False,False,-0.6361158697210658,7.786274128760113e-06,4.2835925100390524e-05,0.0004779093161307082,0.0516702575144327,2.2739876298656153e-05,0.001861951283167918,0.0,0.0,0.0,0.0,3.6118709621105933e-35,0.0,0.0,-0.6896909144437667,0.0,0.0,0.0,0.0,0.0,0.0,0.0,False,0.1,-0.0947953388094902,-0.0006272723549045622,25.31202994030243,50.14323841818515,191.97856964111494,210.86251975951794,-0.9479533433914185,-0.0062727234326303005,-0.03241094424834888,-0.0018347662285831678,-0.032410944248348984,-0.0018347662285830499,0.23243288547547625,-0.05033574002966734,-0.32560894130464346,-0.05402837107266716,-0.0008233495215016198,-0.00019709552734163834,6347.946917333982,True,True,True,Z_mode_existing_controller,False,0.07831197579104432,0.0,3.2462835276407,False,False,False,-0.5719455609420402,3.847468162865443e-05,0.00021166716625334843,0.0005509494303251567,0.059567156323324176,2.2974403327882615e-05,0.0018811544616404226,0.0,0.0,0.0,0.0,1.2093000453295637e-09,0.0,0.0,-0.6336055401025581,0.0,0.0,0.0,0.0,0.0,0.0,0.0,False,-12.834061755805124,0.20176864756065924,0.3664174767755542,0.09033171529060577
795,-16.016500192773492,-4483.018288325803,9.41874590761717,2.7616825999427217,40.90164959250503,27.353469771116757,0.1,0.0,0.0,25.37387782614339,50.176501666667455,195.66572413117967,210.93575005982902,0.0,0.0,0.0,0.0,-1.2836953722228372e-16,-1.249000902703301e-16,0.26014284641297625,-0.05033574002966734,nan,nan,-0.0005456180889947674,6.605905544263034e-05,6186.214589488772,True,True,True,Z_mode_existing_controller,False,0.05060201485354432,0.0,0.0,False,False,False,0.23671607828401192,9.548558350423833e-06,5.253107244255172e-05,0.0008209010615682201,0.08875359364934474,1.3555024807856187e-05,0.0011098915184447294,0.0,0.0,0.0,0.0,3.274080905458301e-34,0.0,0.0,0.1468000620437799,0.0,0.0,0.0,0.0,0.0,0.0,0.0,False,0.1,-0.09440784901380539,-0.0006189934210851789,25.29755250409928,50.139000880488716,194.68693354269845,211.20067740181943,-0.9440785050392151,-0.006189933978021145,-0.03229970779860516,-0.0018240772190856389,-0.032299707798605165,-0.001824077219085625,0.23243288547547625,-0.05033574002966734,-0.32560894130464346,-0.053994590676891996,-0.0005476640523395492,6.61011741643528e-05,6170.198089295998,True,True,True,Z_mode_existing_controller,False,0.07831197579104432,0.0,3.235117280063363,False,False,False,0.3167985792478794,4.5517552152582396e-05,0.00025041328143832295,0.0007335235023400655,0.0793065692162271,1.1435059104690668e-05,0.0009363077746530234,0.0,0.0,0.0,0.0,1.2487802675645263e-10,0.0,0.0,0.23630528885068292,0.0,0.0,0.0,0.0,0.0,0.0,0.0,False,-16.016500192773492,0.25890631437176015,0.3559484049012956,0.09054233465337597
796,-18.388169587039556,-4501.406457912843,8.224133923508498,5.1728510823515546,36.96449354254515,24.52450763436478,0.1,0.0,0.0,25.366236127593417,50.17806103817871,197.15169812255243,211.33795889535583,0.0,0.0,0.0,0.0,1.3183898417423734e-16,-1.3877787807814457e-17,0.26014284641297625,-0.05033574002966734,nan,nan,0.001853128350318779,-4.8879938048287854e-05,6097.4166892926205,True,True,True,Z_mode_existing_controller,False,0.05060201485354432,0.0,0.0,False,False,False,0.6807055792647679,7.0528751166425285e-06,3.8801155115125195e-05,0.00022081187030362895,0.02387357981050855,1.617719473758299e-05,0.001324595969832958,0.0,0.0,0.0,0.0,8.003442625144206e-34,0.0,0.0,0.6554686023293114,0.0,0.0,0.0,0.0,0.0,0.0,0.0,False,0.1,-0.09453984349966049,-0.0014753526775166392,25.289466294837254,50.140458811831934,196.0563204990725,211.5348336454761,-0.9453984498977661,-0.014753526076674461,-0.03236555883416039,-0.0023040288526682134,-0.03236555883416025,-0.0023040288526682898,0.23243288547547625,-0.05033574002966734,-0.32560894130464346,-0.0590443275714828,0.0018471146636665865,-4.873573080695407e-05,6079.028519705581,True,True,True,Z_mode_existing_controller,False,0.07831197579104432,0.0,3.244746442484252,False,False,False,0.7726464271999657,2.3313188776061987e-05,0.00012825672353018993,0.00018752206362874057,0.02027437631009652,1.1166039517474179e-05,0.0009142803300426652,0.0,0.0,0.0,0.0,2.3468992946234567e-09,0.0,0.0,0.7513295114893969,0.0,0.0,0.0,0.0,0.0,0.0,0.0,False,-18.388169587039556,0.30157311733885817,0.34650721687808694,0.09080189501311392
797,-20.09241171816393,-4521.4988696310065,12.704230597888913,4.273552172300922,43.11824442376044,27.436881150940792,0.1,0.0,0.0,25.395800036926754,50.17754849989009,191.32742619503068,210.0596832132499,0.0,0.0,0.0,0.0,-1.249000902703301e-16,-4.85722573273506e-17,0.26014284641297625,-0.05033574002966734,nan,nan,-0.003222199593582512,0.00012481550658756694,6415.423335495351,True,True,True,Z_mode_existing_controller,False,0.05060201485354432,0.0,0.0,False,False,False,-0.9093276517488857,1.668892646356927e-05,9.181356733367632e-05,0.0033922143485717914,0.36675700393109706,0.00016339887194633394,0.013379173012768164,0.0,0.0,0.0,0.0,6.711865856189517e-34,20.0,0.0,-21.289555642260083,20.0,20.0,0.0,0.0,0.0,0.0,0.0,False,0.1,-0.09264325350522995,-0.00012242117372807115,25.31843359857783,50.13983045887323,190.21814773927707,210.32104655998307,-0.9264324903488159,-0.001224211766384542,-0.0317362373090154,-0.0015193313435966013,-0.03173623730901551,-0.001519331343596518,0.23243288547547625,-0.05033574002966734,-0.32560894130464346,-0.05107315082688122,-0.0032125067604642657,0.00012456417552877182,6395.330923777187,True,True,True,Z_mode_existing_controller,False,0.07831197579104432,0.0,3.1772584507178117,False,False,False,-0.808865593158066,6.829026430733735e-05,0.0003756965910241843,0.0034084261173217517,0.36850977634586574,0.00014732790889096845,0.012063275340780813,0.0,0.0,0.0,0.0,1.0117957627539478e-08,20.0,0.0,-21.189814351553693,20.0,20.0,0.0,0.0,0.0,0.0,0.0,False,-20.09241171816393,0.3131891796913281,0.3360007925075003,0.09108931720152508
798,-51.04984406595213,-4572.548713696959,6.8058186044174205,3.219709242344122,41.55291864247977,24.55358958035732,0.1,0.0,0.0,25.34441852124014,50.17960707725182,201.43029086476167,212.33103568785995,0.0,0.0,0.0,0.0,-1.3877787807814457e-16,2.0816681711721685e-17,0.055419921875,0.0,nan,nan,0.0026462985537457034,-5.654426817615615e-05,6047.539145163938,False,True,True,Omega_safe_one_step_QP,False,0.33251953125,0.0,0.0,False,False,False,0.9300932999081806,7.454933943314265e-06,4.101306822021952e-05,0.010206787453489867,1.1035301433058105,0.0005159042063917153,0.042242468097310984,0.0,0.0,0.0,0.0,5.007417855406813e-35,0.0,0.0,-0.2157203245631611,0.0,0.0,0.0,0.0,0.0,0.0,0.0,False,0.1,-0.09538251161575317,-0.02413429319858551,25.266682219599158,50.141761570128544,198.87289997747766,212.05843041410208,-0.9538251161575317,-0.2413429319858551,-0.045133847583000535,-0.0066414343897645,-0.04513384758300055,-0.006641434389764639,0.0277099609375,0.0,-0.387939453125,-0.10517027342722941,0.00263877005577818,-5.56249900718111e-05,5996.489301097986,False,True,True,Omega_safe_one_step_QP,False,0.3602294921875,0.0,4.561987339306265,False,False,False,1.1853425202379413,2.9206219719896748e-05,0.00016067703495898714,0.007490473630463805,0.8098496688130651,0.00030185026565533995,0.024715635304258503,0.0,0.0,0.0,0.0,2.0573190066915426e-06,0.0,0.0,0.35061448176665205,0.0,0.0,0.0,0.0,0.0,0.0,0.0,False,-51.04984406595213,0.8441424328236946,0.3226963441614752,0.09200566539387695
799,-7.737383231421518,-4580.28609692838,12.065508632456881,5.3569945511127965,35.46555000198625,23.77207952042734,0.1,0.0,0.0,25.389414154008907,50.179601862755696,192.55787844357738,210.4308963541068,0.0,0.0,0.0,0.0,-2.42861286636753e-17,-1.3877787807814457e-16,0.26014284641297625,-0.05033574002966734,nan,nan,-0.0020465042780095756,-2.926271858749675e-05,6382.665481498414,True,True,True,Z_mode_existing_controller,False,0.05060201485354432,0.0,0.0,False,False,False,-0.7455383817641996,1.2161082047536767e-05,6.690378364715267e-05,0.007871970217158533,0.8510960438261909,0.0003610529487675847,0.029563177583736163,0.0,0.0,0.0,0.0,3.8578784198506815e-34,0.0,0.0,-1.626264506957774,0.0,0.0,0.0,0.0,0.0,0.0,0.0,False,0.1,-0.09402074664831161,-0.000821485766209662,25.309878642512547,50.14143668046208,191.93561917174742,210.73844039935636,-0.9402074813842773,-0.008214857429265976,-0.03219832314659413,-0.0019310134672073098,-0.032198323146594196,-0.001931013467207164,0.23243288547547625,-0.05033574002966734,-0.32560894130464346,-0.05521150877211583,-0.0020374158326360763,-2.934861442038404e-05,6374.9280982669925,True,True,True,Z_mode_existing_controller,False,0.07831197579104432,0.0,3.2256175012903108,False,False,False,-0.706851465607092,5.718677886169077e-05,0.0003146111394927299,0.00481258649775532,0.5203237837311558,0.00017423736390283874,0.01426663360142633,0.0,0.0,0.0,0.0,1.895158577125331e-06,0.0,0.0,-1.241758389237744,0.0,0.0,0.0,0.0,0.0,0.0,0.0,False,-7.737383231421518,0.12122495302080387,0.28805626546591084,0.09204314288763606
800,-12.448719106207136,-4592.734816034587,8.416385201875972,5.6883452772760785,38.969419035362826,26.7298754998347,0.1,0.0,0.0,25.35667971718416,50.1787649570097,199.0187718744371,211.7579010560325,0.0,0.0,0.0,0.0,6.938893903907228e-17,-5.551115123125783e-17,0.26014284641297625,-0.05033574002966734,nan,nan,0.0019346904745005118,2.5856989884128975e-05,6160.622601740945,True,True,True,Z_mode_existing_controller,False,0.05060201485354432,0.0,0.0,False,False,False,0.3646760170231437,7.576709970498833e-06,4.168301493584228e-05,0.004174314392492637,0.4513155369151804,0.0001760941478932884,0.014418667908393414,0.0,0.0,0.0,0.0,1.5708366108908393e-34,0.0,0.0,-0.10109987081536598,0.0,0.0,0.0,0.0,0.0,0.0,0.0,False,0.1,-0.09471159428358078,-0.0023030443117022514,25.277168463856512,50.140553188762354,198.17517250817212,211.9461940439528,-0.947115957736969,-0.023030443117022514,-0.032454879703559356,-0.0027686054327977286,-0.03245487970355926,-0.0027686054327977355,0.23243288547547625,-0.05033574002966734,-0.32560894130464346,-0.06390530418471493,0.0019282561421176507,2.5941382472223842e-05,6148.173882634738,True,True,True,Z_mode_existing_controller,False,0.07831197579104432,0.0,3.257275537339479,False,False,False,0.4269196125541794,2.978195985076408e-05,0.00016384444991449543,0.003893202583808868,0.42092249150933264,0.00014586688660359764,0.01194364617978719,0.0,0.0,0.0,0.0,7.673815677436444e-09,0.0,0.0,-0.006110377258670672,0.0,0.0,0.0,0.0,0.0,0.0,0.0,False,-12.448719106207136,0.20206917240295197,0.2955083457368383,0.09217918756399916
801,-15.527643453743622,-4608.262459488331,11.74412602757764,5.787127163669528,44.220711129026526,24.05833184937213,0.1,0.0,0.0,25.389009312551988,50.180035798963424,192.62829942344177,210.46123927623213,0.0,0.0,0.0,0.0,9.71445146547012e-17,-4.163336342344337e-17,0.26014284641297625,-0.05033574002966734,nan,nan,-0.0011726413582028707,1.4372450652021251e-05,6349.141399123922,True,True,True,Z_mode_existing_controller,False,0.05060201485354432,0.0,0.0,False,False,False,-0.5779179698917415,9.463740640054346e-06,5.206445066318823e-05,0.0040838138146930296,0.4415308601945623,0.00016813317711950366,0.013766820046389575,0.0,0.0,0.0,0.0,9.62964972193618e-36,0.0,0.0,-1.0332677145833566,0.0,0.0,0.0,0.0,0.0,0.0,0.0,False,0.1,-0.0942087471485138,-0.0008288800599984825,25.30911029670029,50.14174896303293,191.68592390042718,210.71277235981927,-0.9420874714851379,-0.008288800716400146,-0.032302421811329904,-0.0019380843304700676,-0.032302421811330036,-0.0019380843304700676,0.23243288547547625,-0.05033574002966734,-0.32560894130464346,-0.05524557862601328,-0.0011660623251613014,1.4228543654143649e-05,6333.613755670179,True,True,True,Z_mode_existing_controller,False,0.07831197579104432,0.0,3.236051028258217,False,False,False,-0.5002797526230234,4.579288920904548e-05,0.00025192803898897866,0.0042110347493119656,0.45528564218167333,0.00015213290508907983,0.012456710587269782,0.0,0.0,0.0,0.0,7.130087103145419e-09,0.0,0.0,-0.9682740405610426,0.0,0.0,0.0,0.0,0.0,0.0,0.0,False,-15.527643453743622,0.2445628861862516,0.30142708291216425,0.09237312512985699
802,-19.307514600774084,-4627.569974089105,11.902745488123664,5.354463427405008,37.00897620159473,25.772325274896744,0.1,0.0,0.0,25.369439848731076,50.180081706159505,196.483496178044,211.28246908722713,0.0,0.0,0.0,0.0,-2.42861286636753e-17,1.457167719820518e-16,0.26014284641297625,-0.05033574002966734,nan,nan,-0.0018252783518644647,3.67751850271613e-05,6463.231302790067,True,True,True,Z_mode_existing_controller,False,0.05060201485354432,0.0,0.0,False,False,False,-1.148367488222466,1.7594478256748292e-05,9.679543005076998e-05,0.0014862542016695478,0.1606897684144949,6.744184024668715e-05,0.005522168165617763,0.0,0.0,0.0,0.0,4.984547437317215e-34,20.0,0.0,-21.31467622023263,20.0,20.0,0.0,0.0,0.0,0.0,0.0,False,0.1,-0.0947858989238739,-0.001031364663504064,25.28926984396724,50.141697876785905,195.3886184385171,211.49705873755076,-0.947858989238739,-0.01031364593654871,-0.032519670633842215,-0.0020601187874468158,-0.0325196706338423,-0.002060118787446899,0.23243288547547625,-0.05033574002966734,-0.32560894130464346,-0.05640778900986969,-0.001818268000035794,3.659779086350942e-05,6443.923788189293,True,True,True,Z_mode_existing_controller,False,0.07831197579104432,0.0,3.2584859483385475,False,False,False,-1.0518299152185955,7.278996798649952e-05,0.00040045155939379086,0.0013709946842400992,0.14822822237311153,6.15105122295182e-05,0.005036508363980662,0.0,0.0,0.0,0.0,6.208945957259483e-10,20.0,0.0,-21.205495098135977,20.0,20.0,0.0,0.0,0.0,0.0,0.0,False,-19.307514600774084,0.2987285104965895,0.3080753728765312,0.09264012536600903
803,-53.92276364933696,-4681.492737738442,11.122088943785167,6.565167830451996,40.49272790749844,25.822410828148126,0.1,0.0,0.0,25.343269236516935,50.18117422662567,201.62771403551176,212.43919304022248,0.0,0.0,0.0,0.0,0.0,-1.3877787807814457e-17,0.055419921875,0.0,nan,nan,-0.00017598408136872351,4.341710090795779e-05,6507.252256560593,False,True,True,Omega_safe_one_step_QP,False,0.33251953125,0.0,0.0,False,False,False,-1.3684722570750956,1.703631642549833e-05,9.372472151907235e-05,0.002646297736509025,0.2861105253446968,0.0001338010303433188,0.010955688450761482,0.0,0.0,0.0,0.0,2.6060239559989788e-34,20.0,0.0,-21.665632195592075,20.0,20.0,0.0,0.0,0.0,0.0,0.0,False,0.1,-0.09594553709030151,-0.03000347875058651,25.262712446465844,50.1426696355871,199.1096827771233,211.92147350485143,-0.9594553709030151,-0.3000347912311554,-0.04567983167424258,-0.009172376068166156,-0.04567983167424258,-0.009172376068166135,0.0277099609375,0.0,-0.387939453125,-0.12997924385769635,-0.00017396941728080317,4.311679995314837e-05,6453.329492911256,False,True,True,Omega_safe_one_step_QP,False,0.3602294921875,0.0,4.659162483239872,False,False,False,-1.0988584388284108,7.158666049753576e-05,0.0003938316037362319,0.001384631981204678,0.14970264988933066,1.8012789470288614e-05,0.0014748952908604646,0.0,0.0,0.0,0.0,2.2377404223641328e-06,20.0,0.0,-21.25043205335276,20.0,20.0,0.0,0.0,0.0,0.0,0.0,False,-53.92276364933696,0.8286564209182482,0.33733241052802837,0.09359768499032925
804,-35.585084513306356,-4717.077822251748,7.3454720437988605,5.481870847877133,34.989530783830986,29.681625688426156,0.1,0.0,0.0,25.34608944709201,50.18319560180482,201.04582264329824,212.4263147501078,0.0,0.0,0.0,0.0,-5.551115123125783e-17,-2.0816681711721685e-17,0.055419921875,0.0,nan,nan,0.0028384717253255036,8.779573197929174e-05,6095.6171601163005,False,True,True,Omega_safe_one_step_QP,False,0.33251953125,0.0,0.0,False,False,False,0.689703225146368,9.36416900252123e-06,5.151666065002426e-05,3.385975923321897e-05,0.003660825223332986,1.658503562779905e-08,1.3579901650736336e-06,0.0,0.0,0.0,0.0,3.1296361596292584e-35,0.0,0.0,0.6859895252722198,0.0,0.0,0.0,0.0,0.0,0.0,0.0,False,0.1,-0.09507621824741364,-0.02849099412560463,25.26392014866283,50.144361804265905,199.18037880977295,212.06235384167283,-0.950762152671814,-0.2849099338054657,-0.045296739687092955,-0.008658705215452776,-0.04529673968709292,-0.0086587052154527,0.0277099609375,0.0,-0.387939453125,-0.12455549066485762,0.0028301021851363994,8.826731113854283e-05,6060.032075602994,False,True,True,Omega_safe_one_step_QP,False,0.3602294921875,0.0,4.611689280825807,False,False,False,0.8676286477128997,2.9482224111939927e-05,0.00016219546383387998,4.997929032398365e-07,5.403625152857518e-05,1.984726930291017e-06,0.00016251033233684176,0.0,0.0,0.0,0.0,4.106172155456252e-09,0.0,0.0,0.8672499015590283,0.0,0.0,0.0,0.0,0.0,0.0,0.0,False,-35.585084513306356,0.5837814872321708,0.349829389337519,0.0941943470706298
805,6.585841727033767,-4710.491980524715,10.287846124183487,4.374582321551558,35.0970287164911,23.49752857573851,0.1,0.0,0.0,25.393639272335932,50.1860091974477,191.63672191038168,210.57363014209136,0.0,0.0,0.0,0.0,1.0408340855860843e-16,-9.71445146547012e-17,0.26014284641297625,-0.05033574002966734,nan,nan,-0.0007852749502881476,-6.008422170512449e-05,6178.714161314086,True,True,True,Z_mode_existing_controller,False,0.05060201485354432,0.0,0.0,False,False,False,0.27421821915744204,9.353734437524314e-06,5.14592552418314e-05,0.008853117660217086,0.9571750410989648,0.0003432440256781,0.028104974963686538,0.0,0.0,0.0,0.0,3.1296361596292583e-34,0.0,0.0,-0.7111132561604512,0.0,0.0,0.0,0.0,0.0,0.0,0.0,False,0.1,-0.09463540464639664,-0.0003427478950470686,25.310236701238896,50.14696225432401,191.59049404374844,210.99996401641806,-0.9463540315628052,-0.003427478950470686,-0.032428135869462735,-0.0016734847272428105,-0.03242813586946287,-0.0016734847272429493,0.23243288547547625,-0.05033574002966734,-0.32560894130464346,-0.05235684050672215,-0.0007829472139262422,-6.0115358656260415e-05,6185.300003041119,True,True,True,Z_mode_existing_controller,False,0.07831197579104432,0.0,3.247128804190954,False,False,False,0.2412890105222732,4.027319169660845e-05,0.00022156160886982546,0.005760635076153095,0.6228242216355871,0.00011286721408048587,0.009241618174377145,0.0,0.0,0.0,0.0,2.1439426948402804e-06,0.0,0.0,-0.39100053483925573,0.0,0.0,0.0,0.0,0.0,0.0,0.0,False,6.585841727033767,-0.10658919566580329,0.32604742144771215,0.09394692268104131
806,-0.4088213992681631,-4710.900801923983,8.982707396217865,5.374044676075137,41.71031257253596,23.042011522263707,0.1,0.0,0.0,25.379042631654332,50.18439736361348,194.53109593320804,211.0943346927996,0.0,0.0,0.0,0.0,-5.941427905220564e-17,-6.938893903907228e-17,0.26014284641297625,-0.05033574002966734,nan,nan,0.001281611763400875,-6.700149721652242e-05,6112.9154601931095,True,True,True,Z_mode_existing_controller,False,0.05060201485354432,0.0,0.0,False,False,False,0.6032117247623228,8.712991210712037e-06,4.793422794142682e-05,0.0008377400984012017,0.0905741845859257,2.7113322912827587e-05,0.002220051055927197,0.0,0.0,0.0,0.0,2.750186583183824e-34,0.0,0.0,0.5103695548925284,0.0,0.0,0.0,0.0,0.0,0.0,0.0,False,0.1,-0.09513399004936218,-0.0008941460400819778,25.29604533870095,50.14539563142407,194.1940720627942,211.44271272667925,-0.9513399004936218,-0.008941460400819778,-0.03261902270762056,-0.0019889969967836624,-0.032619022707620585,-0.0019889969967837387,0.23243288547547625,-0.05033574002966734,-0.32560894130464346,-0.05558066762449077,0.001277109827753373,-6.705611473746716e-05,6112.506638793841,True,True,True,Z_mode_existing_controller,False,0.07831197579104432,0.0,3.267960757802145,False,False,False,0.6052558317586636,2.59676819979194e-05,0.0001428603286628396,0.0006778618501258221,0.07328858252604475,1.9602642043794262e-05,0.001605073133536838,0.0,0.0,0.0,0.0,1.359857772126306e-09,0.0,0.0,0.5302193144105614,0.0,0.0,0.0,0.0,0.0,0.0,0.0,False,-0.4088213992681631,0.006687830085830244,0.30660679823409137,0.09384066845419622
807,-4.146517327490983,-4715.047319251474,9.218967396078874,6.206032085391557,40.14911307995725,27.80912852337523,0.1,0.0,0.0,25.397847950723335,50.18310079658057,190.83697908704875,210.22596593582807,0.0,0.0,0.0,0.0,3.469446951953614e-17,1.3183898417423734e-16,0.26014284641297625,-0.05033574002966734,nan,nan,0.0014338164261681514,7.452388513781672e-05,6049.01103025907,True,True,True,Z_mode_existing_controller,False,0.05060201485354432,0.0,0.0,False,False,False,0.9227338744325198,1.1699495923616911e-05,6.436438311942439e-05,0.0013646499273077854,0.14754224448254982,7.540642980842883e-05,0.0061743123356046105,0.0,0.0,0.0,0.0,4.934913363848094e-34,20.0,0.0,-19.231047046768754,20.0,20.0,0.0,0.0,0.0,0.0,0.0,False,0.1,-0.09378644824028015,-0.0003580025804694742,25.31491648077842,50.144099439937555,190.34097407998405,210.5719418711381,-0.9378644824028015,-0.003580025862902403,-0.03217663462690374,-0.0016687007893969596,-0.03217663462690382,-0.0016687007893970845,0.23243288547547625,-0.05033574002966734,-0.32560894130464346,-0.05246590294494639,0.0014312544281418092,7.452958915290912e-05,6044.864512931579,True,True,True,Z_mode_existing_controller,False,0.07831197579104432,0.0,3.221987551555406,False,False,False,0.9434664610699747,1.5484812757514905e-05,8.51891762999237e-05,0.0014846364065135575,0.160514856795294,7.582418828598466e-05,0.006208518587350375,0.0,0.0,0.0,0.0,2.982968744265345e-09,20.0,0.0,-19.22334210647194,20.0,20.0,0.0,0.0,0.0,0.0,0.0,False,-4.146517327490983,0.06854868187128094,0.2659081261596429,0.09381022937844175
808,-4.90157324912434,-4719.948892500598,9.317996572159124,6.52830141046796,38.17147836446638,21.118529316336808,0.1,0.0,0.0,25.415884940333164,50.18406465680196,187.26773391856403,209.51423717288333,0.0,0.0,0.0,0.0,4.163336342344337e-17,5.551115123125783e-17,0.055419921875,0.0,nan,nan,0.0014594151709784145,-0.00013153204801588658,5974.429620375473,False,True,True,Omega_safe_one_step_QP,False,0.33251953125,0.0,0.0,False,False,False,1.2956409238505058,1.5258926752037235e-05,8.394647204216741e-05,0.0012739511072751468,0.13773613435001605,5.065578320028565e-05,0.0041477182765159385,0.0,0.0,0.0,0.0,5.874086330381069e-35,20.0,0.2781525917268904,-19.124479466974957,20.27815259172689,20.27815259172689,0.0,0.0,0.0,0.0,0.0,False,0.1,-0.09153737127780914,-0.005222559440881014,25.332919425874948,50.14503955767954,186.72708593064533,210.35508839449244,-0.915373682975769,-0.052225593477487564,-0.030892829560721646,0.0035771325826898168,-0.030892829560721716,0.00357713258268981,0.0277099609375,0.0,-0.387939453125,-0.02371439927983833,0.0014580830618093803,-0.00013167468209081506,5969.528047126349,False,True,True,Omega_safe_one_step_QP,False,0.3602294921875,0.0,3.109924108048201,False,False,False,1.3201487900961275,8.378217878460972e-06,4.609248371963709e-05,0.0013060187555930841,0.14120320140760176,4.702543033331299e-06,0.0003850463353479636,0.0,0.0,0.0,0.0,2.91669232156554e-07,20.0,0.0,-18.821485841799774,20.0,20.0,0.0,0.0,0.0,0.0,0.0,False,-4.90157324912434,0.08204253059418068,0.2313565676844266,0.09379625809801899
809,9.35660102894326,-4710.592291471655,10.145008912723101,5.30866278755504,39.02927868894127,26.275958739306308,0.1,0.0,0.0,25.431351083856555,50.18035094311105,184.26033530834937,208.6535660313364,0.0,0.0,0.0,0.0,-5.551115123125783e-17,9.71445146547012e-17,0.055419921875,0.0,nan,nan,-4.652131822761429e-06,3.664073411119772e-05,5984.592671288098,False,True,True,Omega_safe_one_step_QP,False,0.33251953125,0.0,0.0,False,False,False,1.2448256692873791,1.2097278612835825e-05,6.655277119822e-05,0.0009044446400721098,0.09778609849759211,7.407548138916967e-05,0.006065333681344457,0.0,0.0,0.0,0.0,1.1170393677445967e-34,20.0,0.0,-18.859092315662757,20.0,20.0,0.0,0.0,0.0,0.0,0.0,False,0.1,-0.0898473784327507,-0.009308947250247002,25.348334035413075,50.14127794241405,184.32266557567254,209.43868404899615,-0.8984737396240234,-0.09308946877717972,-0.027892605093054884,0.002499007057115213,-0.027892605093054926,0.0024990070571151574,0.0277099609375,0.0,-0.387939453125,-0.04306478984247675,-1.997763469144785e-06,3.660966142251913e-05,5993.9492723170415,False,True,True,Omega_safe_one_step_QP,False,0.3602294921875,0.0,2.800432922154418,False,False,False,1.198042664142663,1.1775897019660436e-05,6.47847011783044e-05,0.0005781237243407455,0.06250516720146818,8.397969244444826e-05,0.0068762949302511485,0.0,0.0,0.0,0.0,1.0163701505282094e-07,20.0,0.0,-18.871403684327248,20.0,20.0,0.0,0.0,0.0,0.0,0.0,False,9.35660102894326,-0.15634482650478174,0.20152468983357238,0.09349912457479397
810,8.499553317176833,-4702.092738154478,9.919346219403417,4.048741091565397,47.434584947963835,27.67736477298756,0.1,0.0,0.0,25.422379950351743,50.17954338135803,186.03625049596056,208.98163475960814,0.0,0.0,0.0,0.0,-1.249000902703301e-16,-5.551115123125783e-17,0.055419921875,0.0,nan,nan,-0.00025061152525309815,0.00010751911553597265,6003.8234524412055,False,True,True,Omega_safe_one_step_QP,False,0.33251953125,0.0,0.0,False,False,False,1.1486717635218429,9.677324926792851e-06,5.3239477429271007e-05,0.0003153874753588088,0.0340988374124087,1.0762909046984016e-05,0.0008812718260844619,0.0,0.0,0.0,0.0,2.8118577188053643e-34,20.0,0.0,-18.88636158519408,20.0,20.0,0.0,0.0,0.0,0.0,0.0,False,0.1,-0.09127143025398254,-0.0076766894198954105,25.339859775238956,50.14052258227862,186.06301029684343,209.84515468829318,-0.9127143025398254,-0.07676689326763153,-0.030127074586367618,0.0029484156071044043,-0.030127074586367576,0.0029484156071043766,0.0277099609375,0.0,-0.387939453125,-0.0349595864822124,-0.0002500531822013769,0.0001075063572364371,6012.323005758382,False,True,True,Omega_safe_one_step_QP,False,0.3602294921875,0.0,3.0271005561837048,False,False,False,1.1061739969359587,1.7157666181277872e-05,9.439232311690498e-05,0.0003028799748507366,0.032746560421145286,1.6521838061053344e-05,0.0013528155199282591,0.0,0.0,0.0,0.0,5.1948219613483064e-08,20.0,0.0,-18.92801982327645,20.0,20.0,0.0,0.0,0.0,0.0,0.0,False,8.499553317176833,-0.14156900822459798,0.20596473445553523,0.09321933181896314
811,8.176618976298414,-4693.9161191781795,11.162606982947853,3.4197426008612726,41.0815886900452,24.32355490987425,0.1,0.0,0.0,25.411190658859244,50.18043130420242,188.2295000783123,209.49632663444328,0.0,0.0,0.0,0.0,-5.551115123125783e-17,0.0,0.055419921875,0.0,nan,nan,-0.0021608496293176356,-1.786538470988433e-07,6183.317505051672,False,True,True,Omega_safe_one_step_QP,False,0.33251953125,0.0,0.0,False,False,False,0.2512015004695104,8.687128065396585e-06,4.779194271780477e-05,0.0004810343730486082,0.052008130182416,2.6490772602130813e-05,0.0021690763569176454,0.0,0.0,0.0,0.0,7.896312771987668e-35,0.0,0.0,0.19697650198745892,0.0,0.0,0.0,0.0,0.0,0.0,0.0,False,0.1,-0.09124233573675156,-0.003948140889406204,25.329105258626853,50.141454941244234,188.23388797094344,210.49914351623303,-0.912423312664032,-0.03948140889406204,-0.03229614120452928,0.003995006322179799,-0.03229614120452942,0.0039950063221798615,0.0277099609375,0.0,-0.387939453125,-0.017985537459853627,-0.0021543965721588154,-2.0239533227422307e-07,6191.49412402797,False,True,True,Omega_safe_one_step_QP,False,0.3602294921875,0.0,3.2542292669957287,False,False,False,0.21031840558801831,4.3659099276542346e-05,0.0002401890654803197,0.00047127098759058785,0.05095253945881812,4.2770138707014575e-05,0.0035020381641874556,0.0,0.0,0.0,0.0,5.80020211890628e-08,0.0,0.0,0.15562358089751124,0.0,0.0,0.0,0.0,0.0,0.0,0.0,False,8.176618976298414,-0.1322367639963215,0.2028099850824861,0.09294329547140194
812,11.549246525506533,-4682.366872652673,9.319686139737733,4.447299974044836,40.098723042832916,20.81972759031945,0.1,0.0,0.0,25.373159162903082,50.17950365974402,195.735719850677,211.04140072376146,0.0,0.0,0.0,0.0,1.1622647289044608e-16,8.326672684688674e-17,0.26014284641297625,-0.05033574002966734,nan,nan,0.0004218078636608498,-0.00013459601971638072,6177.319021932746,True,True,True,Z_mode_existing_controller,False,0.05060201485354432,0.0,0.0,False,False,False,0.28119391606413957,7.211946159407081e-06,3.967627910393195e-05,0.005634333527103858,0.6091688411197134,0.00023872539414823953,0.01954694247766641,0.0,0.0,0.0,0.0,3.6427159338761702e-34,0.0,0.0,-0.34756154381234416,0.0,0.0,0.0,0.0,0.0,0.0,0.0,False,0.1,-0.09460657089948654,-0.0012115248246118426,25.291577227025304,50.14056378115688,195.90915435314903,211.45924987493734,-0.9460656642913818,-0.01211524847894907,-0.032360920249667094,-0.002157846986555065,-0.03236092024966719,-0.0021578469865549538,0.23243288547547625,-0.05033574002966734,-0.32560894130464346,-0.05748198283170432,0.00041833979148271205,-0.0001347239657110309,6188.868268458253,True,True,True,Z_mode_existing_controller,False,0.07831197579104432,0.0,3.2432783769246614,False,False,False,0.2234476834366069,3.725076967246075e-05,0.00020493385581269312,0.005890971403781532,0.6369158314551473,9.218042200244466e-05,0.007547774349175113,0.0,0.0,0.0,0.0,3.786180016349793e-07,0.0,0.0,-0.42122123484152985,0.0,0.0,0.0,0.0,0.0,0.0,0.0,False,11.549246525506533,-0.18696211875249774,0.19105705753813026,0.09260134501633327
813,5.211698662299568,-4677.155173990373,10.16281385276048,4.43177145623459,42.06954984842268,27.793982138749662,0.1,0.0,0.0,25.38007846414881,50.177055543194555,194.39833754387675,210.61019458650784,0.0,0.0,0.0,0.0,-6.158268339717665e-17,8.326672684688674e-17,0.26014284641297625,-0.05033574002966734,nan,nan,-0.00043552180791889457,9.433814555586404e-05,6231.506072885086,True,True,True,Z_mode_existing_controller,False,0.05060201485354432,0.0,0.0,False,False,False,0.010258661302441397,8.564467653504854e-06,4.7117130589476336e-05,0.0001788591434542322,0.01933776490467793,1.8593873280517974e-05,0.0015224746941903146,0.0,0.0,0.0,0.0,3.1616096059716245e-34,0.0,0.0,-0.010648695427016323,0.0,0.0,0.0,0.0,0.0,0.0,0.0,False,0.1,-0.09371038526296616,-0.000913305499125272,25.298986211720322,50.138193501382496,194.3013214688464,210.9960051021963,-0.937103807926178,-0.009133054874837399,-0.03207516252435535,-0.0019773917161627283,-0.03207516252435531,-0.0019773917161628463,0.23243288547547625,-0.05033574002966734,-0.32560894130464346,-0.05577443999563165,-0.0004348968506102061,9.434797489488156e-05,6236.717771547385,True,True,True,Z_mode_existing_controller,False,0.07831197579104432,0.0,3.2136056524766103,False,False,False,-0.015799832009056446,4.301819336621225e-05,0.00023666314318201637,0.00025851265838449413,0.027949686642672875,2.1459571947189326e-05,0.0017571193879214165,0.0,0.0,0.0,0.0,1.1422158218770713e-09,0.0,0.0,-0.04574330232504858,0.0,0.0,0.0,0.0,0.0,0.0,0.0,False,5.211698662299568,-0.08363465591371295,0.17988438875570292,0.09238442250599024
814,-1.7620868008480102,-4678.917260791221,12.634093694065474,5.084749492296301,41.210239698909696,25.651279147225086,0.1,0.0,0.0,25.373039013996102,50.17898485673782,195.76124685935693,211.00742025710971,0.0,0.0,0.0,0.0,1.734723475976807e-18,-2.7755575615628914e-17,0.26014284641297625,-0.05033574002966734,nan,nan,-0.0026275388973727113,6.252390633279623e-05,6520.0301178832215,True,True,True,Z_mode_existing_controller,False,0.05060201485354432,0.0,0.0,False,False,False,-1.4323615636882367,2.1514532872871592e-05,0.00011836147860606754,0.00018575218022226552,0.020083021322243398,1.5778823338510515e-05,0.001291977140779599,0.0,0.0,0.0,0.0,1.633504565721877e-34,20.0,0.0,-21.453854923629866,20.0,20.0,0.0,0.0,0.0,0.0,0.0,False,0.1,-0.09446395933628082,-0.0011517497478052974,25.29227691716606,50.14016091986822,195.3774879371605,211.3346587522742,-0.9446395635604858,-0.011517497710883617,-0.03235321213519294,-0.002122256354897871,-0.032353212135192974,-0.0021222563548979126,0.23243288547547625,-0.05033574002966734,-0.32560894130464346,-0.05713965273642554,-0.002616656592252976,6.252640722031707e-05,6518.268031082373,True,True,True,Z_mode_existing_controller,False,0.07831197579104432,0.0,3.242274367632534,False,False,False,-1.4235511296839969,8.322543569677474e-05,0.00045786193383382814,0.00011581342675236718,0.012521433213256399,1.1468629471108583e-05,0.0009390565313308224,0.0,0.0,0.0,0.0,9.829734964281583e-10,20.0,0.0,-21.437469482345392,20.0,20.0,0.0,0.0,0.0,0.0,0.0,False,-1.7620868008480102,0.027025746338424667,0.1707332707773216,0.09230035834736919
815,-44.39931771100055,-4723.316578502222,9.08084549904328,4.446175129369208,36.60650257895715,21.563511302147838,0.1,0.0,0.0,25.334240838472436,50.180484705434345,203.39004891711483,212.7182545705119,0.0,0.0,0.0,0.0,1.1102230246251565e-16,1.1102230246251565e-16,0.055419921875,0.0,nan,nan,0.0005860317813861896,-0.0001287946287039936,6335.135089586981,False,True,True,Omega_safe_one_step_QP,False,0.33251953125,0.0,0.0,False,False,False,-0.5078864222070343,1.4510213402010593e-05,7.982745074224424e-05,0.005819862083645108,0.6292276848568074,0.00029269540479143354,0.0239660311855333,0.0,0.0,0.0,0.0,3.1203074364611325e-34,0.0,0.0,-1.161159965700117,0.0,0.0,0.0,0.0,0.0,0.0,0.0,False,0.1,-0.09597957134246826,-0.0362384133040905,25.253729308754718,50.14165448831368,201.2063178553979,212.00215883708245,-0.9597957134246826,-0.3623841106891632,-0.04792374681285132,-0.012123435764761353,-0.0479237468128514,-0.012123435764761312,0.0277099609375,0.0,-0.387939453125,-0.15693417928128628,0.0005829288704761407,-0.0001284867869819471,6290.73577187598,False,True,True,Omega_safe_one_step_QP,False,0.3602294921875,0.0,4.943342192610765,False,False,False,-0.28588983365203147,6.670860044483765e-05,0.000366995120509837,0.0033975258215739454,0.36733126596897536,4.4555636321900644e-05,0.0036482355107107013,0.0,0.0,0.0,0.0,3.4246513973643925e-06,20.0,0.0,-20.657239754903625,20.0,20.0,0.0,0.0,0.0,0.0,0.0,False,-44.39931771100055,0.700842477439501,0.19336836192854234,0.09305991843373089
816,-24.27780978150531,-4747.594388283727,10.164037972091041,5.36506386446692,44.368805229326114,23.968809529034356,0.1,0.0,0.0,25.349951341006317,50.17933890242641,200.30426980450906,211.98850150404883,0.0,0.0,0.0,0.0,6.245004513516506e-17,6.938893903907228e-17,0.26014284641297625,-0.05033574002966734,nan,nan,0.00014984547895164832,-1.1725143580495773e-05,6373.784214975698,True,True,True,Z_mode_existing_controller,False,0.05060201485354432,0.0,0.0,False,False,False,-0.7011320491506194,1.2545442595750959e-05,6.901833026888457e-05,0.0009522032731794014,0.10294963222229596,5.32539538012262e-05,0.00436045765208573,0.0,0.0,0.0,0.0,4.092601131822876e-35,0.0,0.0,-0.8085111573552699,0.0,0.0,0.0,0.0,0.0,0.0,0.0,False,0.1,-0.09496553242206573,-0.02051982656121254,25.268022121840215,50.140250928698855,198.97464453623272,212.07895873594012,-0.949655294418335,-0.2051982581615448,-0.045022595206982145,-0.005019356568691041,-0.04502259520698216,-0.005019356568691111,0.0277099609375,0.0,-0.387939453125,-0.08981209991984783,0.00014936694307250004,-1.1753322422678705e-05,6349.506405194193,False,True,True,Omega_safe_one_step_QP,False,0.3602294921875,0.0,4.530152336881646,False,False,False,-0.5797430002430929,6.047125705502858e-05,0.0003326805857461061,0.0004980365803473804,0.05384636266667469,5.898224464548669e-07,4.829492678826846e-05,0.0,0.0,0.0,0.0,5.888462186427511e-07,20.0,0.0,-20.63397092726852,20.0,20.0,0.0,0.0,0.0,0.0,0.0,False,-24.27780978150531,0.38090103088935334,0.19766816262865522,0.09342092970211878
817,-12.544348566433655,-4760.138736850161,12.647907168384126,4.680169353058142,40.29442398126435,23.51834424809559,0.1,0.0,0.0,25.356570338328233,50.180058470811474,198.9888214268492,211.7441190787823,0.0,0.0,0.0,0.0,-1.3183898417423734e-16,5.551115123125783e-17,0.26014284641297625,-0.05033574002966734,nan,nan,-0.002945214938748085,-4.61038873051994e-06,6603.285507774099,True,True,True,Z_mode_existing_controller,False,0.05060201485354432,0.0,0.0,False,False,False,-1.8486385131426233,3.2313342791060335e-05,0.00017777076797596906,0.00017304044342879638,0.018708662858399182,5.972276977915432e-06,0.0004890127209320401,0.0,0.0,0.0,0.0,3.7940819904428546e-34,20.0,0.0,-21.86801395948993,20.0,20.0,0.0,0.0,0.0,0.0,0.0,False,0.1,-0.09505943953990936,-0.00434476463124156,25.27396012121322,50.14082006425221,198.1525544892389,212.5938462635585,-0.9505943655967712,-0.043447647243738174,-0.04420822858861227,0.0018730037353890186,-0.04420822858861231,0.0018730037353891435,0.0277099609375,0.0,-0.387939453125,-0.018997575432336176,-0.0029354250429922115,-4.822941268252607e-06,6590.741159207665,False,True,True,Omega_safe_one_step_QP,False,0.3602294921875,0.0,4.424788828786963,False,False,False,-1.7859167703104548,0.00011030762774060582,0.0006068537020094335,6.758320453663036e-05,0.007306912554730768,2.6510916609697254e-05,0.0021707257573032883,0.0,0.0,0.0,0.0,4.816782355037641e-07,20.0,0.0,-21.796001744002734,20.0,20.0,0.0,0.0,0.0,0.0,0.0,False,-12.544348566433655,0.18997131884824756,0.1913191229983423,0.09354622095178937
818,-26.14059477992123,-4786.279331630082,10.35915051235508,2.9981793705938324,36.37360871684448,21.772188512345725,0.1,0.0,0.0,25.31567336755887,50.18071441206645,207.04130647572092,213.49692875499335,0.0,0.0,0.0,0.0,4.163336342344337e-17,-4.85722573273506e-17,0.055419921875,0.0,nan,nan,-0.0016149976872160176,-0.0001055997801618011,6560.643564693559,False,True,True,Omega_safe_one_step_QP,False,0.33251953125,0.0,0.0,False,False,False,-1.6354287977399236,4.26265873402501e-05,0.00023450873580827452,0.006484251546230252,0.7010596694257396,0.00030723417610191135,0.02515647230938536,0.0,0.0,0.0,0.0,4.092601131822876e-34,20.0,0.10940045845326016,-22.471279906664115,20.10940045845326,20.10940045845326,0.0,0.0,0.0,0.0,0.0,False,0.1,-0.09623855352401733,-0.027682039886713028,25.232938525018465,50.14137935384756,205.64288501241737,213.25643351778402,-0.9623855352401733,-0.2768203914165497,-0.05279118276397106,-0.009515129975220367,-0.0527911827639711,-0.009515129975220329,0.0277099609375,0.0,-0.387939453125,-0.1195573212360842,-0.00161522864578483,-0.00010561846822889145,6534.502969913638,False,True,True,Omega_safe_one_step_QP,False,0.3602294921875,0.0,5.364183699375259,False,False,False,-1.5047258238403174,0.00013225069895609975,0.000727572769886525,0.005610505134645908,0.6065925800323055,4.390218694621057e-05,0.003594730782383603,0.0,0.0,0.0,0.0,2.0335669178702883e-06,20.0,10.032560515131637,-32.148203256123445,30.032560515131635,30.032560515131635,0.0,0.0,0.0,0.0,0.0,False,-26.14059477992123,0.39844558726827023,0.17064724393553365,0.09393882071038691
819,-26.976485179891824,-4813.255816809974,12.074005697031733,4.52965676529162,36.99182567882681,23.996312559562167,0.1,0.0,0.0,25.301387690887736,50.180599213828955,209.8567786296593,214.08685535063753,0.0,0.0,0.0,0.0,2.7755575615628914e-17,-4.5102810375396984e-17,0.055419921875,0.0,nan,nan,-0.0025234982845544927,-1.0812645401479023e-05,6815.325577293442,False,True,True,Omega_safe_one_step_QP,False,0.33251953125,0.0,0.0,False,False,False,-2.9088388607393383,6.631642654536128e-05,0.0003648375889990664,0.0007926883449602382,0.08570331134031052,3.480133882483396e-05,0.0028495492512723318,0.0,0.0,0.0,0.0,2.0463005659114382e-36,20.0,28.744085566830684,-51.7418421257506,48.744085566830684,48.744085566830684,0.0,0.0,0.0,0.0,0.0,False,0.1,-0.09793062508106232,-0.03545322269201279,25.217923364927323,50.141112875579594,208.46026788336576,213.53231567142706,-0.9793062210083008,-0.3545322120189667,-0.05687873771987664,-0.013356582518581083,-0.05687873771987678,-0.013356582518581104,0.0277099609375,0.0,-0.387939453125,-0.15047500438565148,-0.002518289992265981,-1.1045446191008403e-05,6788.34909211355,False,True,True,Omega_safe_one_step_QP,False,0.3602294921875,0.0,5.842592832965693,False,False,False,-2.773956434839879,0.00017560264388728801,0.0009660720360720513,0.0007937646241513408,0.08581967572385497,7.611096269872133e-06,0.0006231999805047513,0.0,0.0,0.0,0.0,3.146486316044206e-07,20.0,74.11742860407142,-96.97879430130037,94.11742860407142,94.11742860407142,0.0,0.0,0.0,0.0,0.0,False,-26.976485179891824,0.39582093142797364,0.18536782311018585,0.09434208569531995
820,-25.23349733980831,-4838.489314149782,8.896462956771572,8.233452277998747,41.178351510322386,24.961052458677468,0.1,0.0,0.0,25.275803467543106,50.18281730532985,214.87216695092715,215.28080938635054,0.0,0.0,0.0,0.0,0.0,7.45931094670027e-17,0.055419921875,0.0,nan,nan,0.0027386881847643652,-1.5744539254526277e-05,6585.1110122497885,False,True,True,Omega_safe_one_step_QP,False,0.33251953125,0.0,0.0,False,False,False,-1.7577660355210718,2.3505876960073298e-05,0.00012931679109030205,0.0025154120013110076,0.2719595150706101,0.00014255262393953732,0.011672272864512502,0.0,0.0,0.0,0.0,1.5097485204673067e-34,20.0,0.0,-22.041527140247286,20.0,20.0,0.0,0.0,0.0,0.0,0.0,False,0.1,-0.09669209271669388,0.03688493371009827,25.191695743162796,50.14318505344184,213.41347022153286,217.67528029811052,-0.9669209122657776,0.36884933710098267,-0.06138440781429477,0.015475165728415674,-0.061384407814294606,0.015475165728415556,0.0277099609375,0.0,-0.387939453125,0.15855692697909277,0.0027316374808607578,-1.5594709721520553e-05,6559.87751490998,False,True,True,Omega_safe_one_step_QP,False,0.3602294921875,0.0,6.330502568543483,False,False,False,-1.6315985488220304,9.031204718464597e-05,0.0004968486884599921,0.002453421340282405,0.2652572531336158,0.0017164155897950464,0.14054087928601314,0.0,0.0,0.0,0.0,8.51570769977926e-06,20.0,0.0,-22.037902045637818,20.0,20.0,0.0,0.0,0.0,0.0,0.0,False,-25.23349733980831,0.3831901587212171,0.19488210940736922,0.09471442502818751
821,10.732997479862206,-4827.75631666992,9.74699111333232,4.114073734675441,46.50259821439508,26.374426816108944,0.1,0.0,0.0,25.333293560319373,50.185709904222385,203.50254839339783,213.01395783037154,0.0,0.0,0.0,0.0,-6.938893903907228e-17,-4.85722573273506e-17,0.055419921875,0.0,nan,nan,-5.8252153859404774e-05,6.164278060713253e-05,6406.422696543539,False,True,True,Omega_safe_one_step_QP,False,0.33251953125,0.0,0.0,False,False,False,-0.8643244569898252,2.1413353546009556e-05,0.0001178048439441615,0.012926822614371511,1.3976129587423416,0.0005138615976844424,0.042075218379081805,0.0,0.0,0.0,0.0,1.9984532438555676e-34,20.0,0.0,-22.30413043895519,20.0,20.0,0.0,0.0,0.0,0.0,0.0,False,0.1,-0.09495142102241516,-0.012794159352779388,25.248310981580172,50.14584579044191,203.62297512101242,213.62179966229982,-0.9495142102241516,-0.12794159352779388,-0.04989190931411781,-0.003090511883506529,-0.04989190931411783,-0.003090511883506581,0.0277099609375,0.0,-0.387939453125,-0.05600637442961085,-6.169903152919085e-05,6.162421147184105e-05,6417.155694023401,False,True,True,Omega_safe_one_step_QP,False,0.3602294921875,0.0,4.9987537233897,False,False,False,-0.9179894443891362,8.251441599886302e-05,0.00045395028289257124,0.009585379431331484,1.0363451953612586,0.001643070526489232,0.13453535256534385,0.0,0.0,0.0,0.0,4.767619069663923e-06,20.0,0.0,-22.0893287102177,20.0,20.0,0.0,0.0,0.0,0.0,0.0,False,10.732997479862206,-0.16753495653124773,0.17397852255339907,0.09438595775203336
822,15.948561142536164,-4811.807755527384,11.320110956435268,2.8716478890164345,43.47876524828507,27.89180148452713,0.1,0.0,0.0,25.339417568107933,50.18837783884309,202.2617608058598,212.89755543129775,0.0,0.0,0.0,0.0,-6.938893903907228e-17,5.551115123125783e-17,0.055419921875,0.0,nan,nan,-0.0025932123813162304,0.00012185546218300772,6544.311798851733,False,True,True,Omega_safe_one_step_QP,False,0.33251953125,0.0,0.0,False,False,False,-1.5537699685307962,4.223983788404531e-05,0.00023238104668962242,0.00015395538373884265,0.016645238029516955,1.3549518510134258e-06,0.00011094406603145355,0.0,0.0,0.0,0.0,1.0833355937178202e-34,20.0,0.0,-21.570758531673036,20.0,20.0,0.0,0.0,0.0,0.0,0.0,False,0.1,-0.09578806161880493,-0.025973984971642494,25.25489658237541,50.14858191947326,202.59979445972857,212.99715406733998,-0.9578806161880493,-0.25973984599113464,-0.049294178989714804,-0.008465606753309929,-0.04929417898971483,-0.008465606753310026,0.0277099609375,0.0,-0.387939453125,-0.11270790380219907,-0.0025884107185264217,0.00012199622437656515,6560.2603599942695,False,True,True,Omega_safe_one_step_QP,False,0.3602294921875,0.0,5.001582329595033,False,False,False,-1.633512774243477,0.00012623789676007437,0.0006944935409442707,0.00010468986656252474,0.011318784091159656,3.901821193027378e-05,0.0031948287148239407,0.0,0.0,0.0,0.0,2.9248926400098226e-07,20.0,10.987118168423295,-32.635839341502965,30.987118168423294,30.987118168423294,0.0,0.0,0.0,0.0,0.0,False,15.948561142536164,-0.24370111988451562,0.14593953018879247,0.09395394228651903
823,1.7236088642248433,-4810.084146663159,11.056542305933075,6.67839671488883,40.778378854775696,26.082052483772713,0.1,0.0,0.0,25.306483080645414,50.19205072978878,208.70904799275388,214.48099299701448,0.0,0.0,0.0,0.0,1.1102230246251565e-16,-1.4224732503009818e-16,0.055419921875,0.0,nan,nan,-2.9958964111516384e-05,5.242199887878392e-05,6673.508289039492,False,True,True,Omega_safe_one_step_QP,False,0.33251953125,0.0,0.0,False,False,False,-2.1997524194695917,3.584259285640663e-05,0.00019718681844628505,0.004156751207028848,0.44941665299503625,0.0002507274524522942,0.02052967640138663,0.0,0.0,0.0,0.0,7.1656630993357595e-34,20.0,0.0,-22.669895935684462,20.0,20.0,0.0,0.0,0.0,0.0,0.0,False,0.1,-0.09635364264249802,-0.03981509432196617,25.222721821105917,50.152375175677435,208.4812486049179,213.87099173884064,-0.9635364413261414,-0.3981509506702423,-0.05588752488609813,-0.015748614232028207,-0.05588752488609802,-0.015748614232028155,0.0277099609375,0.0,-0.387939453125,-0.1717539697712394,-2.7770525884200647e-05,5.244930388596911e-05,6675.231897903717,False,True,True,Omega_safe_one_step_QP,False,0.3602294921875,0.0,5.80640533215126,False,False,False,-2.208370463790716,0.00011077003550017452,0.0006093976227380347,0.003459150286196484,0.37399393574493917,7.635922761337069e-05,0.00625232784774774,0.0,0.0,0.0,0.0,9.651440804441725e-07,20.0,1.9346822340216139,-24.523909324171836,21.934682234021615,21.934682234021615,0.0,0.0,0.0,0.0,0.0,False,1.7236088642248433,-0.025827627532218435,0.10172662411990023,0.09379806407802901
824,10.977778245733134,-4799.106368417426,10.533289617428883,5.064299605180868,42.67972804314104,25.67972871093873,0.1,0.0,0.0,25.31731887439694,50.19532669635369,206.53223776136048,214.19963371699112,0.0,0.0,0.0,0.0,-1.1102230246251565e-16,1.2836953722228372e-16,0.055419921875,0.0,nan,nan,-0.00043794253838505114,3.9435579710768096e-05,6563.856155927654,False,True,True,Omega_safe_one_step_QP,False,0.33251953125,0.0,0.0,False,False,False,-1.6514917539104,3.4959405767547684e-05,0.0001923279943974048,0.0004738502783499003,0.05123140537174337,7.916304445526711e-06,0.0006481905629876898,0.0,0.0,0.0,0.0,1.2253729271163788e-33,20.0,0.0,-21.70356367783953,20.0,20.0,0.0,0.0,0.0,0.0,0.0,False,0.1,-0.09648316353559494,-0.027031531557440758,25.233816937010726,50.155698789634556,206.67695563777173,214.17977531740667,-0.9648315906524658,-0.2703153192996979,-0.05404393602703497,-0.010196274679306176,-0.05404393602703492,-0.010196274679306117,0.0277099609375,0.0,-0.387939453125,-0.11645182269461068,-0.00043781715384042137,3.947687144623276e-05,6574.833934173387,False,True,True,Omega_safe_one_step_QP,False,0.3602294921875,0.0,5.4997373015718685,False,False,False,-1.7063806451390655,0.00010649642799098908,0.0005858865148391036,0.00032554731112931733,0.03519729126724618,9.534729839203855e-06,0.0007807079610109492,0.0,0.0,0.0,0.0,3.422729438998317e-07,20.0,0.9392946675887508,-22.682239540743858,20.93929466758875,20.93929466758875,0.0,0.0,0.0,0.0,0.0,False,10.977778245733134,-0.16724586866242305,0.06465200024592735,0.09346436244590488
825,15.008468215405628,-4784.09790020202,10.949704657225645,4.85104398912697,42.950421927855736,23.250951105692916,0.1,0.0,0.0,25.32022486564573,50.19799676612066,205.92581940146638,214.21885088795744,0.0,0.0,0.0,0.0,-8.326672684688674e-17,8.673617379884035e-17,0.055419921875,0.0,nan,nan,-0.00098194155194332,-2.579838028707879e-05,6593.846211485309,False,True,True,Omega_safe_one_step_QP,False,0.33251953125,0.0,0.0,False,False,False,-1.8014420316986752,3.9147196879045615e-05,0.00021536698627229946,3.6774322721664154e-05,0.003975939913310986,3.692996599490978e-08,3.0238421998642722e-06,0.0,0.0,0.0,0.0,2.5037089277034067e-35,20.0,0.0,-21.80563636244046,20.0,20.0,0.0,0.0,0.0,0.0,0.0,False,0.1,-0.09658891707658768,-0.031904976814985275,25.237251957858028,50.1584592799223,206.24039052611505,214.01732363796188,-0.9658891558647156,-0.31904974579811096,-0.05364274891627549,-0.012263545219081334,-0.053642748916275504,-0.012263545219081226,0.0277099609375,0.0,-0.387939453125,-0.13729613417563305,-0.0009796659319069954,-2.5689238834884992e-05,6608.854679700715,False,True,True,Omega_safe_one_step_QP,False,0.3602294921875,0.0,5.502671217358926,False,False,False,-1.8764843727757035,0.00011372696683240342,0.0006256650809574289,1.9058909671580656e-05,0.0020605975599051673,2.63905481544314e-06,0.00021608699341320585,0.0,0.0,0.0,0.0,4.434558582461558e-08,20.0,4.906725058367992,-26.78611182512356,24.906725058367993,24.906725058367993,0.0,0.0,0.0,0.0,0.0,False,15.008468215405628,-0.22761325839331134,0.057824386798643386,0.09305257114356524
826,14.599549510372526,-4769.498350691648,8.384066841291302,6.316804784019618,39.080895627578975,22.910257884646516,0.1,0.0,0.0,25.3144614393219,50.19926134210076,207.04500674594655,214.52582148229507,0.0,0.0,0.0,0.0,-4.163336342344337e-17,1.0408340855860843e-16,0.055419921875,0.0,nan,nan,0.0022458850526913443,-9.107501778413997e-05,6344.743638039538,False,True,True,Omega_safe_one_step_QP,False,0.33251953125,0.0,0.0,False,False,False,-0.5559291644698214,1.8375570674265377e-05,0.00010109258370089105,0.00012525803120445685,0.013542558200131444,9.423094578799642e-06,0.0007715672157568207,0.0,0.0,0.0,0.0,2.0342635037590178e-35,0.0,0.0,-0.5703443824694105,0.0,0.0,0.0,0.0,0.0,0.0,0.0,False,0.1,-0.09601249545812607,-0.028031954541802406,25.23218526403858,50.15984764683828,207.36696208696904,214.47238552647858,-0.9601249098777771,-0.28031954169273376,-0.05448515129862061,-0.010972654731780742,-0.054485151298620665,-0.010972654731780784,0.0277099609375,0.0,-0.387939453125,-0.12135363657335997,0.0022357472009934065,-9.123584523181168e-05,6359.343187549911,False,True,True,Omega_safe_one_step_QP,False,0.3602294921875,0.0,5.557905058469841,False,False,False,-0.628926912021684,6.0560436870284085e-05,0.0003331712054987091,0.00012691634817249938,0.01372185092761591,2.070813223803814e-05,0.0016955911670858412,0.0,0.0,0.0,0.0,2.3760400239835775e-08,20.0,0.0,-20.644677549082285,20.0,20.0,0.0,0.0,0.0,0.0,0.0,False,14.599549510372526,-0.23010464004946998,0.045950211156281895,0.0926542616779937
827,40.69978587632886,-4728.798564815319,12.193900433306066,4.877675995129146,41.0994787735537,25.233235472744276,0.1,0.0,0.0,25.35803734029189,50.199391060228656,198.45091064898818,212.69293269479041,0.0,0.0,0.0,0.0,-3.469446951953614e-17,4.85722573273506e-17,0.26014284641297625,-0.05033574002966734,nan,nan,-0.00231273638152041,4.377527056443221e-05,6540.827967888446,True,True,True,Z_mode_existing_controller,False,0.05060201485354432,0.0,0.0,False,False,False,-1.5363508137143618,3.252871568425365e-05,0.00017895563470027388,0.007385848772375504,0.7985379132616103,0.00033594813073602935,0.027507583809450155,0.0,0.0,0.0,0.0,3.1296361596292584e-35,20.0,0.0,-22.362575266420123,20.0,20.0,0.0,0.0,0.0,0.0,0.0,False,0.1,-0.09486467391252518,-0.002157007111236453,25.276274917314645,50.16009235723118,199.76482363614974,213.91105163658304,-0.9486467242240906,-0.021570071578025818,-0.0457979316517727,0.001488795893830705,-0.04579793165177279,0.0014887958938306703,0.0277099609375,0.0,-0.387939453125,-0.009450923140691922,-0.002301259087894858,4.425194311526116e-05,6581.527753764775,False,True,True,Omega_safe_one_step_QP,False,0.3602294921875,0.0,4.582212409736085,False,False,False,-1.739849743096006,9.55487416022866e-05,0.0005256581865765717,0.005779250902542522,0.6248369142342026,3.15095735945254e-05,0.0025800180359761967,0.0,0.0,0.0,0.0,2.3075553688713187e-06,20.0,0.0,-22.36779464110813,20.0,20.0,0.0,0.0,0.0,0.0,0.0,False,40.69978587632886,-0.622242108738228,0.010741832957710412,0.09174703245626703
828,20.48774253609463,-4708.310822279224,9.405132702353873,6.930484985990255,42.449806835002434,24.335286558644867,0.1,0.0,0.0,25.32612567825717,50.20088332624175,204.72222106358467,214.1134136687402,0.0,0.0,0.0,0.0,-6.938893903907228e-17,9.367506770274758e-17,0.055419921875,0.0,nan,nan,0.0016754270759776735,-2.0475103474168303e-05,6398.294096393806,False,True,True,Omega_safe_one_step_QP,False,0.33251953125,0.0,0.0,False,False,False,-0.823681456241161,1.905683997851005e-05,0.00010484056385253093,0.003932933431622633,0.42521808288726365,0.00020177661973533532,0.016521560236090426,0.0,0.0,0.0,0.0,3.23796971900104e-35,0.0,0.0,-1.2655259399283676,0.0,0.0,0.0,0.0,0.0,0.0,0.0,False,0.1,-0.09588762372732162,-0.030437350273132324,25.246002455249556,50.16183413794254,205.2907571166667,214.0085237788689,-0.9588761925697327,-0.30437350273132324,-0.0522048088897428,-0.01158750989802684,-0.05220480888974284,-0.01158750989802677,0.0277099609375,0.0,-0.387939453125,-0.1319384745899981,0.0016703854924245412,-2.055080009286483e-05,6418.781838929901,False,True,True,Omega_safe_one_step_QP,False,0.3602294921875,0.0,5.347534438272888,False,False,False,-0.9261201689216341,5.754002894576261e-05,0.00031655453294289314,0.003053594083109822,0.3301463003405435,9.50081852179342e-07,7.779312871127713e-05,0.0,0.0,0.0,0.0,2.120378491045832e-06,20.0,0.0,-21.256662937302323,20.0,20.0,0.0,0.0,0.0,0.0,0.0,False,20.48774253609463,-0.3202063273028023,-0.00906111709319428,0.09123627505557859
829,38.43340178719973,-4669.877420492025,8.38032948412986,5.422225234838413,40.63314907256641,25.653122232510064,0.1,0.0,0.0,25.359218871767055,50.2020605665391,198.18233737768162,212.77950625627173,0.0,0.0,0.0,0.0,8.326672684688674e-17,-1.1102230246251565e-16,0.26014284641297625,-0.05033574002966734,nan,nan,0.0018842926970671634,-1.547918094535472e-06,6135.8903476013675,True,True,True,Z_mode_existing_controller,False,0.05060201485354432,0.0,0.0,False,False,False,0.48833728772103313,1.5053685813193873e-05,8.281734592376448e-05,0.004277007862514086,0.46241847603346226,0.00017793089850383478,0.014569061873217593,0.0,0.0,0.0,0.0,6.520476567966036e-34,0.0,0.0,0.011266932468429535,0.0,0.0,0.0,0.0,0.0,0.0,0.0,False,0.1,-0.09428777545690536,-0.0020928713493049145,25.279877035866626,50.1631677998848,199.5099705301638,213.99019066205335,-0.9428777098655701,-0.02092871256172657,-0.04522511694857375,0.0014198264819442544,-0.04522511694857373,0.001419826481944296,0.0277099609375,0.0,-0.387939453125,-0.009226018387127749,0.0018742675010593353,-1.946137240441733e-06,6174.323749388567,False,True,True,Omega_safe_one_step_QP,False,0.3602294921875,0.0,4.524739893354092,False,False,False,0.2961702787850345,3.0824236442365376e-05,0.00016957849950912908,0.0033417493558691833,0.36130086595597005,3.3610317217225404e-08,2.752027867187295e-06,0.0,0.0,0.0,0.0,2.1790689929533985e-06,0.0,0.0,-0.06530509676730482,0.0,0.0,0.0,0.0,0.0,0.0,0.0,False,38.43340178719973,-0.6263704142337558,-0.03166230651574083,0.09038405760757168
830,68.43887945465758,-4601.438541037367,8.869074447654842,4.880352370635738,42.24307086371582,23.67874692773256,0.1,0.0,0.0,25.390032672078835,50.20259814706269,192.09933466536037,211.506404956245,0.0,0.0,0.0,0.0,9.020562075079397e-17,7.632783294297951e-17,0.26014284641297625,-0.05033574002966734,nan,nan,0.0011690055535240865,-4.7355740210204555e-05,6042.747975633863,True,True,True,Z_mode_existing_controller,False,0.05060201485354432,0.0,0.0,False,False,False,0.9540491475585577,1.5555587176843446e-05,8.557853938620176e-05,0.003700292199810764,0.40006554463269134,0.00016207869201297344,0.013271076086969215,0.0,0.0,0.0,0.0,3.5148221485067053e-34,20.0,0.0,-19.45937305170049,20.0,20.0,0.0,0.0,0.0,0.0,0.0,False,0.1,-0.09407955408096313,-0.0008926304872147739,25.31200908111539,50.16393857889472,194.7127695197232,212.37363479501616,-0.9407955408096313,-0.00892630498856306,-0.03186801269810096,-0.0019716362625077366,-0.03186801269810091,-0.001971636262507598,0.23243288547547625,-0.05033574002966734,-0.32560894130464346,-0.05563046269912519,0.0011613296951848238,-4.788704784644874e-05,6111.18685508852,True,True,True,Z_mode_existing_controller,False,0.07831197579104432,0.0,3.192894584664461,False,False,False,0.6118547502852698,1.9915698956328093e-05,0.00010956554761719452,0.0023013137534572334,0.2488117938887787,0.0002613252871252368,0.021397431863594357,0.0,0.0,0.0,0.0,1.899142535050042e-06,0.0,0.0,0.34153405984274454,0.0,0.0,0.0,0.0,0.0,0.0,0.0,False,68.43887945465758,-1.1325787494468291,-0.0782510067626091,0.0889554056207126
831,54.685068431617765,-4546.753472605749,8.94101045808019,3.88215754918032,40.82410060146748,22.962853042325246,0.1,0.0,0.0,25.405084556295392,50.20127393061166,189.14550458017192,210.79460169995713,0.0,0.0,0.0,0.0,-7.632783294297951e-17,0.0,0.055419921875,0.0,nan,nan,0.0005698488921757282,-7.207224190931274e-05,5980.740322985208,False,True,True,Omega_safe_one_step_QP,False,0.33251953125,0.0,0.0,False,False,False,1.2640874108018307,1.5245960044153493e-05,8.387513613509281e-05,0.0008725112172164447,0.09433354353250284,5.066638756620287e-05,0.004148586566759361,0.0,0.0,0.0,0.0,3.3559329280947584e-34,20.0,0.0,-18.834478594433566,20.0,20.0,0.0,0.0,0.0,0.0,0.0,False,0.1,-0.08955926448106766,-0.0022336463443934917,25.329450435885242,50.16305919484608,191.17759830215374,211.47454297972973,-0.8955926299095154,-0.022336462512612343,-0.030361972054488574,-0.00264918064104952,-0.03036197205448867,-0.002649180641049645,0.23243288547547625,-0.05033574002966734,-0.32560894130464346,-0.06425354176272621,0.0005640255233926635,-7.249564847299156e-05,6035.425391416826,True,True,True,Z_mode_existing_controller,False,0.07831197579104432,0.0,3.047732772252951,False,False,False,0.9906620686437418,1.6704109080168998e-05,9.18970939879835e-05,0.0012497435537531507,0.13511887939796183,8.083660923150395e-05,0.006618937865305678,0.0,0.0,0.0,0.0,2.727224805105899e-08,0.0,0.0,0.8488323270142384,0.0,0.0,0.0,0.0,0.0,0.0,0.0,False,54.685068431617765,-0.9143528305593183,-0.11458826321429955,0.08779671844519131
832,40.578994026270266,-4506.174478579479,8.947796067303592,3.3199518078940597,39.584659945058014,25.875043026708592,0.1,0.0,0.0,25.408710039630503,50.199000305428314,188.45541907636812,210.51171365872474,0.0,0.0,0.0,0.0,-1.249000902703301e-16,-1.3183898417423734e-16,0.055419921875,0.0,nan,nan,0.00025543771263257195,1.1433536149393908e-05,5965.443431262772,False,True,True,Omega_safe_one_step_QP,False,0.33251953125,0.0,0.0,False,False,False,1.3405718694140114,1.4723437567742883e-05,8.100049631472988e-05,4.7621800256014494e-05,0.005148739728388479,8.002564387229421e-06,0.0006552535657512027,0.0,0.0,0.0,0.0,1.9740781929969166e-34,20.0,0.0,-18.665313124376443,20.0,20.0,0.0,0.0,0.0,0.0,0.0,False,0.1,-0.08885765820741653,-0.004650515969842672,25.335012859606213,50.16114388368364,189.89439491116661,210.95725783142024,-0.8885765671730042,-0.046505156904459,-0.030146443688594215,-0.003986906147501135,-0.03014644368859432,-0.0039869061475010514,0.23243288547547625,-0.05033574002966734,-0.32560894130464346,-0.07954180374590106,0.0002505638690454997,1.1155012374435133e-05,6006.022425289042,True,True,True,Z_mode_existing_controller,False,0.07831197579104432,0.0,3.0408937628574995,False,False,False,1.13767689928266,1.672018735992097e-05,9.198554810298244e-05,0.0001646610942640858,0.01780271038053301,2.675839246615787e-05,0.002190989191564677,0.0,0.0,0.0,0.0,1.8359620071157618e-08,0.0,0.0,1.1175911958028395,0.0,0.0,0.0,0.0,0.0,0.0,0.0,False,40.578994026270266,-0.6802343278223068,-0.13741899939058713,0.08691303157401167
833,29.05190737182511,-4477.122571207654,9.583933750943533,6.531725339534908,41.38117174650493,26.698069742561856,0.1,0.0,0.0,25.40705538892051,50.19829559224598,188.78778780759902,210.53741565421976,0.0,0.0,0.0,0.0,-1.1102230246251565e-16,-6.245004513516506e-17,0.055419921875,0.0,nan,nan,0.0012822245845804628,5.0628631623178284e-05,6035.777983885401,False,True,True,Omega_safe_one_step_QP,False,0.33251953125,0.0,0.0,False,False,False,0.9888991063008643,1.7772357076948293e-05,9.777402439422991e-05,1.1046897350003857e-05,0.0011943605440285889,6.605925724256374e-08,5.408961648361296e-06,0.0,0.0,0.0,0.0,5.007417855406813e-35,20.0,0.0,-19.01239843722921,20.0,20.0,0.0,0.0,0.0,0.0,0.0,False,0.1,-0.0885189101099968,-0.0028630809392780066,25.334821350768777,50.160711406829996,189.72358116365777,210.9989742867133,-0.8851890563964844,-0.028630807995796204,-0.03005301606615484,-0.0029841370313683363,-0.030053016066154972,-0.0029841370313683224,0.23243288547547625,-0.05033574002966734,-0.32560894130464346,-0.06838520443889534,0.0012809286702410976,5.0544207459607025e-05,6064.829891257226,True,True,True,Z_mode_existing_controller,False,0.07831197579104432,0.0,3.0200808739080958,False,False,False,0.8436395694417388,1.0376226462633113e-05,5.708446070968483e-05,2.9177336338015426e-06,0.0003154574374855131,1.7402626422175222e-07,1.4249348664740084e-05,0.0,0.0,0.0,0.0,1.0142746209042838e-08,20.0,0.0,-19.156747231947868,20.0,20.0,0.0,0.0,0.0,0.0,0.0,False,29.05190737182511,-0.4813282968556702,-0.1562513911197775,0.08625228080485824
834,19.177567372259546,-4457.945003835394,11.71127469735651,4.9283831095245425,45.195318102223325,23.036024822561828,0.1,0.0,0.0,25.42107955921277,50.19842831838168,186.01941897506777,209.9489989290497,0.0,0.0,0.0,0.0,-4.163336342344337e-17,-4.163336342344337e-17,0.055419921875,0.0,nan,nan,-0.001681685859124746,-1.3910334341654847e-05,6180.959119783765,False,True,True,Omega_safe_one_step_QP,False,0.33251953125,0.0,0.0,False,False,False,0.26299342680904375,1.2914585139510796e-05,7.10491555512179e-05,0.0007663865992930446,0.08285963802022125,3.462342424598449e-05,0.002834981525659742,0.0,0.0,0.0,0.0,5.248159098455218e-35,0.0,0.0,0.17722775810761152,0.0,0.0,0.0,0.0,0.0,0.0,0.0,False,0.1,-0.09041040390729904,-0.006057999096810818,25.349949016481535,50.1610387365248,186.50057262377652,210.89486397089016,-0.9041040539741516,-0.06057998910546303,-0.030249539042838197,0.0025810474202164688,-0.030249539042838128,0.002581047420216344,0.0277099609375,0.0,-0.387939453125,-0.027850818779245452,-0.0016731742766941914,-1.3825294690206127e-05,6200.136687156025,False,True,True,Omega_safe_one_step_QP,False,0.3602294921875,0.0,3.0359453520931456,False,False,False,0.16710558994774602,2.596064564786975e-05,0.00014282161841982444,0.001038778404814746,0.11230990036304235,1.083895786079294e-06,8.874987371105035e-05,0.0,0.0,0.0,0.0,3.1009899260524136e-07,0.0,0.0,0.054563807993580196,0.0,0.0,0.0,0.0,0.0,0.0,0.0,False,19.177567372259546,-0.31026847129398993,-0.17306635602123652,0.08578067780433889
835,16.365134573823525,-4441.579869261571,11.077560706249896,6.06968494775702,40.87495954682158,22.243599092040025,0.1,0.0,0.0,25.38835508901114,50.19684026632255,192.4872121350535,211.23434885515084,0.0,0.0,0.0,0.0,-1.249000902703301e-16,7.632783294297951e-17,0.26014284641297625,-0.05033574002966734,nan,nan,-0.00043795924216073127,-6.444177136234915e-05,6277.442429397932,True,True,True,Z_mode_existing_controller,False,0.05060201485354432,0.0,0.0,False,False,False,-0.21942312126178876,1.2814597825509169e-05,7.049907870795052e-05,0.0041832348360358405,0.4522799910479269,0.00016521244325281897,0.013527669045766633,0.0,0.0,0.0,0.0,2.084819164799183e-34,0.0,0.0,-0.6853012804341903,0.0,0.0,0.0,0.0,0.0,0.0,0.0,False,0.1,-0.09343929588794708,-0.0011148753110319376,25.318102639926177,50.159561761405364,192.8734353632064,211.72356402271345,-0.9343929290771484,-0.011148752644658089,-0.03172281758543421,-0.002085630193416281,-0.031722817585434215,-0.002085630193416267,0.23243288547547625,-0.05033574002966734,-0.32560894130464346,-0.05699404207794475,-0.0004330797609744044,-6.439432174822415e-05,6293.807563971755,True,True,True,Z_mode_existing_controller,False,0.07831197579104432,0.0,3.1791303981787578,False,False,False,-0.3012487941309064,3.108660052262628e-05,0.00017102188666776727,0.004061337949561368,0.43910083068893324,6.867437758919236e-05,0.005623088876719677,0.0,0.0,0.0,0.0,2.394842961365381e-07,0.0,0.0,-0.7461439750675232,0.0,0.0,0.0,0.0,0.0,0.0,0.0,False,16.365134573823525,-0.2606974856063013,-0.22075706759282873,0.08536266546819325
836,7.121261484134266,-4434.458607777437,10.50777283336063,5.822052384499215,38.91841755806691,28.249404480400344,0.1,0.0,0.0,25.37964056316779,50.19524992310644,194.22177013794436,211.50862138702783,0.0,0.0,0.0,0.0,8.673617379884035e-17,2.0816681711721685e-17,0.26014284641297625,-0.05033574002966734,nan,nan,-7.709887030749767e-05,0.00010044636905216526,6261.810947620983,True,True,True,Z_mode_existing_controller,False,0.05060201485354432,0.0,0.0,False,False,False,-0.1412657123770441,1.3707100282189455e-05,7.540915093942475e-05,0.0003008691465392694,0.03252915512444166,7.522542174221368e-06,0.0006159491313857322,0.0,0.0,0.0,0.0,4.7871396180175235e-34,0.0,0.0,-0.17448622578381093,0.0,0.0,0.0,0.0,0.0,0.0,0.0,False,0.1,-0.09304042905569077,-0.0008082288550212979,25.310131490374008,50.15807919890777,194.23155022107744,211.94962475001915,-0.9304042458534241,-0.008082288317382336,-0.031611903031350724,-0.001908261435145317,-0.031611903031350766,-0.001908261435145199,0.23243288547547625,-0.05033574002966734,-0.32560894130464346,-0.0551833692946025,-7.493116485972687e-05,0.00010048707701818265,6268.932209105117,True,True,True,Z_mode_existing_controller,False,0.07831197579104432,0.0,3.1669447026564637,False,False,False,-0.17687201979771544,3.2483825321372564e-05,0.0001787086718795069,0.00018444759671700861,0.01994197329620477,5.11034524299855e-06,0.0004184373634079325,0.0,0.0,0.0,0.0,4.3761714718151023e-10,0.0,0.0,-0.1974111395668248,0.0,0.0,0.0,0.0,0.0,0.0,0.0,False,7.121261484134266,-0.11372527123067823,-0.2455755247288539,0.08512335976529654
837,-1.7082229789712073,-4436.166830756408,10.70378558984747,3.1168545980091222,43.39831230310127,26.012730263088255,0.1,0.0,0.0,25.377778292272392,50.19723083273584,194.5634731688733,211.69073887545986,0.0,0.0,0.0,0.0,-1.3097162243624894e-16,-1.1102230246251565e-16,0.26014284641297625,-0.05033574002966734,nan,nan,-0.0017544887264698064,5.4235521530415776e-05,6290.495185942165,True,True,True,Z_mode_existing_controller,False,0.05060201485354432,0.0,0.0,False,False,False,-0.2846869039829562,2.0194230130938774e-05,0.0001110978775013527,1.1676096134601454e-05,0.0012623878080525322,3.316677959278954e-06,0.000271571080731831,0.0,0.0,0.0,0.0,6.477820228963397e-34,0.0,0.0,-0.28633196074924194,0.0,0.0,0.0,0.0,0.0,0.0,0.0,False,0.1,-0.09455780684947968,-0.0008202609024010599,25.308664204866478,50.16010869793608,194.20749759419152,212.07531780003882,-0.9455780386924744,-0.008202608674764633,-0.03215169945085708,-0.0019387415908501474,-0.03215169945085716,-0.0019387415908502237,0.23243288547547625,-0.05033574002966734,-0.32560894130464346,-0.055176587207318606,-0.0017521090401977973,5.422831043337705e-05,6288.786962963194,True,True,True,Z_mode_existing_controller,False,0.07831197579104432,0.0,3.221009929407754,False,False,False,-0.27614578908810017,5.509926259344066e-05,0.00030312673899078564,5.785288601132081e-08,6.254896938105516e-06,1.579874282324554e-06,0.00012936081571349788,0.0,0.0,0.0,0.0,2.9230921440372867e-09,20.0,0.0,-20.276584534462835,20.0,20.0,0.0,0.0,0.0,0.0,0.0,False,-1.7082229789712073,0.02715562016148903,-0.2546985014497585,0.08505344719805814
838,-36.40427875736532,-4472.571109513773,11.95004657353184,3.549704210884746,42.717810898542815,25.949945653864084,0.1,0.0,0.0,25.351031945156247,50.198335666401135,199.8210718160428,212.87244728907467,0.0,0.0,0.0,0.0,4.163336342344337e-17,6.938893903907228e-17,0.26014284641297625,-0.05033574002966734,nan,nan,-0.0028876457769615093,6.951553401173243e-05,6549.72634980468,True,True,True,Z_mode_existing_controller,False,0.05060201485354432,0.0,0.0,False,False,False,-1.5808427232955273,4.156794750789779e-05,0.00022868466439529501,0.0027642343534718724,0.2988615121180634,0.00013964347748080403,0.011434070646056196,0.0,0.0,0.0,0.0,6.2340697203768865e-34,20.0,0.0,-21.89136699072404,20.0,20.0,0.0,0.0,0.0,0.0,0.0,False,0.1,-0.09444232285022736,-0.0033308041747659445,25.282018336571134,50.161204221893996,198.04599520852454,213.53884358342742,-0.9444231986999512,-0.03330804035067558,-0.043780169045896156,0.0013264803690367331,-0.0437801690458961,0.0013264803690367678,0.0277099609375,0.0,-0.387939453125,-0.01465917781156164,-0.0028835852025903153,6.915004277403239e-05,6513.322071047314,False,True,True,Omega_safe_one_step_QP,False,0.3602294921875,0.0,4.380025972362116,False,False,False,-1.3988213295087006,0.0001015270796329724,0.0005585478120729775,0.0014734063935240304,0.15930069828556412,0.00021419077186432282,0.017538036587255803,0.0,0.0,0.0,0.0,1.4588297957007329e-06,20.0,4.347657613529194e-05,-21.576263547599524,20.000043476576135,20.000043476576135,0.0,0.0,0.0,0.0,0.0,False,-36.40427875736532,0.5558137365303962,-0.24665062286396325,0.08564386847288144
839,-44.452613385379664,-4517.023722899153,7.8233149369376225,4.722937194549845,33.078133288905036,25.93693440234283,0.1,0.0,0.0,25.311633387539782,50.20055968638,207.55972955465091,214.6484238144219,0.0,0.0,0.0,0.0,1.1102230246251565e-16,-2.42861286636753e-17,0.055419921875,0.0,nan,nan,0.0019669928544150655,-2.6214709982928883e-05,6297.474023874939,False,True,True,Omega_safe_one_step_QP,False,0.33251953125,0.0,0.0,False,False,False,-0.31958109364682513,2.1453050900991937e-05,0.00011802323760672571,0.00598868235953192,0.647480074660281,0.00031540926185844286,0.025825852002329473,0.0,0.0,0.0,0.0,1.3589843170082434e-34,0.0,0.0,-0.9930050435470423,0.0,0.0,0.0,0.0,0.0,0.0,0.0,False,0.1,-0.09606343507766724,-0.03939085081219673,25.241595998599628,50.16317725409547,205.36493631208992,213.7150286556476,-0.9606343507766724,-0.3939085006713867,-0.05238953131917415,-0.015390459657313074,-0.05238953131917427,-0.015390459657313095,0.0277099609375,0.0,-0.387939453125,-0.17043721210131135,0.0019615936593648155,-2.569700795831964e-05,6253.0214104895595,False,True,True,Omega_safe_one_step_QP,False,0.3602294921875,0.0,5.4603381216790385,False,False,False,-0.09731802671992681,5.775281656094844e-05,0.000317725176847238,0.0053566898877458816,0.5791507647636808,3.104117967322452e-06,0.0002541665731357646,0.0,0.0,0.0,0.0,3.535772025971237e-06,20.0,0.0,-20.677044219005616,20.0,20.0,0.0,0.0,0.0,0.0,0.0,False,-44.452613385379664,0.7058800594786295,-0.2338623406987326,0.08639090032066618
840,-11.770563505847349,-4528.794286405,9.587704683557071,7.110043855395834,37.75395718060004,28.008797265895574,0.1,0.0,0.0,25.35144823686021,50.20206502895073,199.6909027118032,213.04955791380917,0.0,0.0,0.0,0.0,1.3183898417423734e-16,-3.469446951953614e-17,0.26014284641297625,-0.05033574002966734,nan,nan,0.0014919995146611652,7.631286445922451e-05,6297.773667660265,True,True,True,Z_mode_existing_controller,False,0.05060201485354432,0.0,0.0,False,False,False,-0.3210793125734563,1.6439683869259388e-05,9.04423675884414e-05,0.006191843588272067,0.6694453150346305,0.0002556372168142177,0.020931690112176948,0.0,0.0,0.0,0.0,5.416677968589101e-36,0.0,0.0,-1.011546760087852,0.0,0.0,0.0,0.0,0.0,0.0,0.0,False,0.1,-0.09259242564439774,-0.008858773857355118,25.279909497913263,50.16442847423437,198.89557861109037,213.6122981500846,-0.9259242415428162,-0.08858773857355118,-0.043702036586611315,-0.0013391478607343785,-0.04370203658661121,-0.0013391478607344617,0.0277099609375,0.0,-0.387939453125,-0.039767228663639985,0.001490176135932185,7.635889086199908e-05,6286.003104154418,False,True,True,Omega_safe_one_step_QP,False,0.3602294921875,0.0,4.372254931737648,False,False,False,-0.2622264950442195,3.5867999990888124e-05,0.0001973265949416495,0.004185258906348221,0.4524988280338111,1.0553556773227133e-06,8.641299678950757e-05,0.0,0.0,0.0,0.0,2.729119279329808e-06,0.0,0.0,-0.7150117917890411,0.0,0.0,0.0,0.0,0.0,0.0,0.0,False,-11.770563505847349,0.18690038935966274,-0.24504660531921574,0.08651181720676054
841,21.74546931979512,-4507.048817085205,8.857942543369912,4.047947629394545,39.40661252577128,25.388888996420604,0.1,0.0,0.0,25.37762571017354,50.204395559034765,194.50080725467916,212.07027591199991,0.0,0.0,0.0,0.0,5.204170427930421e-17,-6.938893903907228e-17,0.26014284641297625,-0.05033574002966734,nan,nan,0.0007039147732828858,-5.9627944080670875e-06,6099.100178514558,True,True,True,Z_mode_existing_controller,False,0.05060201485354432,0.0,0.0,False,False,False,0.6722881331550797,1.5732803474078192e-05,8.655348888186317e-05,0.002693709085405965,0.2912365116436153,9.589932390675374e-05,0.007852279707153385,0.0,0.0,0.0,0.0,7.571312093872321e-35,0.0,0.0,0.37311278831542916,0.0,0.0,0.0,0.0,0.0,0.0,0.0,False,0.1,-0.09505967795848846,-0.0015119122108444571,25.305778518177085,50.16667689469136,195.1370431155324,212.58309039005087,-0.9505967497825623,-0.01511912140995264,-0.03227583773184935,-0.0023325724539362755,-0.0322758377318493,-0.0023325724539362547,0.23243288547547625,-0.05033574002966734,-0.32560894130464346,-0.05921132503258782,0.0006985996686324743,-6.139947502366121e-06,6120.845647834353,True,True,True,Z_mode_existing_controller,False,0.07831197579104432,0.0,3.236001538234384,False,False,False,0.5635607865561042,2.8267796003327806e-05,0.0001555143284615499,0.0014126589071369153,0.15273284501501128,0.00010592686133136439,0.008673338974563361,0.0,0.0,0.0,0.0,1.3154491269094057e-06,0.0,0.0,0.4019977727889411,0.0,0.0,0.0,0.0,0.0,0.0,0.0,False,21.74546931979512,-0.3565356967966913,-0.25437880971379606,0.0859962287153349
842,12.422551187153658,-4494.626265898051,11.079893628328323,4.26600498784577,39.305425283234264,26.19332831813187,0.1,0.0,0.0,25.38768247897865,50.20426899214961,192.51761928485007,211.63466702945826,0.0,0.0,0.0,0.0,1.0755285551056204e-16,-6.938893903907228e-18,0.26014284641297625,-0.05033574002966734,nan,nan,-0.0015927603169416623,4.782503104976653e-05,6279.006637569755,True,True,True,Z_mode_existing_controller,False,0.05060201485354432,0.0,0.0,False,False,False,-0.22724416212090545,1.953659369150485e-05,0.00010747991276019031,0.0003933034523674824,0.04252290126854347,1.8975509854919176e-05,0.0015537232682844542,0.0,0.0,0.0,0.0,6.98149604840373e-35,0.0,0.0,-0.27142826657049357,0.0,0.0,0.0,0.0,0.0,0.0,0.0,False,0.1,-0.09525839984416962,-0.00042357583879493177,25.316635028112643,50.166693804511056,192.73775468599166,212.14016504089892,-0.9525839686393738,-0.004235758446156979,-0.03236919346769486,-0.0017283476973473377,-0.03236919346769478,-0.0017283476973472753,0.23243288547547625,-0.05033574002966734,-0.32560894130464346,-0.0528171278678813,-0.0015878394051619862,4.790303694333009e-05,6291.429188756909,True,True,True,Z_mode_existing_controller,False,0.07831197579104432,0.0,3.2415303045197246,False,False,False,-0.28935691805667374,4.7869121245976155e-05,0.00026335035967204923,0.0005756584968128101,0.0622386334953848,1.9618286492137587e-05,0.001606354107992668,0.0,0.0,0.0,0.0,3.738028498902634e-09,0.0,0.0,-0.3534652597577517,0.0,0.0,0.0,0.0,0.0,0.0,0.0,False,12.422551187153658,-0.19784261913062284,-0.25211258129854647,0.08565658004197446
843,3.2982436541724383,-4491.328022243879,8.755784842724095,5.550273598605536,39.688012058668384,26.731907179146887,0.1,0.0,0.0,25.361649303793325,50.204910745823746,197.6400772119971,212.76089428537148,0.0,0.0,0.0,0.0,1.3530843112619095e-16,4.85722573273506e-17,0.26014284641297625,-0.05033574002966734,nan,nan,0.0015470633583766719,3.334200339953457e-05,6162.134491119384,True,True,True,Z_mode_existing_controller,False,0.05060201485354432,0.0,0.0,False,False,False,0.35711657013095194,1.6466833115187993e-05,9.059172825130763e-05,0.0026239575215391392,0.2836951619662058,0.00012683878319618244,0.010385616527806087,0.0,0.0,0.0,0.0,3.851859888774472e-35,0.0,0.0,0.06294519990868871,0.0,0.0,0.0,0.0,0.0,0.0,0.0,False,0.1,-0.09527834504842758,-0.0007969015277922153,25.29121500271461,50.167417534983535,197.49127100825874,213.18299850909375,-0.9527834057807922,-0.007969015277922153,-0.03240149131433809,-0.0019369914364819676,-0.03240149131433814,-0.0019369914364818983,0.23243288547547625,-0.05033574002966734,-0.32560894130464346,-0.055003163504613345,0.001541873446518141,3.330271630223739e-05,6165.432734773556,True,True,True,Z_mode_existing_controller,False,0.07831197579104432,0.0,3.245933725783895,False,False,False,0.34062535186008974,2.8645661818452594e-05,0.00015759314452774728,0.00225959174260595,0.24430092337016304,0.00010875016423872544,0.008904512284483402,0.0,0.0,0.0,0.0,4.4575360777874614e-10,0.0,0.0,0.08726232261516197,0.0,0.0,0.0,0.0,0.0,0.0,0.0,False,3.2982436541724383,-0.05352436982551634,-0.25439822862597194,0.08549332432497561
844,-2.9948597405727924,-4494.322881984452,8.382324745045942,5.948551055478055,39.42663937321817,25.665368208875716,0.1,0.0,0.0,25.386948232132724,50.206056623981034,192.63711663999376,211.75347275140103,0.0,0.0,0.0,0.0,8.326672684688674e-17,9.71445146547012e-17,0.26014284641297625,-0.05033574002966734,nan,nan,0.0021116020924958462,-3.7659282898210716e-06,6005.64425858256,True,True,True,Z_mode_existing_controller,False,0.05060201485354432,0.0,0.0,False,False,False,1.1395677328150713,1.941208089529316e-05,0.00010679490980186093,0.00250296144850199,0.27061339510992904,0.00010148981471073619,0.008310031604714442,0.0,0.0,0.0,0.0,5.067603166168914e-35,20.0,0.0,-19.139462488809375,20.0,20.0,0.0,0.0,0.0,0.0,0.0,False,0.1,-0.0951644629240036,-0.0006099934689700603,25.316674302461312,50.168586256541694,192.21831318336228,212.1402184891022,-0.9516445994377136,-0.0060999346897006035,-0.03238779851141063,-0.0018309052551081853,-0.032387798511410756,-0.001830905255108109,0.23243288547547625,-0.05033574002966734,-0.32560894130464346,-0.05391272516980135,0.002106159330824896,-3.7757154894000645e-06,6002.649398841987,True,True,True,Z_mode_existing_controller,False,0.07831197579104432,0.0,3.243950841903946,False,False,False,1.1545420315179353,1.3175629588893814e-05,7.248528280498881e-05,0.0027804084223136717,0.3006102085211345,0.00010873901700935557,0.008903599544336692,0.0,0.0,0.0,0.0,1.1441770730480772e-10,20.0,0.0,-19.15504426194476,20.0,20.0,0.0,0.0,0.0,0.0,0.0,False,-2.9948597405727924,0.04986741824231249,-0.2443352424491063,0.08545264378059815
845,-2.30041745811468,-4496.623299442566,8.730481114933257,3.9110121454213402,42.62340444987997,27.855029757983793,0.1,0.0,0.0,25.416574095165178,50.20568083255884,186.79905893761875,210.4801975250842,0.0,0.0,0.0,0.0,6.938893903907228e-17,-3.469446951953614e-17,0.055419921875,0.0,nan,nan,0.0008594143307078547,7.8371691816995e-05,5903.249371864841,False,True,True,Omega_safe_one_step_QP,False,0.33251953125,0.0,0.0,False,False,False,1.651542166403665,2.1140151262844146e-05,0.00011630183077696484,0.003408291773626019,0.3684952514702886,0.00016212298019521658,0.01327470242321985,0.0,0.0,0.0,0.0,1.7574110742533527e-34,20.0,0.0,-18.73034408932062,20.0,20.0,0.0,0.0,0.0,0.0,0.0,False,0.1,-0.08995344489812851,-0.0038957223296165466,25.34623748329108,50.16819174383663,186.39898115889508,211.3237143034778,-0.8995344042778015,-0.038957223296165466,-0.029981119258996818,0.0031164171944007973,-0.029981119258996887,0.003116417194400929,0.0277099609375,0.0,-0.387939453125,-0.018001030482924882,0.0008558699515054582,7.838262947438461e-05,5900.948954406726,False,True,True,Omega_safe_one_step_QP,False,0.3602294921875,0.0,3.014265363487008,False,False,False,1.6630442536942383,1.1074915572804752e-05,6.092827533743115e-05,0.0033864625210989533,0.36613513196361513,6.666790851421812e-05,0.005458798287812392,0.0,0.0,0.0,0.0,3.026810444341549e-07,20.0,0.0,-18.70861090751357,20.0,20.0,0.0,0.0,0.0,0.0,0.0,False,-2.30041745811468,0.03896866476755286,-0.2317422520620165,0.0854005280925544
846,6.015051959376251,-4490.60824748319,9.223094309446447,3.7846837270740346,38.941702007168466,24.81576297699511,0.1,0.0,0.0,25.422589827891432,50.206042509033736,185.6067695853269,210.2415919021393,0.0,0.0,0.0,0.0,-1.3877787807814457e-17,-1.457167719820518e-16,0.055419921875,0.0,nan,nan,0.000166710675292805,-1.8773199282672536e-05,5924.884923546932,False,True,True,Omega_safe_one_step_QP,False,0.33251953125,0.0,0.0,False,False,False,1.5433644079932083,1.9006390087169483e-05,0.00010456301547303,0.00014215538995885227,0.015369454744484588,5.693264330092498e-06,0.00046616704003162593,0.0,0.0,0.0,0.0,1.925929944387236e-34,20.0,0.0,-18.47257577680678,20.0,20.0,0.0,0.0,0.0,0.0,0.0,False,0.1,-0.08918117731809616,-0.005827694199979305,25.352234466840507,50.168525124474854,185.5627388183421,211.06099786377163,-0.891811728477478,-0.0582769401371479,-0.028879731804532627,0.0024473642516344984,-0.028879731804532613,0.0024473642516345054,0.0277099609375,0.0,-0.387939453125,-0.027161310855057668,0.00016510365404092363,-1.886871787364422e-05,5930.899975506309,False,True,True,Omega_safe_one_step_QP,False,0.3602294921875,0.0,2.898324517513366,False,False,False,1.513289148196327,1.2517428261413375e-05,6.886421035124777e-05,6.993012521335351e-05,0.007560655245319092,6.9019927691884425e-06,0.000565138267430486,0.0,0.0,0.0,0.0,1.660686165075705e-08,20.0,0.0,-18.494905526133635,20.0,20.0,0.0,0.0,0.0,0.0,0.0,False,6.015051959376251,-0.10152183606927069,-0.22558554010617218,0.08519042772410387
847,7.238455482982317,-4483.369792000208,12.331108086522715,5.323426360128432,40.75105813362627,24.78085122449419,0.1,0.0,0.0,25.417227865958086,50.20427539716408,186.6824993169805,210.36500377717022,0.0,0.0,0.0,0.0,-1.1102230246251565e-16,1.1102230246251565e-16,0.055419921875,0.0,nan,nan,-0.0021924215913469497,2.6968804749576483e-05,6259.742249370956,False,True,True,Omega_safe_one_step_QP,False,0.33251953125,0.0,0.0,False,False,False,-0.1309222211269116,1.615137490928736e-05,8.885624554715386e-05,0.0001157194455563547,0.0125112722215461,1.523049089864514e-06,0.00012470794343628642,0.0,0.0,0.0,0.0,7.5352009074150604e-34,0.0,0.0,-0.14364705753744114,0.0,0.0,0.0,0.0,0.0,0.0,0.0,False,0.1,-0.08997254818677902,-0.006818845868110657,25.347171291625852,50.166785124366776,186.67791866166925,211.16520280874386,-0.8997254371643066,-0.06818845868110657,-0.03026389559437287,0.0019391207899879526,-0.03026389559437287,0.0019391207899880428,0.0277099609375,0.0,-0.387939453125,-0.031501267295207844,-0.002181959878244105,2.703328272671713e-05,6266.980704853939,False,True,True,Omega_safe_one_step_QP,False,0.3602294921875,0.0,3.0325955318592492,False,False,False,-0.1671144985418232,3.424152055157792e-05,0.00018837857303958587,0.00012436260829631784,0.013445747506792269,1.0858670556664274e-06,8.891128215008613e-05,0.0,0.0,0.0,0.0,2.1742208134113212e-08,0.0,0.0,-0.18083755764601325,0.0,0.0,0.0,0.0,0.0,0.0,0.0,False,7.238455482982317,-0.11563504046368223,-0.1989720954571767,0.08495222570438198
848,5.313811958212682,-4478.055980041995,11.32396143484809,3.8959355073564232,38.38723083369634,21.81061309438847,0.1,0.0,0.0,25.377373898489875,50.20359477975592,194.5451176200904,212.00046406343705,0.0,0.0,0.0,0.0,8.673617379884035e-17,7.632783294297951e-17,0.26014284641297625,-0.05033574002966734,nan,nan,-0.002112096776297412,-8.423626565386014e-05,6354.598734822597,True,True,True,Z_mode_existing_controller,False,0.05060201485354432,0.0,0.0,False,False,False,-0.6052046483851155,2.369721084606346e-05,0.0001303694080254248,0.006182076658039854,0.6683893410596726,0.0002674730347955995,0.021900812203622895,0.0,0.0,0.0,0.0,4.031212114845533e-34,20.0,0.0,-21.295625171056436,20.0,20.0,0.0,0.0,0.0,0.0,0.0,False,0.1,-0.09481745213270187,-0.0009776095394045115,25.30782798417117,50.16614153216466,194.47606705085408,212.42609429387463,-0.9481745362281799,-0.009776094928383827,-0.03222144535705647,-0.0020306153786080958,-0.03222144535705647,-0.002030615378608082,0.23243288547547625,-0.05033574002966734,-0.32560894130464346,-0.056089396144402885,-0.0021067859644596596,-8.423617124608644e-05,6359.91254678081,True,True,True,Z_mode_existing_controller,False,0.07831197579104432,0.0,3.228536726930034,False,False,False,-0.6317737081761788,6.15956997884828e-05,0.0003388666696051383,0.006081111829974597,0.6574732980156289,0.00015898473372752793,0.01301774139314796,0.0,0.0,0.0,0.0,1.959080632164286e-07,20.0,0.0,-21.302603810162623,20.0,20.0,0.0,0.0,0.0,0.0,0.0,False,5.313811958212682,-0.08362151852474173,-0.18673655535142883,0.0847494921423054
849,-34.169076723004764,-4512.225056765,10.167273229709672,6.099332890573512,37.48559239129999,23.574862167142985,0.1,0.0,0.0,25.34522977028837,50.201912636984304,200.89962118555857,213.25623096603076,0.0,0.0,0.0,0.0,-6.938893903907228e-17,1.249000902703301e-16,0.055419921875,0.0,nan,nan,0.000381849795003109,-5.013204135464891e-05,6388.522646084018,False,True,True,Omega_safe_one_step_QP,False,0.33251953125,0.0,0.0,False,False,False,-0.7748242046922178,1.999734341958983e-05,0.00011001471188437891,0.004037971556354779,0.4365745197060401,0.000157695051364979,0.012912141622142655,0.0,0.0,0.0,0.0,2.673431504052532e-34,0.0,0.0,-1.224420880732285,0.0,0.0,0.0,0.0,0.0,0.0,0.0,False,0.1,-0.09523648023605347,-0.026048755273222923,25.2760631726429,50.16449530096847,199.19622104698624,212.98035466158632,-0.9523648023605347,-0.26048755645751953,-0.04539780531738594,-0.008497105267503156,-0.04539780531738592,-0.008497105267503142,0.0277099609375,0.0,-0.387939453125,-0.11368700144667625,0.00038189842572608663,-5.0142514569318127e-05,6354.353569361013,False,True,True,Omega_safe_one_step_QP,False,0.3602294921875,0.0,4.618616162404379,False,False,False,-0.6039788210771939,5.2332183661835516e-05,0.00028790374736462494,0.0022279853747202345,0.2408837287003187,3.072045552158994e-05,0.0025154046937936802,0.0,0.0,0.0,0.0,2.1543195328735523e-06,20.0,0.0,-20.847668012538204,20.0,20.0,0.0,0.0,0.0,0.0,0.0,False,-34.169076723004764,0.5348509916287052,-0.127594561969094,0.08529303489977572
850,-19.030923660086955,-4531.255980425087,10.221897606902651,6.403648616589468,38.113434729513244,21.058568168617917,0.1,0.0,0.0,25.35575546659595,50.20190356675845,198.82261357046016,212.8073529271672,0.0,0.0,0.0,0.0,1.249000902703301e-16,3.469446951953614e-17,0.26014284641297625,-0.05033574002966734,nan,nan,0.0005173372158320108,-0.00012271407734166248,6343.83560248671,True,True,True,Z_mode_existing_controller,False,0.05060201485354432,0.0,0.0,False,False,False,-0.5513889867056787,1.6542235939957156e-05,9.100655435436497e-05,0.00043139606331767826,0.04664137092535887,2.014914937740037e-05,0.0016498213994334606,0.0,0.0,0.0,0.0,4.588528092502589e-34,0.0,0.0,-0.5997711855848255,0.0,0.0,0.0,0.0,0.0,0.0,0.0,False,0.1,-0.09493258595466614,-0.003926303703337908,25.285564337305082,50.16428095227147,197.72637461876286,213.5596201395384,-0.9493258595466614,-0.0392630361020565,-0.04369602591684915,0.0010467553984045662,-0.043696025916849096,0.0010467553984046668,0.0277099609375,0.0,-0.387939453125,-0.017190786675748516,0.0005177536438600635,-0.00012284020335879805,6324.804678826623,False,True,True,Omega_safe_one_step_QP,False,0.3602294921875,0.0,4.370856183621264,False,False,False,-0.4562343684052439,4.285938918942909e-05,0.00023578948734742582,0.00021604485225610196,0.02335818276387659,3.3554849394704865e-05,0.002747486136970286,0.0,0.0,0.0,0.0,9.398132953835374e-07,0.0,0.0,-0.4825767666067336,0.0,0.0,0.0,0.0,0.0,0.0,0.0,False,-19.030923660086955,0.29999080765313424,-0.05666356244653758,0.08555018210006464
851,15.735584163515341,-4515.5203962615715,9.282120481219058,5.6615426553877235,44.58424061077134,26.212481644126107,0.1,0.0,0.0,25.366595712814995,50.200120554108146,196.70446893004737,212.24769414225415,0.0,0.0,0.0,0.0,5.898059818321144e-17,9.71445146547012e-17,0.26014284641297625,-0.05033574002966734,nan,nan,0.001192530095294055,4.244316109941427e-05,6193.86206557046,True,True,True,Z_mode_existing_controller,False,0.05060201485354432,0.0,0.0,False,False,False,0.19847869787557101,1.4638282192367377e-05,8.053201688269867e-05,0.0004486536717709444,0.04850721668890877,3.1321795553034054e-05,0.002564642685613089,0.0,0.0,0.0,0.0,8.245387574407854e-35,0.0,0.0,0.14732630648416642,0.0,0.0,0.0,0.0,0.0,0.0,0.0,False,0.1,-0.09512940794229507,-0.0005088710458949208,25.295881426809075,50.162358485530234,197.08004502612872,212.77333852259162,-0.9512940645217896,-0.005088710226118565,-0.032305489462746986,-0.0017739256684451074,-0.03230548946274696,-0.001773925668445149,0.23243288547547625,-0.05033574002966734,-0.32560894130464346,-0.053320845626234986,0.0011887545023198881,4.2362044818452984e-05,6209.597649733975,True,True,True,Z_mode_existing_controller,False,0.07831197579104432,0.0,3.235415679174505,False,False,False,0.11980077705799431,2.8264206438372624e-05,0.00015549458059074283,4.17741942314621e-05,0.004516512443978453,6.182387811484438e-05,0.005062166903394907,0.0,0.0,0.0,0.0,1.377005623931147e-06,0.0,0.0,0.11006522612440628,0.0,0.0,0.0,0.0,0.0,0.0,0.0,False,15.735584163515341,-0.2540512526261122,-0.025173452643613224,0.085153515330815
852,9.073476824306454,-4506.446919437265,10.786950365211858,5.217659534383524,36.61660622624283,28.190190243422713,0.1,0.0,0.0,25.38581732976719,50.201316519405914,192.89899167630696,211.4989303658167,0.0,0.0,0.0,0.0,-9.367506770274758e-17,-2.7755575615628914e-17,0.26014284641297625,-0.05033574002966734,nan,nan,-0.0007808824313120432,9.292533010438935e-05,6258.608618548133,True,True,True,Z_mode_existing_controller,False,0.05060201485354432,0.0,0.0,False,False,False,-0.1252540670127928,1.6576557703939273e-05,9.119537438393735e-05,0.0014481657128735622,0.15657174443379915,5.6064719290486064e-05,0.004590604392581446,0.0,0.0,0.0,0.0,3.8903784876622165e-34,0.0,0.0,-0.28650761121355733,0.0,0.0,0.0,0.0,0.0,0.0,0.0,False,0.1,-0.09273546189069748,-0.0006986787775531411,25.315711079731877,50.163657533956645,192.98520696815825,211.95599511516932,-0.927354633808136,-0.0069867875427007675,-0.031517677430572405,-0.001842351393664371,-0.031517677430572266,-0.0018423513936643224,0.23243288547547625,-0.05033574002966734,-0.32560894130464346,-0.05454008617092883,-0.0007771630808326296,9.298918688749802e-05,6267.682095372439,True,True,True,Z_mode_existing_controller,False,0.07831197579104432,0.0,3.157147841447001,False,False,False,-0.17062145113432506,3.796651686684524e-05,0.00020887151491670808,0.0016767698721003314,0.18128780536299635,6.680502456566952e-05,0.0054700254116801655,0.0,0.0,0.0,0.0,6.253298779109884e-09,0.0,0.0,-0.3575881596772171,0.0,0.0,0.0,0.0,0.0,0.0,0.0,False,9.073476824306454,-0.1449759423750532,0.000219066156590246,0.08488222612834832
853,-0.33612099852507527,-4506.78304043579,9.3064372552318,4.358708581177842,38.62374665138782,25.608851253804296,0.1,0.0,0.0,25.37228686273903,50.20292840305774,195.5452888870642,212.1520836476456,0.0,0.0,0.0,0.0,1.734723475976807e-18,1.1102230246251565e-16,0.26014284641297625,-0.05033574002966734,nan,nan,0.00035494531046007026,3.891612894036528e-06,6170.251850456164,True,True,True,Z_mode_existing_controller,False,0.05060201485354432,0.0,0.0,False,False,False,0.3165297734470505,1.5917378072503185e-05,8.756891982390563e-05,0.0007002888927661547,0.07571333347648701,4.26609209563871e-05,0.003493095365719482,0.0,0.0,0.0,0.0,2.8362327696640153e-34,0.0,0.0,0.2372357756850201,0.0,0.0,0.0,0.0,0.0,0.0,0.0,False,0.1,-0.0944889634847641,-0.000867096649017185,25.302664351604033,50.1653308718653,195.2427600122787,212.54107035367048,-0.9448896050453186,-0.008670966140925884,-0.03213758444174469,-0.001963799644495695,-0.03213758444174463,-0.0019637996444957367,0.23243288547547625,-0.05033574002966734,-0.32560894130464346,-0.05545672114922945,0.00035241564354334624,3.87009014494533e-06,6169.915729457639,True,True,True,Z_mode_existing_controller,False,0.07831197579104432,0.0,3.21975285199654,False,False,False,0.31821037843967587,3.368735951593974e-05,0.0001853298747503141,0.0005096545747017475,0.055102468668021584,3.4231303470719126e-05,0.0028028745004906874,0.0,0.0,0.0,0.0,3.990343801306642e-09,0.0,0.0,0.26011970140606944,0.0,0.0,0.0,0.0,0.0,0.0,0.0,False,-0.33612099852507527,0.0054474437457561154,0.023823837814607063,0.084790013234209
854,-6.284273190317435,-4513.0673136261075,9.221802001972051,4.508267899877282,43.647032250328216,25.88820230961037,0.1,0.0,0.0,25.377977731643625,50.20316649046042,194.4185025639661,211.92037607667626,0.0,0.0,0.0,0.0,9.540979117872439e-17,-1.3877787807814457e-17,0.26014284641297625,-0.05033574002966734,nan,nan,0.0006420849980262355,2.8788201260301037e-05,6133.608998596931,True,True,True,Z_mode_existing_controller,False,0.05060201485354432,0.0,0.0,False,False,False,0.49974403274321505,1.553375097403478e-05,8.545840825126856e-05,0.00012696474179209723,0.013727083114355691,5.368839844451561e-06,0.00043960301745750435,0.0,0.0,0.0,0.0,2.4375050858650954e-34,0.0,0.0,0.48549188820315065,0.0,0.0,0.0,0.0,0.0,0.0,0.0,False,0.1,-0.0945005714893341,-0.000857554201502353,25.30842857855244,50.16556838603009,193.86358099369738,212.26704088677178,-0.9450057148933411,-0.008575541898608208,-0.03216594196801234,-0.0019586563688025055,-0.03216594196801234,-0.0019586563688025263,0.23243288547547625,-0.05033574002966734,-0.32560894130464346,-0.05539974234867292,0.0006393003451478519,2.87943706797863e-05,6127.324725406614,True,True,True,Z_mode_existing_controller,False,0.07831197579104432,0.0,3.2225520282232565,False,False,False,0.5311653986948022,2.7673113807405548e-05,0.00015224270437256884,0.0001902134765294909,0.020565364564490377,7.509214872878364e-06,0.0006148578859668537,0.0,0.0,0.0,0.0,8.306025808802124e-12,0.0,0.0,0.5098329335316664,0.0,0.0,0.0,0.0,0.0,0.0,0.0,False,-6.284273190317435,0.1024563709841134,0.04429210477234886,0.08481037616506049
855,-11.592340784030966,-4524.6596544101385,11.27929955908148,4.090362915041276,44.09917128342653,21.045210569501705,0.1,0.0,0.0,25.38704309792371,50.2037271033298,192.62268190319597,211.564318812019,0.0,0.0,0.0,0.0,-1.0408340855860843e-17,-1.0408340855860843e-16,0.26014284641297625,-0.05033574002966734,nan,nan,-0.0017793920263179945,-8.375160124310865e-05,6301.1932282647285,True,True,True,Z_mode_existing_controller,False,0.05060201485354432,0.0,0.0,False,False,False,-0.3381771155957722,1.9195365900095062e-05,0.00010560265954854043,0.0003224971845648825,0.034867519865608855,1.267767757152148e-05,0.0010380539327418655,0.0,0.0,0.0,0.0,1.9334531082324985e-34,0.0,0.0,-0.3741882920536715,0.0,0.0,0.0,0.0,0.0,0.0,0.0,False,0.1,-0.09458447247743607,-0.0006235511391423643,25.317358843379086,50.166089884593376,191.85876351214966,211.88849418029105,-0.9458447098731995,-0.006235511042177677,-0.032218491852562814,-0.0018293869628073292,-0.03221849185256276,-0.0018293869628072945,0.23243288547547625,-0.05033574002966734,-0.32560894130464346,-0.0540146484980826,-0.0017750443034097573,-8.386678460910765e-05,6289.600887480698,True,True,True,Z_mode_existing_controller,False,0.07831197579104432,0.0,3.227038695016441,False,False,False,-0.28021541167561737,4.967280518153721e-05,0.0002732732661470585,0.0004019293134319335,0.04345550594361535,1.4329760898741061e-05,0.0011733272574784037,0.0,0.0,0.0,0.0,1.9472069692622328e-10,0.0,0.0,-0.3251175183375789,0.0,0.0,0.0,0.0,0.0,0.0,0.0,False,-11.592340784030966,0.18397056500397713,0.06674387257718482,0.08492765600469648
856,-15.525776991146813,-4540.185431401285,8.81257624449828,5.932420456470172,34.87739334056175,24.571959919077457,0.1,0.0,0.0,25.35829941797255,50.201756821503785,198.3102247087735,212.66107776749848,0.0,0.0,0.0,0.0,1.1102230246251565e-16,9.020562075079397e-17,0.26014284641297625,-0.05033574002966734,nan,nan,0.001567524748882065,-4.7006276513270225e-05,6184.883530030131,True,True,True,Z_mode_existing_controller,False,0.05060201485354432,0.0,0.0,False,False,False,0.2433713755772169,1.473202220428697e-05,8.104772440379219e-05,0.0032348143165276625,0.34973933988063155,0.00012028802064244553,0.009849237148144308,0.0,0.0,0.0,0.0,5.24936280467046e-34,0.0,0.0,-0.11629824917596276,0.0,0.0,0.0,0.0,0.0,0.0,0.0,False,0.1,-0.0945320650935173,-0.0015940131852403283,25.28841838720327,50.1640454346732,197.3583877336163,212.89713726802228,-0.9453206062316895,-0.01594013161957264,-0.03222422494029921,-0.002370124550697378,-0.03222422494029924,-0.002370124550697239,0.23243288547547625,-0.05033574002966734,-0.32560894130464346,-0.059745521027502656,0.001563773642902673,-4.6932705065912735e-05,6169.357753038984,True,True,True,Z_mode_existing_controller,False,0.07831197579104432,0.0,3.231126991297037,False,False,False,0.32100026053295094,2.9315923864292217e-05,0.00016128056861768137,0.0030245866577342465,0.3270100962775602,0.0001017360878427989,0.00833019655936202,0.0,0.0,0.0,0.0,2.9243000725202965e-09,0.0,0.0,-0.014501315796889076,0.0,0.0,0.0,0.0,0.0,0.0,0.0,False,-15.525776991146813,0.25102779891913624,0.08499036685518824,0.0851202580401509
857,-17.672183214946926,-4557.857614616232,10.624356435574784,5.070443543094101,37.41803107098124,25.711243461596425,0.1,0.0,0.0,25.384469348980065,50.201409620048906,193.1531338205393,211.53491094859478,0.0,0.0,0.0,0.0,-3.122502256758253e-17,-6.245004513516506e-17,0.26014284641297625,-0.05033574002966734,nan,nan,-0.0006771625207206337,1.9666003828969908e-05,6248.167742682968,True,True,True,Z_mode_existing_controller,False,0.05060201485354432,0.0,0.0,False,False,False,-0.07304968768697108,1.5996898982486554e-05,8.80064014341896e-05,0.002659558642950815,0.287544258539667,0.00012682517039996747,0.010384501905938886,0.0,0.0,0.0,0.0,4.353805380530395e-34,0.0,0.0,-0.3710664545340111,0.0,0.0,0.0,0.0,0.0,0.0,0.0,False,0.1,-0.09276995062828064,-0.0007396585424430668,25.3141187862497,50.16360050130353,192.13024913366723,211.79825848670984,-0.9276995062828064,-0.0073965853080153465,-0.03164624879674394,-0.0018657599927473373,-0.03164624879674407,-0.001865759992747365,0.23243288547547625,-0.05033574002966734,-0.32560894130464346,-0.05478502992820719,-0.0006746054940523407,1.9603388392924357e-05,6230.495559468021,True,True,True,Z_mode_existing_controller,False,0.07831197579104432,0.0,3.170120065953292,False,False,False,0.015311228387763548,3.8216851626544555e-05,0.00021024872317308008,0.002733343322027734,0.2955216576818119,0.00012075345760187047,0.00988734733539657,0.0,0.0,0.0,0.0,5.884400298348767e-09,0.0,0.0,-0.2903080312370183,0.0,0.0,0.0,0.0,0.0,0.0,0.0,False,-17.672183214946926,0.28283784851394655,0.0978565734341908,0.08535159705804851
858,-22.25283379200755,-4580.11044840824,12.621912941687585,4.746066756589387,35.29892068471791,20.739686499706085,0.1,0.0,0.0,25.37270477727062,50.20159622899683,195.468079908219,212.03535223812577,0.0,0.0,0.0,0.0,-1.6479873021779667e-17,-7.632783294297951e-17,0.26014284641297625,-0.05033574002966734,nan,nan,-0.0030428822760710543,-0.00011369807722696589,6512.102384920934,True,True,True,Z_mode_existing_controller,False,0.05060201485354432,0.0,0.0,False,False,False,-1.3927228988768001,3.1300413389287e-05,0.00017219817095860007,0.0005358975388863618,0.0579397866938334,2.5044148426743284e-05,0.0020506261197989974,0.0,0.0,0.0,0.0,4.100124295668139e-36,20.0,0.0,-21.452885509861392,20.0,20.0,0.0,0.0,0.0,0.0,0.0,False,0.1,-0.09379725903272629,-0.0012731255264952779,25.3019236805198,50.16367479369291,194.28446009524993,212.2440597083972,-0.9379725456237793,-0.012731255032122135,-0.03201832727992883,-0.002179546992824556,-0.03201832727992876,-0.002179546992824556,0.23243288547547625,-0.05033574002966734,-0.32560894130464346,-0.0579101329474598,-0.0030344948833731736,-0.00011400555380556947,6489.849551128927,True,True,True,Z_mode_existing_controller,False,0.07831197579104432,0.0,3.2092424447189303,False,False,False,-1.2814587299167624,8.298095671816527e-05,0.0004565169409600667,0.00046406248670030257,0.050173175916986286,1.9873872925794383e-05,0.0016272816399571098,0.0,0.0,0.0,0.0,2.369046790664639e-09,20.0,0.0,-21.333715706783714,20.0,20.0,0.0,0.0,0.0,0.0,0.0,False,-22.25283379200755,0.341715048024045,0.0865029849042429,0.08566384453612547
859,-62.20128451673099,-4642.311732924971,9.434310058390693,3.3340609901483225,43.37703231828884,24.674721593770393,0.1,0.0,0.0,25.327368507179514,50.19947462350408,204.42842885507807,213.82243747261595,0.0,0.0,0.0,0.0,-1.3877787807814457e-17,-3.469446951953614e-18,0.055419921875,0.0,nan,nan,-0.00021119172538554797,-6.195453915935293e-06,6395.533269887958,False,True,True,Omega_safe_one_step_QP,False,0.33251953125,0.0,0.0,False,False,False,-0.8098773237119212,2.9391868973146766e-05,0.00016169837807838584,0.00802878532494782,0.8680504674545638,0.0003193673635332813,0.02614994314493653,0.0,0.0,0.0,0.0,5.315115256678056e-35,20.0,0.0,-21.7042394326895,20.0,20.0,0.0,0.0,0.0,0.0,0.0,False,0.1,-0.09574391692876816,-0.028523927554488182,25.256115989747165,50.16141213619919,201.517923199014,213.2364993870919,-0.957439124584198,-0.2852392792701721,-0.04812355536285158,-0.009892320669861895,-0.04812355536285161,-0.009892320669861825,0.0277099609375,0.0,-0.387939453125,-0.12382983854321354,-0.00021297310999416827,-5.985468928258004e-06,6333.331985371227,False,True,True,Omega_safe_one_step_QP,False,0.3602294921875,0.0,4.912977293858404,False,False,False,-0.49887090112826626,8.018402335115265e-05,0.00044112970616215524,0.005232298847351628,0.565701943255666,9.849365158476282e-05,0.008064704422467801,0.0,0.0,0.0,0.0,3.1886524939616577e-06,20.0,0.0,-21.073081867165055,20.0,20.0,0.0,0.0,0.0,0.0,0.0,False,-62.20128451673099,0.9725738557188474,0.10070031237291223,0.08672348551166219
860,-45.74521974772688,-4688.056952672698,10.84037778384297,3.2035133492746413,39.00771952658177,24.23949108082953,0.1,0.0,0.0,25.331924733409004,50.200899745914874,203.5113613745391,213.70378367351051,0.0,0.0,0.0,0.0,5.551115123125783e-17,3.122502256758253e-17,0.055419921875,0.0,nan,nan,-0.001971143372312821,-1.4112314119342668e-05,6524.35279694431,False,True,True,Omega_safe_one_step_QP,False,0.33251953125,0.0,0.0,False,False,False,-1.453974958993681,4.376121443259788e-05,0.00024075084857504183,8.410127638621036e-05,0.009092801628875265,1.407872404215194e-06,0.0001152772246927349,0.0,0.0,0.0,0.0,6.018531076210112e-35,20.0,0.0,-21.463423788695824,20.0,20.0,0.0,0.0,0.0,0.0,0.0,False,0.1,-0.09480869024991989,-0.026640882715582848,25.25865186635243,50.162453925266696,201.334387581582,213.30564715516113,-0.9480868577957153,-0.2664088308811188,-0.047412016656858194,-0.0091212708232732,-0.047412016656858166,-0.009121270823273284,0.0277099609375,0.0,-0.387939453125,-0.11679591039228761,-0.0019699544982247318,-1.4290246924654687e-05,6478.607577196583,False,True,True,Omega_safe_one_step_QP,False,0.3602294921875,0.0,4.828143437079821,False,False,False,-1.2252488602550466,0.00011089608436106462,0.0006100910763045017,3.368532286614537e-06,0.00036419656370006916,4.781413828955848e-07,3.915043115123406e-05,0.0,0.0,0.0,0.0,1.1008051960510353e-08,20.0,0.1183408558719208,-21.344603165206173,20.11834085587192,20.11834085587192,0.0,0.0,0.0,0.0,0.0,False,-45.74521974772688,0.7011457101024904,0.12777476787640163,0.08747144447795888
861,-47.46576932415519,-4735.522721996853,11.343013511548842,4.66953720854043,40.93816884239882,25.90708414551395,0.1,0.0,0.0,25.30931901735736,50.20202065855228,207.95251410020174,214.71207515682602,0.0,0.0,0.0,0.0,-1.1102230246251565e-16,-1.1102230246251565e-16,0.055419921875,0.0,nan,nan,-0.001554800906261965,5.2464895896102426e-05,6686.236975201234,False,True,True,Omega_safe_one_step_QP,False,0.33251953125,0.0,0.0,False,False,False,-2.263395850278298,5.4811927646944415e-05,0.0003015459754518582,0.0019723837532660757,0.21324877546573723,0.00010166517153265772,0.008324389900041156,0.0,0.0,0.0,0.0,4.7967692677394595e-34,20.0,1.2641518318504463,-23.749422393469978,21.264151831850448,21.264151831850448,0.0,0.0,0.0,0.0,0.0,False,0.1,-0.09679746627807617,-0.033234793692827225,25.234672462868925,50.163296508457826,205.72355230572376,214.02613391768313,-0.9679746627807617,-0.33234792947769165,-0.05321708139670567,-0.012882577441554553,-0.053217081396705695,-0.012882577441554674,0.0277099609375,0.0,-0.387939453125,-0.14271057968839074,-0.001553273950300459,5.213963494162281e-05,6638.7712058770785,False,True,True,Omega_safe_one_step_QP,False,0.3602294921875,0.0,5.475416471759242,False,False,False,-2.026067003657522,0.00013180904088296597,0.0007251430028595896,0.0019264766975650327,0.2082854292623049,5.191011749694334e-05,0.004250423732012252,0.0,0.0,0.0,0.0,4.784620411054845e-07,20.0,11.474015804512096,-33.71334428262884,31.474015804512096,31.474015804512096,0.0,0.0,0.0,0.0,0.0,False,-47.46576932415519,0.7099025879609453,0.18244281559117692,0.08824698596644086
862,-40.27468088533533,-4775.797402882188,9.494120915032074,6.358269243786575,38.857781753989514,22.176527013982955,0.1,0.0,0.0,25.296628280096577,50.20515990289237,210.41530515712225,215.41386805714362,0.0,0.0,0.0,0.0,0.0,3.2959746043559335e-17,0.055419921875,0.0,nan,nan,0.001200929827917657,-9.74312863015964e-05,6544.821499146875,False,True,True,Omega_safe_one_step_QP,False,0.33251953125,0.0,0.0,False,False,False,-1.556318470006504,3.374320392163616e-05,0.00018563710086901081,0.0006065339790047636,0.0655768067887135,4.925132749361879e-05,0.004032720812552803,0.0,0.0,0.0,0.0,3.3056781936084043e-34,20.0,0.0,-21.626113634708638,20.0,20.0,0.0,0.0,0.0,0.0,0.0,False,0.1,-0.09699133783578873,-0.02209937945008278,25.220576556228885,50.166155119015265,208.4151491312502,215.2029192427309,-0.9699133634567261,-0.2209937870502472,-0.05622613560536319,-0.009018922226128205,-0.05622613560536316,-0.009018922226128292,0.0277099609375,0.0,-0.387939453125,-0.09470530383984846,0.0011977756151559157,-9.730781309400189e-05,6504.54681826154,False,True,True,Omega_safe_one_step_QP,False,0.3602294921875,0.0,5.6944879341637265,False,False,False,-1.3549450655798274,9.144434731744375e-05,0.0005030779995371005,0.0007244693471183966,0.07832765853989425,0.0001384823701247796,0.011338998654324509,0.0,0.0,0.0,0.0,2.398223885433068e-07,20.0,0.0,-21.445115040595972,20.0,20.0,0.0,0.0,0.0,0.0,0.0,False,-40.27468088533533,0.6153671401211657,0.22404746759981706,0.08888909684296904
863,-13.364723110281375,-4789.16212599247,12.38165903282334,3.2815789659592913,32.97289454509966,25.860361686858415,0.1,0.0,0.0,25.327301121060476,50.20567571808276,204.36037182808818,214.14556662502324,0.0,0.0,0.0,0.0,-9.71445146547012e-17,1.3183898417423734e-16,0.055419921875,0.0,nan,nan,-0.003843721444693415,2.938921121005411e-05,6711.194027076775,False,True,True,Omega_safe_one_step_QP,False,0.33251953125,0.0,0.0,False,False,False,-2.3881811096560024,7.358942384496243e-05,0.00040484973889632,0.0036662217619047623,0.3963819414033475,0.00016085885227186102,0.013171195061171474,0.0,0.0,0.0,0.0,1.9214160460800783e-34,20.0,24.224001838798237,-47.022140934657656,44.22400183879824,44.22400183879824,0.0,0.0,0.0,0.0,0.0,False,0.1,-0.09469841420650482,-0.021497642621397972,25.249964989875213,50.16642300135648,203.5197047052102,214.15580291065598,-0.9469841122627258,-0.21497642993927002,-0.04963703619540136,-0.007651671870753444,-0.0496370361954013,-0.007651671870753569,0.0277099609375,0.0,-0.387939453125,-0.09435725649876106,-0.0038357855525385075,2.9257657560303064e-05,6697.829303966493,False,True,True,Omega_safe_one_step_QP,False,0.3602294921875,0.0,5.022333565864831,False,False,False,-2.3213574941045954,0.00016553012981883715,0.0009106584388786145,0.0023965376128446112,0.2591071389887647,0.00010964526128980368,0.008977803232988404,0.0,0.0,0.0,0.0,4.5285604568632e-07,20.0,64.02937794429965,-86.61973149192093,84.02937794429965,84.02937794429965,0.0,0.0,0.0,0.0,0.0,False,-13.364723110281375,0.19914076476347545,0.23629133025743274,0.08902664203581485
864,-32.48326173546138,-4821.645387727931,8.348933356686324,5.758021657758119,41.89728137941228,27.801360769546122,0.1,0.0,0.0,25.27729486338799,50.20778671440794,214.19155477544396,216.36201877604702,0.0,0.0,0.0,0.0,-5.551115123125783e-17,-1.1763593571467723e-16,0.055419921875,0.0,nan,nan,0.0020643801523788086,6.32396073562743e-05,6507.703965220684,False,True,True,Omega_safe_one_step_QP,False,0.33251953125,0.0,0.0,False,False,False,-1.3707308003755498,3.830369952282086e-05,0.00021072651395189136,0.009665215814437918,1.0449768883098893,0.0004912660137777974,0.040225081821769385,0.0,0.0,0.0,0.0,6.3971072603528855e-34,20.0,0.0,-22.45614349702116,20.0,20.0,0.0,0.0,0.0,0.0,0.0,False,0.1,-0.09761589020490646,-0.01849527843296528,25.199784786918233,50.168460366036115,212.48623531759708,216.32653509945615,-0.9761589169502258,-0.1849527806043625,-0.06103127527749483,-0.00857311639452545,-0.06103127527749472,-0.008573116394525548,0.0277099609375,0.0,-0.387939453125,-0.07875307624043378,0.0020568489801608726,6.351722090019432e-05,6475.220703485223,False,True,True,Omega_safe_one_step_QP,False,0.3602294921875,0.0,6.1630470440452,False,False,False,-1.208314491698243,9.856111888644331e-05,0.0005422306788346632,0.008039867122287122,0.8692486012906656,0.000471207823549319,0.038582708198296824,0.0,0.0,0.0,0.0,1.3067774427029438e-06,20.0,0.0,-22.116689338643482,20.0,20.0,0.0,0.0,0.0,0.0,0.0,False,-32.48326173546138,0.49915088192491003,0.25865614266423637,0.08952218192487438
865,1.4327386630529872,-4820.212649064878,8.586596032264733,6.86047943212562,36.550481387255,23.46367877974639,0.1,0.0,0.0,25.32403495058494,50.21209580572428,204.92453364652104,214.62576903654764,0.0,0.0,0.0,0.0,5.551115123125783e-17,1.3877787807814457e-17,0.055419921875,0.0,nan,nan,0.0022600717015850286,-7.916445541928611e-05,6316.138493417379,False,True,True,Omega_safe_one_step_QP,False,0.33251953125,0.0,0.0,False,False,False,-0.4129034413590261,2.152209178027378e-05,0.00011840306368077289,0.008587768060390383,0.9284861629130297,0.00030145631579116825,0.024683378512468403,0.0,0.0,0.0,0.0,2.9621811118828694e-34,0.0,0.0,-1.366191385848205,0.0,0.0,0.0,0.0,0.0,0.0,0.0,False,0.1,-0.09512339532375336,-0.010213206522166729,25.245419560355295,50.17256746267203,204.66840825401383,215.1722906101063,-0.9512339234352112,-0.10213205963373184,-0.051090763182932486,-0.003530432555773554,-0.051090763182932555,-0.0035304325557734516,0.0277099609375,0.0,-0.387939453125,-0.044627436732989,0.002252705577315369,-7.922869858999074e-05,6317.571232080432,False,True,True,Omega_safe_one_step_QP,False,0.3602294921875,0.0,5.121259646459422,False,False,False,-0.4200671346742911,5.236175964136143e-05,0.0002880664586207138,0.006111841999609473,0.6607957605098775,0.00013322803411944955,0.010908771262634705,0.0,0.0,0.0,0.0,1.2424244099974822e-06,0.0,0.0,-1.0920609753298343,0.0,0.0,0.0,0.0,0.0,0.0,0.0,False,1.4327386630529872,-0.022683775293182284,0.25487455004891657,0.08939075209298573
866,50.30997906417997,-4769.902670000698,8.419896537589084,4.093039717948423,37.034219419302865,25.669874192639345,0.1,0.0,0.0,25.36603321772105,50.21210722891553,196.6428697730538,212.852875763197,0.0,0.0,0.0,0.0,6.245004513516506e-17,1.3877787807814457e-16,0.26014284641297625,-0.05033574002966734,nan,nan,0.0011485318338817635,-1.1514672097033204e-05,6104.337807890364,True,True,True,Z_mode_existing_controller,False,0.05060201485354432,0.0,0.0,False,False,False,0.6460999862760491,1.9137504437129715e-05,0.00010528433665715549,0.006858595651309237,0.7415327375488787,0.00031431505586919215,0.025736257924552728,0.0,0.0,0.0,0.0,1.5648180798146291e-34,0.0,0.0,-0.12127429353403943,0.0,0.0,0.0,0.0,0.0,0.0,0.0,False,0.1,-0.09467262774705887,-0.0012139957398176193,25.287492960970386,50.17258529873232,198.49471586828298,213.5750782294069,-0.9467262625694275,-0.012139957398176193,-0.03216432421204297,-0.0021602604690135405,-0.0321643242120429,-0.002160260469013669,0.23243288547547625,-0.05033574002966734,-0.32560894130464346,-0.05749156126831627,0.0011384708551234225,-1.2007685285517645e-05,6154.647786954544,True,True,True,Z_mode_existing_controller,False,0.07831197579104432,0.0,3.223678763945627,False,False,False,0.39455009095514926,3.5854504975379924e-05,0.00019725235256795723,0.0038114477673631014,0.4120833827574903,0.00025510873890594564,0.02088841810372318,0.0,0.0,0.0,0.0,3.600874636661464e-06,0.0,0.0,-0.03862256313326886,0.0,0.0,0.0,0.0,0.0,0.0,0.0,False,50.30997906417997,-0.8241676762899678,0.21967523144661566,0.0883577292699409
867,38.9896214999344,-4730.913048500764,10.552437688832406,6.855851550200755,38.590734918378004,23.99406557564687,0.1,0.0,0.0,25.384508898118206,50.21218599580185,192.99760065656932,212.07411995564647,0.0,0.0,0.0,0.0,3.469446951953614e-17,-1.3877787807814457e-17,0.26014284641297625,-0.05033574002966734,nan,nan,0.00047399467061274317,-2.8370120483783325e-05,6235.520045814579,True,True,True,Z_mode_existing_controller,False,0.05060201485354432,0.0,0.0,False,False,False,-0.009811203345025206,1.864593392943713e-05,0.00010257997805111787,0.0013287986931595577,0.14366610639918484,6.0646060779369176e-05,0.004965726691041814,0.0,0.0,0.0,0.0,2.407412430484045e-34,0.0,0.0,-0.15854561641330298,0.0,0.0,0.0,0.0,0.0,0.0,0.0,False,0.1,-0.09315619617700577,-0.0007613623747602105,25.307710096475034,50.17299324762343,194.308492039828,212.7276062216615,-0.9315619468688965,-0.0076136235147714615,-0.03167397058439108,-0.0018839211692398272,-0.03167397058439099,-0.001883921169239848,0.23243288547547625,-0.05033574002966734,-0.32560894130464346,-0.05489659661129011,0.0004772309906719138,-2.8290575190142737e-05,6274.5096673145135,True,True,True,Z_mode_existing_controller,False,0.07831197579104432,0.0,3.172994755042579,False,False,False,-0.2047593108446972,3.0924542929877404e-05,0.0001701303322747233,0.0017524469941924308,0.1894698103050814,7.182088039120354e-05,0.005880725939153583,0.0,0.0,0.0,0.0,3.168100887508722e-09,0.0,0.0,-0.4002799805893078,0.0,0.0,0.0,0.0,0.0,0.0,0.0,False,38.9896214999344,-0.6252825941295003,0.19473888438579887,0.08753437690044366
868,26.224446977996195,-4704.688601522767,10.374861721533993,5.591304691935628,36.37905212515175,26.567924270642067,0.1,0.0,0.0,25.38985144158846,50.21136164853063,191.95199327190983,211.79868795342554,0.0,0.0,0.0,0.0,-7.28583859910259e-17,-1.1102230246251565e-16,0.26014284641297625,-0.05033574002966734,nan,nan,-0.0001459450994962699,3.805975762147685e-05,6192.88382887263,True,True,True,Z_mode_existing_controller,False,0.05060201485354432,0.0,0.0,False,False,False,0.20336988136471973,1.890440850980287e-05,0.00010400196725696988,0.00010932948028544597,0.011820406528177122,7.5862787847427215e-06,0.000621167913677526,0.0,0.0,0.0,0.0,2.100467345597329e-34,0.0,0.0,0.19082430495560812,0.0,0.0,0.0,0.0,0.0,0.0,0.0,False,0.1,-0.09293966740369797,-0.00019606102432589978,25.314548519696068,50.17242425594412,192.73914678930575,212.39613513585047,-0.9293966889381409,-0.0019606102723628283,-0.0316239232602132,-0.0015650680118379362,-0.031623923260213065,-0.0015650680118379431,0.23243288547547625,-0.05033574002966734,-0.32560894130464346,-0.051512958059725125,-0.0001434659787149222,3.8114469638090686e-05,6219.108275850626,True,True,True,Z_mode_existing_controller,False,0.07831197579104432,0.0,3.1662627184893086,False,False,False,0.07224764647473876,3.363528899917965e-05,0.00018504341055460395,0.00024628445153367334,0.026627606123219568,1.0987308072873491e-05,0.0008996457190955348,0.0,0.0,0.0,0.0,1.0417207064253426e-09,0.0,0.0,0.04453535018014834,0.0,0.0,0.0,0.0,0.0,0.0,0.0,False,26.224446977996195,-0.4234609868787118,0.17851588057945095,0.08694952457432684
869,15.045347165832936,-4689.643254356934,10.40020943348068,6.002162494729797,39.81094039094476,25.317766824759254,0.1,0.0,0.0,25.38503258229928,50.211705803225925,192.89583286604523,212.0153586379972,0.0,0.0,0.0,0.0,9.71445146547012e-17,0.0,0.26014284641297625,-0.05033574002966734,nan,nan,0.00015708415119899228,1.4298437402453061e-05,6217.528303792618,True,True,True,Z_mode_existing_controller,False,0.05060201485354432,0.0,0.0,False,False,False,0.08014750676477889,1.8889579348114714e-05,0.00010392038512296447,8.908331794576718e-05,0.009631446433739253,4.694618555274887e-06,0.0003843974755260461,0.0,0.0,0.0,0.0,4.122693787203927e-34,0.0,0.0,0.07002774247039062,0.0,0.0,0.0,0.0,0.0,0.0,0.0,False,0.1,-0.093666210770607,-0.0006598756881430745,25.310784160087017,50.172940532267866,193.22050690281694,212.51286308800996,-0.9366620779037476,-0.0065987566486001015,-0.03189435570965753,-0.001835275403144071,-0.03189435570965743,-0.0018352754031441473,0.23243288547547625,-0.05033574002966734,-0.32560894130464346,-0.054267128215754884,0.00015915423016865746,1.431751948569775e-05,6232.573650958451,True,True,True,Z_mode_existing_controller,False,0.07831197579104432,0.0,3.194711508007479,False,False,False,0.0049207709356142,3.284093280364446e-05,0.00018067328667606088,2.317075588795025e-05,0.002505159207248018,1.3625414815349003e-06,0.00011156550838683986,0.0,0.0,0.0,0.0,1.4614574402898302e-09,0.0,0.0,0.0021233714718458417,0.0,0.0,0.0,0.0,0.0,0.0,0.0,False,15.045347165832936,-0.24198276920839193,0.13993873500329823,0.08657198554402853
870,6.014581213084966,-4683.6286731438495,10.447154728463637,4.97841415445144,41.53546578822048,23.983513813801746,0.1,0.0,0.0,25.3855387953411,50.21172052691842,192.79377723161596,211.98970236042038,0.0,0.0,0.0,0.0,1.249000902703301e-16,2.7755575615628914e-17,0.26014284641297625,-0.05033574002966734,nan,nan,-0.00043602830315837897,-1.8292576374447783e-05,6219.969027618935,True,True,True,Z_mode_existing_controller,False,0.05060201485354432,0.0,0.0,False,False,False,0.06794388763319603,1.9262860914713477e-05,0.00010597398110016226,1.0415352518759352e-06,0.00011260796318117874,6.58244579098557e-08,5.389736173557436e-06,0.0,0.0,0.0,0.0,1.5407439555097887e-35,0.0,0.0,0.06771991595274113,0.0,0.0,0.0,0.0,0.0,0.0,0.0,False,0.1,-0.0940779373049736,-0.0005864840350113809,25.311960086059198,50.17305518518319,192.74393342452083,212.43003947810422,-0.9407793879508972,-0.005864840000867844,-0.03205781460082239,-0.001800768414474116,-0.03205781460082248,-0.0018007684144741229,0.23243288547547625,-0.05033574002966734,-0.32560894130464346,-0.05381458567244723,-0.00043397035923368934,-1.830502465255488e-05,6225.98360883202,True,True,True,Z_mode_existing_controller,False,0.07831197579104432,0.0,3.210835162170857,False,False,False,0.037870981567771196,3.8613898237855336e-05,0.00021243306174403417,2.2712228021524648e-05,0.0024555844194460693,6.859750357819003e-07,5.616794398176867e-05,0.0,0.0,0.0,0.0,2.7909541367980774e-10,0.0,0.0,0.03514679586350391,0.0,0.0,0.0,0.0,0.0,0.0,0.0,False,6.014581213084966,-0.09669792866134909,0.12030160894454463,0.086361792378952
871,-0.8244330453226212,-4684.453106189172,9.375521268992639,5.415599776614065,38.13985924998333,23.23911728612587,0.1,0.0,0.0,25.377063906903413,50.21106768603793,194.47008958644508,212.3054973495698,0.0,0.0,0.0,0.0,1.0755285551056204e-16,-2.7755575615628914e-17,0.26014284641297625,-0.05033574002966734,nan,nan,0.0008196553607464935,-6.814350158038454e-05,6151.094851873566,True,True,True,Z_mode_existing_controller,False,0.05060201485354432,0.0,0.0,False,False,False,0.41231476636004116,1.7932971825282185e-05,9.865764102727854e-05,0.0002810023110952756,0.03038120682391667,9.972647517188486e-06,0.0008165648571407484,0.0,0.0,0.0,0.0,3.382414464830083e-35,0.0,0.0,0.38101833703795646,0.0,0.0,0.0,0.0,0.0,0.0,0.0,False,0.1,-0.09367448091506958,-0.0012014019303023815,25.303848848611356,50.1724431817919,194.13665538033473,212.66155956778803,-0.9367448091506958,-0.012014019303023815,-0.031943281479285865,-0.0021375992268353045,-0.031943281479285886,-0.002137599226835235,0.23243288547547625,-0.05033574002966734,-0.32560894130464346,-0.05749278559142448,0.0008174844003566535,-6.818380722847361e-05,6150.270418828243,True,True,True,Z_mode_existing_controller,False,0.07831197579104432,0.0,3.2014724145609224,False,False,False,0.4164369315866543,2.98595520449388e-05,0.00016427132075966212,0.0001939674446206087,0.020971233400736224,5.36015519272004e-06,0.0004388919142736964,0.0,0.0,0.0,0.0,1.265728320847628e-09,0.0,0.0,0.39486253368515645,0.0,0.0,0.0,0.0,0.0,0.0,0.0,False,-0.8244330453226212,0.013403029300897654,0.13342115910889782,0.08627913592345832
872,-5.746376224848063,-4690.19948241402,10.59335914755724,3.338632951749777,39.07640748314431,21.067359248674617,0.1,0.0,0.0,25.388812668384418,50.20967988247851,192.1682082437264,211.7293540022701,0.0,0.0,0.0,0.0,-1.0408340855860843e-17,9.020562075079397e-17,0.26014284641297625,-0.05033574002966734,nan,nan,-0.0016175089046050462,-0.00011362793165888702,6221.160678313795,True,True,True,Z_mode_existing_controller,False,0.05060201485354432,0.0,0.0,False,False,False,0.061985634158895665,2.0280296280976135e-05,0.00011157136752953727,0.000529865771595632,0.057287648393407595,3.3194115663770914e-05,0.0027179490970861194,0.0,0.0,0.0,0.0,2.782968769639556e-34,0.0,0.0,0.0018684653008724118,0.0,0.0,0.0,0.0,0.0,0.0,0.0,False,0.1,-0.09283684939146042,-0.00042078844853676856,25.315666807777205,50.17105264126251,191.63075772200074,212.09072676134446,-0.9283685088157654,-0.004207884427160025,-0.03167977160384696,-0.001688864937876143,-0.031679771603846905,-0.0016888649378761778,0.23243288547547625,-0.05033574002966734,-0.32560894130464346,-0.05286509724125568,-0.001614741332432789,-0.00011369555098812321,6215.414302088947,True,True,True,Z_mode_existing_controller,False,0.07831197579104432,0.0,3.1724756794186555,False,False,False,0.09071751528313599,5.0096398921278676e-05,0.00027560365285172605,0.0006279523074043788,0.06789249829457678,3.258500929122493e-05,0.0026680751937696455,0.0,0.0,0.0,0.0,2.7079991654145768e-09,0.0,0.0,0.019881335433938663,0.0,0.0,0.0,0.0,0.0,0.0,0.0,False,-5.746376224848063,0.09236823354971731,0.14516864781450198,0.08628610497868434
873,-13.040363797284044,-4703.239846211304,9.517045802506214,4.495872397458251,40.73760645490372,23.77096156643675,0.1,0.0,0.0,25.362104308290444,50.207028689260554,197.4625371826324,212.70300685208963,0.0,0.0,0.0,0.0,5.551115123125783e-17,-1.249000902703301e-16,0.26014284641297625,-0.05033574002966734,nan,nan,0.00025122036463101106,-4.109910283696828e-05,6237.306185809761,True,True,True,Z_mode_existing_controller,False,0.05060201485354432,0.0,0.0,False,False,False,-0.01874190332093349,1.8857363435539597e-05,0.00010374315036404284,0.0028029918913337285,0.3030518718669823,9.47999871961692e-05,0.007762265523609763,0.0,0.0,0.0,0.0,5.061584635092705e-34,0.0,0.0,-0.3296597838618896,0.0,0.0,0.0,0.0,0.0,0.0,0.0,False,0.1,-0.09598059952259064,-0.00035342652699910104,25.28893628650162,50.168365435723345,196.61178148825,213.0271745502944,-0.959805965423584,-0.0035342650953680277,-0.03277457265414857,-0.0017005128237038009,-0.03277457265414849,-0.001700512823703787,0.23243288547547625,-0.05033574002966734,-0.32560894130464346,-0.05239060096760836,0.0002492734283563603,-4.10956435028878e-05,6224.265822012477,True,True,True,Z_mode_existing_controller,False,0.07831197579104432,0.0,3.2818658664327542,False,False,False,0.04645991566548673,4.5308353570587996e-05,0.0002492623824793048,0.0024810597759939877,0.26824544575157055,8.769344614292468e-05,0.0071803787508239285,0.0,0.0,0.0,0.0,1.1987250129856997e-08,0.0,0.0,-0.22921518320663717,0.0,0.0,0.0,0.0,0.0,0.0,0.0,False,-13.040363797284044,0.20907044497753918,0.15512310910282745,0.08642683654922521
874,-16.203554538872595,-4719.443400750177,9.431826020045227,5.61718328596039,44.67220985444977,23.348206557290297,0.1,0.0,0.0,25.367813551922545,50.206656933239856,196.33931880223471,212.43703102507877,0.0,0.0,0.0,0.0,-2.2551405187698492e-17,-1.1796119636642288e-16,0.26014284641297625,-0.05033574002966734,nan,nan,0.0010240891078292817,-4.0985938431067556e-05,6200.42340268712,True,True,True,Z_mode_existing_controller,False,0.05060201485354432,0.0,0.0,False,False,False,0.16567201229227066,1.6598890931280922e-05,9.13182398826132e-05,0.00012616195300631738,0.013640287770781348,7.074314055411228e-06,0.0005792480117310135,0.0,0.0,0.0,0.0,6.141910963272419e-35,0.0,0.0,0.15136115826987567,0.0,0.0,0.0,0.0,0.0,0.0,0.0,False,0.1,-0.09545281529426575,-0.00042343224049545825,25.294299128161818,50.16791019423647,195.35313349228025,212.7310855869297,-0.9545281529426575,-0.0042343223467469215,-0.03261747678907523,-0.001731312575016658,-0.032617476789075124,-0.0017313125750166997,0.23243288547547625,-0.05033574002966734,-0.32560894130464346,-0.05281123433829754,0.001021821565127012,-4.0969661243086836e-05,6184.219848148247,True,True,True,Z_mode_existing_controller,False,0.07831197579104432,0.0,3.2663392893547734,False,False,False,0.24668978498663363,3.2757913866815824e-05,0.00018021656078880116,0.00015841947777586388,0.017127883754712327,8.766867422638011e-06,0.0007178350415172894,0.0,0.0,0.0,0.0,2.562773550408557e-10,0.0,0.0,0.22866384937333786,0.0,0.0,0.0,0.0,0.0,0.0,0.0,False,-16.203554538872595,0.2613298074426716,0.16286948987501795,0.08662589264148417
875,-17.947663152933274,-4737.39106390311,9.966424566877796,4.558076847976563,41.64831882661757,21.82929672076355,0.1,0.0,0.0,25.384187988408115,50.206114141589836,193.1156029869958,211.71258841231986,0.0,0.0,0.0,0.0,1.3877787807814457e-16,9.71445146547012e-17,0.26014284641297625,-0.05033574002966734,nan,nan,-0.0001671207743964674,-8.940240758327327e-05,6179.135112530426,True,True,True,Z_mode_existing_controller,False,0.05060201485354432,0.0,0.0,False,False,False,0.27211346307573875,1.6085434588613037e-05,8.849347709194784e-05,0.0010392343657421432,0.11235919762036697,5.2481709918095095e-05,0.004297225976142114,0.0,0.0,0.0,0.0,7.229760455297397e-34,0.0,0.0,0.1553685460021377,0.0,0.0,0.0,0.0,0.0,0.0,0.0,False,0.1,-0.09382220357656479,-9.028425120050088e-05,25.31021412681173,50.167263618388894,192.0609943541197,212.00557197879183,-0.9382220506668091,-0.0009028424974530935,-0.03208232546717632,-0.001519862778060821,-0.0320823254671762,-0.00151986277806071,0.23243288547547625,-0.05033574002966734,-0.32560894130464346,-0.05087273859236138,-0.00016690207334039368,-8.944109218853242e-05,6161.187449377493,True,True,True,Z_mode_existing_controller,False,0.07831197579104432,0.0,3.211830615468318,False,False,False,0.36185177884040515,3.5701903852264886e-05,0.00019641282262438046,0.0010838180105008396,0.1171794602263878,5.263699955932361e-05,0.004309941161702082,0.0,0.0,0.0,0.0,3.310979539628927e-09,0.0,0.0,0.24016596131871132,0.0,0.0,0.0,0.0,0.0,0.0,0.0,False,-17.947663152933274,0.2904559105130734,0.16804690691155139,0.08685681207473256
876,-21.0577914622354,-4758.4488553653455,8.63476449370543,5.672319198448263,39.07502488935809,24.47392244002843,0.1,0.0,0.0,25.380029693620195,50.2041040470731,193.95692531863733,211.77201271170972,0.0,0.0,0.0,0.0,-3.2959746043559335e-17,-4.85722573273506e-17,0.26014284641297625,-0.05033574002966734,nan,nan,0.0017196246013737233,-3.7582102140687815e-05,6062.785994004049,True,True,True,Z_mode_existing_controller,False,0.05060201485354432,0.0,0.0,False,False,False,0.8538590557076259,1.629733460059596e-05,8.965923787714095e-05,7.078232657187259e-05,0.007652792942079929,3.53124735797576e-07,2.8914011945416113e-05,0.0,0.0,0.0,0.0,5.072718917583693e-34,20.0,0.0,-19.153912310484277,20.0,20.0,0.0,0.0,0.0,0.0,0.0,False,0.1,-0.09507809579372406,-0.0005091896746307611,25.30558017254987,50.165138008588144,192.75070475578354,212.01962018248793,-0.9507809281349182,-0.0050918967463076115,-0.03253287416173309,-0.0017732998054800567,-0.032532874161733075,-0.0017732998054800844,0.23243288547547625,-0.05033574002966734,-0.32560894130464346,-0.053324326768141764,0.0017156835203682892,-3.745721840088447e-05,6041.7282025418135,True,True,True,Z_mode_existing_controller,False,0.07831197579104432,0.0,3.258116777255358,False,False,False,0.9591480130188029,1.9959829103482297e-05,0.00010980832813672237,4.75700438163283e-05,0.005143143962672365,1.973520270868882e-08,1.615927260307642e-06,0.0,0.0,0.0,0.0,2.6722445303407066e-09,20.0,0.0,-19.04610655787151,20.0,20.0,0.0,0.0,0.0,0.0,0.0,False,-21.0577914622354,0.3473286288360014,0.172583372753923,0.08714602330038264
877,-24.386449630554125,-4782.8353049959,10.64090350979597,5.120565090605062,37.53390366804281,25.50267265888264,0.1,0.0,0.0,25.404874407696287,50.203266238281834,189.06687188873923,210.67470640588874,0.0,0.0,0.0,0.0,7.632783294297951e-17,-5.551115123125783e-17,0.055419921875,0.0,nan,nan,-0.0006648590282569969,1.375558849810686e-05,6150.009366234968,False,True,True,Omega_safe_one_step_QP,False,0.33251953125,0.0,0.0,False,False,False,0.4177421945530295,1.5092583566828524e-05,8.303134060642186e-05,0.00239126225472582,0.2585367815940069,0.00012040811287944837,0.00985907035444012,0.0,0.0,0.0,0.0,1.1991923169348649e-34,0.0,0.0,0.14926331126397607,0.0,0.0,0.0,0.0,0.0,0.0,0.0,False,0.1,-0.09457796066999435,0.0008130543283186853,25.329766040316905,50.16416532818544,187.73344469102733,211.61052986675563,-0.94577956199646,0.008130542933940887,-0.03307739996579655,0.0052473541932838985,-0.03307739996579667,0.005247354193283975,0.0277099609375,0.0,-0.387939453125,0.003573195623722696,-0.0006615389294227633,1.3633737740592882e-05,6125.622916604414,False,True,True,Omega_safe_one_step_QP,False,0.3602294921875,0.0,3.3491030359292675,False,False,False,0.5396744427058002,2.9258799778206258e-05,0.0001609663023803846,0.0025172898557397536,0.2721625435921997,1.6735488642595277e-05,0.0013703093254893335,0.0,0.0,0.0,0.0,4.958609092165289e-07,0.0,0.0,0.2659801276248216,0.0,0.0,0.0,0.0,0.0,0.0,0.0,False,-24.386449630554125,0.39652703237236686,0.17803059795530424,0.08749409019770399
878,-11.72508319329063,-4794.56038818919,11.556897540239309,3.645820723651811,38.52972733212731,25.67151811645175,0.1,0.0,0.0,25.38990998654694,50.202698256238,192.02152196469282,211.26842588188677,0.0,0.0,0.0,0.0,7.28583859910259e-17,0.0,0.26014284641297625,-0.05033574002966734,nan,nan,-0.0025292562767284974,3.5081789758421595e-05,6315.972365708057,True,True,True,Z_mode_existing_controller,False,0.05060201485354432,0.0,0.0,False,False,False,-0.4120728028124131,2.2533688945848574e-05,0.00012396833144552724,0.0008729957071332581,0.0943859252666937,3.5250281617937374e-05,0.0028863088887791234,0.0,0.0,0.0,0.0,3.0935249731719974e-35,0.0,0.0,-0.5094690052993315,0.0,0.0,0.0,0.0,0.0,0.0,0.0,False,0.1,-0.09246348589658737,-0.0005400778609327972,25.314151381794975,50.16341798343912,191.2366503638694,211.57128048063637,-0.9246348142623901,-0.0054007782600820065,-0.03163169760075794,-0.00174958565303978,-0.03163169760075805,-0.0017495856530396758,0.23243288547547625,-0.05033574002966734,-0.32560894130464346,-0.05359525413078519,-0.0025229021271296935,3.499339644530701e-05,6304.247282514766,True,True,True,Z_mode_existing_controller,False,0.07831197579104432,0.0,3.1680046449825996,False,False,False,-0.35344738684595994,6.40494285715915e-05,0.00035236577593401533,0.0012272449986232771,0.13268639671133997,1.5405143107381313e-07,1.261380035645539e-05,0.0,0.0,0.0,0.0,5.104722254134991e-07,20.0,0.0,-20.486499273605816,20.0,20.0,0.0,0.0,0.0,0.0,0.0,False,-11.72508319329063,0.18564177476378463,0.16996350771449195,0.08760735946136844
879,-43.206038083779276,-4837.7664262729695,8.858434326005632,5.184482891384526,40.50574615515913,23.0218875610593,0.1,0.0,0.0,25.34942502074589,50.20301710435077,199.9967975209427,212.98546661638986,0.0,0.0,0.0,0.0,1.1796119636642288e-16,-6.938893903907228e-17,0.26014284641297625,-0.05033574002966734,nan,nan,0.0012795072140006295,-7.444973139054088e-05,6228.804933441755,True,True,True,Z_mode_existing_controller,False,0.05060201485354432,0.0,0.0,False,False,False,0.023764358519097185,1.6305565536529313e-05,8.970452009419583e-05,0.006360502019811667,0.6876802066667659,0.00029482288839428997,0.024140230498327774,0.0,0.0,0.0,0.0,6.849088364727108e-35,0.0,0.0,-0.6881457831660907,0.0,0.0,0.0,0.0,0.0,0.0,0.0,False,0.1,-0.09502486884593964,-0.001866220380179584,25.27350865763604,50.16366410526805,197.82947680524853,213.62636544592277,-0.950248658657074,-0.01866220310330391,-0.04385122258954498,0.0019257317520255147,-0.043851222589544936,0.001925731752025435,0.0277099609375,0.0,-0.387939453125,-0.008163056860312469,0.001276350914359732,-7.424173754485468e-05,6185.598895357975,False,True,True,Omega_safe_one_step_QP,False,0.3602294921875,0.0,4.389348659401033,False,False,False,0.23979454893799357,4.33913553935706e-05,0.00023871608151810572,0.004346536048614801,0.4699356747133741,0.0004223374214546193,0.034581177728470316,0.0,0.0,0.0,0.0,1.6282474897956171e-06,0.0,0.0,-0.2649626478328587,0.0,0.0,0.0,0.0,0.0,0.0,0.0,False,-43.206038083779276,0.6936489189412709,0.1551136876847242,0.08829633678351889
880,-3.81549779760644,-4841.581924070576,9.70889632838426,4.598054398625206,36.02783019332632,27.09410176793367,0.1,0.0,0.0,25.37266668433569,50.20238283948497,195.42037300421774,211.96685488651968,0.0,0.0,0.0,0.0,-1.3617579286417936e-16,-6.245004513516506e-17,0.26014284641297625,-0.05033574002966734,nan,nan,-1.3544840769271144e-05,4.443460751580577e-05,6209.167179837217,True,True,True,Z_mode_existing_controller,False,0.05060201485354432,0.0,0.0,False,False,False,0.12195312654178452,1.6698912797396003e-05,9.186850681317003e-05,0.0020943661357281243,0.22643717941874628,0.00010375698562291065,0.008495668577125488,0.0,0.0,0.0,0.0,6.463375754380492e-34,0.0,0.0,-0.11307158996090041,0.0,0.0,0.0,0.0,0.0,0.0,0.0,False,0.1,-0.0948747843503952,-0.000626426946837455,25.295331196754596,50.16273292474776,194.94864672877264,212.32397888797829,-0.9487478137016296,-0.0062642693519592285,-0.03244884381053823,-0.0018355387629445316,-0.03244884381053835,-0.0018355387629444692,0.23243288547547625,-0.05033574002966734,-0.32560894130464346,-0.05402030637836556,-1.4418050739113848e-05,4.44373361241535e-05,6205.351682039611,True,True,True,Z_mode_existing_controller,False,0.07831197579104432,0.0,3.250071794885424,False,False,False,0.14103061552981672,4.353731605490397e-05,0.00023951907918465143,0.0008299181929528073,0.08972850140894921,0.00016962107463144895,0.013888649762840257,0.0,0.0,0.0,0.0,1.4416139770672168e-06,0.0,0.0,0.03717250366486554,0.0,0.0,0.0,0.0,0.0,0.0,0.0,False,-3.81549779760644,0.06144942932115526,0.12214360053539458,0.08826594658638658
881,-7.7869923344260314,-4849.368916405002,9.22434746237073,4.854194400826623,38.1945503472346,26.505606157335357,0.1,0.0,0.0,25.372729474632614,50.203417507489064,195.39374043188565,212.01596998427559,0.0,0.0,0.0,0.0,-1.8214596497756474e-17,5.551115123125783e-17,0.26014284641297625,-0.05033574002966734,nan,nan,0.0006867589267323317,2.8237595343314978e-05,6157.922595298665,True,True,True,Z_mode_existing_controller,False,0.05060201485354432,0.0,0.0,False,False,False,0.37817604923454384,1.5851765559262435e-05,8.72079547902642e-05,7.092939090240258e-08,7.668693138148913e-06,2.412292827571772e-07,1.9751962001391637e-05,0.0,0.0,0.0,0.0,2.782968769639556e-34,0.0,0.0,0.378061420624614,0.0,0.0,0.0,0.0,0.0,0.0,0.0,False,0.1,-0.09379024803638458,-0.0009772332850843668,25.29538794300409,50.1637460055772,194.7525183683106,212.319791530974,-0.9379024505615234,-0.00977233238518238,-0.03209915709778574,-0.0020143169369051875,-0.03209915709778581,-0.0020143169369050418,0.23243288547547625,-0.05033574002966734,-0.32560894130464346,-0.05615017232957193,0.0006839424477768771,2.8255295283216965e-05,6150.135602964239,True,True,True,Z_mode_existing_controller,False,0.07831197579104432,0.0,3.2162297167811844,False,False,False,0.41711101090667396,3.542260405769388e-05,0.00019487626420337567,3.84663337775281e-06,0.0004158875554075616,1.753395868144406e-09,1.435688410840536e-07,0.0,0.0,0.0,0.0,1.5424243256035373e-09,0.0,0.0,0.4165001019757976,0.0,0.0,0.0,0.0,0.0,0.0,0.0,False,-7.7869923344260314,0.12645485898720288,0.09095770657895087,0.0883087708724373
882,-11.288586531771216,-4860.657502936773,8.60692736402868,4.523365130808477,39.189376826085756,28.860465265209424,0.1,0.0,0.0,25.38327176110897,50.204121600391176,193.30509532814023,211.60566505893934,0.0,0.0,0.0,0.0,-2.7755575615628914e-17,0.0,0.26014284641297625,-0.05033574002966734,nan,nan,0.0012021133029847147,9.446313779530157e-05,6044.687628988207,True,True,True,Z_mode_existing_controller,False,0.05060201485354432,0.0,0.0,False,False,False,0.9443508807868375,1.6759549082031517e-05,9.220209529259677e-05,0.0004362438369399719,0.04716549904544573,1.6835013175518443e-05,0.0013784584389387295,0.0,0.0,0.0,0.0,3.1725181935472554e-35,20.0,0.0,-19.10428527879284,20.0,20.0,0.0,0.0,0.0,0.0,0.0,False,0.1,-0.09349402040243149,-0.0011380603536963463,25.30575786717361,50.1644033043136,192.5098074206416,211.87275512504775,-0.9349401593208313,-0.011380603536963463,-0.03201801566163413,-0.002099425533927557,-0.03201801566163401,-0.0020994255339276055,0.23243288547547625,-0.05033574002966734,-0.32560894130464346,-0.05712853037100795,0.0011973924757038923,9.454191006971497e-05,6033.399042456435,True,True,True,Z_mode_existing_controller,False,0.07831197579104432,0.0,3.2086771643173213,False,False,False,1.0007938134456935,2.4775695737488297e-05,0.0001363026563630779,0.0005029752394794367,0.05438031708128076,1.998415482234508e-05,0.001636311571171155,0.0,0.0,0.0,0.0,1.382740594792611e-10,0.0,0.0,0.9446408819986045,0.0,0.0,0.0,0.0,0.0,0.0,0.0,False,-11.288586531771216,0.18675219009887467,0.0680711938453365,0.08841701426043917
883,-14.161526982527903,-4874.819029919301,9.378393814217713,4.532920573695186,41.320129205274476,28.247982236921256,0.1,0.0,0.0,25.39981486098398,50.20582427630164,190.02171588244946,210.9976000772584,0.0,0.0,0.0,0.0,-1.249000902703301e-16,1.3183898417423734e-16,0.055419921875,0.0,nan,nan,0.0004365921898257145,9.420218227931126e-05,6044.795588254738,False,True,True,Omega_safe_one_step_QP,False,0.33251953125,0.0,0.0,False,False,False,0.9438110844541825,1.7469778942598003e-05,9.610940097027799e-05,0.0010780580584384626,0.11655670985034698,3.697430219466417e-05,0.0030274724678102925,0.0,0.0,0.0,0.0,2.681857447559226e-34,20.0,0.0,-19.175869207264945,20.0,20.0,0.0,0.0,0.0,0.0,0.0,False,0.1,-0.09313728660345078,-0.0007897924515418708,25.321976012181867,50.16603697243009,189.10994596498492,211.26255585625236,-0.9313728213310242,-0.00789792463183403,-0.03191549467466176,-0.0018994901720168211,-0.03191549467466186,-0.0018994901720167517,0.23243288547547625,-0.05033574002966734,-0.32560894130464346,-0.05506786438617877,0.0004351827864742218,9.424661499499686e-05,6030.63406127221,True,True,True,Z_mode_existing_controller,False,0.07831197579104432,0.0,3.197196996185815,False,False,False,1.014618719366822,2.382871144225471e-05,0.00013109285413019254,0.0011559057917660033,0.12497339538499093,3.723431476384211e-05,0.003048762413738858,0.0,0.0,0.0,0.0,5.048470171216815e-10,20.0,0.0,-19.113534531790886,20.0,20.0,0.0,0.0,0.0,0.0,0.0,False,-14.161526982527903,0.23427635849331738,0.0690796260997244,0.08857722049993967
884,-19.952211372185957,-4894.771241291487,11.698663223433634,5.004717441502147,35.66654241583832,27.586483121435638,0.1,0.0,0.0,25.402154554488707,50.207007772718505,189.54447122148298,210.95903346400124,0.0,0.0,0.0,0.0,-1.249000902703301e-16,-9.71445146547012e-17,0.055419921875,0.0,nan,nan,-0.0018973276747726406,8.10985493619621e-05,6268.675121595664,False,True,True,Omega_safe_one_step_QP,False,0.33251953125,0.0,0.0,False,False,False,-0.17558658225044838,1.9104972040450327e-05,0.00010510536077158435,2.2776246642100745e-05,0.002462505938862487,1.4873836581273525e-07,1.2178764186931307e-05,0.0,0.0,0.0,0.0,5.24334427359425e-34,0.0,0.0,-0.17816637231426938,0.0,0.0,0.0,0.0,0.0,0.0,0.0,False,0.1,-0.09281834214925766,-0.0006079805898480117,25.323947421310308,50.16713242452499,188.4031615147124,211.82152828841058,-0.9281834363937378,-0.006079805549234152,-0.03308425259381105,0.004279701377765524,-0.03308425259381108,0.00427970137776558,0.0277099609375,0.0,-0.387939453125,-0.0027225952336590005,-0.00188999028243731,8.094839313944457e-05,6248.722910223478,False,True,True,Omega_safe_one_step_QP,False,0.3602294921875,0.0,3.335991027526806,False,False,False,-0.07582552538951859,4.862396369490069e-05,0.0002675031000033064,4.9954425914703154e-05,0.005400936880444523,3.124501799128691e-05,0.002558356104378606,0.0,0.0,0.0,0.0,3.9548403282475387e-07,0.0,0.0,-0.08405271695837783,0.0,0.0,0.0,0.0,0.0,0.0,0.0,False,-19.952211372185957,0.3182843421483168,0.05908762695129441,0.0888385686170153
885,-9.333706384576544,-4904.104947676064,11.733440643410034,6.542830784594772,41.28527536930332,24.36988027318335,0.1,0.0,0.0,25.36908726180428,50.2078522228255,196.0512648300319,212.39265924858245,0.0,0.0,0.0,0.0,1.1102230246251565e-16,1.457167719820518e-16,0.26014284641297625,-0.05033574002966734,nan,nan,-0.0007520584007749526,1.1100335005522453e-05,6431.749312576,True,True,True,Z_mode_existing_controller,False,0.05060201485354432,0.0,0.0,False,False,False,-0.9909575371521305,2.1737426303342926e-05,0.00011958771931313079,0.004233836306425305,0.45775088461995644,0.00020552828902160896,0.01682874860201886,0.0,0.0,0.0,0.0,1.146409799396502e-33,0.0,0.0,-1.465656758093419,0.0,0.0,0.0,0.0,0.0,0.0,0.0,False,0.1,-0.09422564506530762,-0.001110230921767652,25.290458727367163,50.167831491508785,195.3575158579262,212.67812856882068,-0.9422564506530762,-0.011102309450507164,-0.032279066762775574,-0.0020953545411813296,-0.0322790667627757,-0.0020953545411814753,0.23243288547547625,-0.05033574002966734,-0.32560894130464346,-0.05691097006711186,-0.0007455882977737572,1.1022248888084476e-05,6422.415606191424,True,True,True,Z_mode_existing_controller,False,0.07831197579104432,0.0,3.2347003906528657,False,False,False,-0.9442890052292477,5.8567445980806095e-05,0.0003222068331871688,0.004836304433097655,0.5228881024951658,7.337640403986722e-05,0.0060080929140477485,0.0,0.0,0.0,0.0,4.1289662192202016e-07,0.0,0.0,-1.4735078203682705,0.0,0.0,0.0,0.0,0.0,0.0,0.0,False,-9.333706384576544,0.1451192503154056,0.06772393437760622,0.08890419083966736
886,-13.176377019762185,-4917.281324695826,7.446448364405038,4.631082736270533,39.8475593077518,23.410158892320226,0.1,0.0,0.0,25.358578093161455,50.208304898496834,198.11561422383076,212.85492206836085,0.0,0.0,0.0,0.0,-3.469446951953614e-17,-1.3877787807814457e-17,0.26014284641297625,-0.05033574002966734,nan,nan,0.00248570035138449,-8.479918969763432e-05,6037.002075882071,True,True,True,Z_mode_existing_controller,False,0.05060201485354432,0.0,0.0,False,False,False,0.9827786463175152,1.7184516353047078e-05,9.454003843334754e-05,0.00042615384196777363,0.046074596188071366,2.136869145494798e-05,0.0017496780524048415,0.0,0.0,0.0,0.0,4.6703801151390475e-34,0.0,0.0,0.9348598320386056,0.0,0.0,0.0,0.0,0.0,0.0,0.0,False,0.1,-0.09471943229436874,-0.0011402600212022662,25.279879447571712,50.168228370901424,197.22393715244817,213.10549329100184,-0.9471943378448486,-0.011402600444853306,-0.03246839649469947,-0.002119845925194975,-0.03246839649469942,-0.0021198459251951067,0.23243288547547625,-0.05033574002966734,-0.32560894130464346,-0.05705360952933368,0.002475936397954165,-8.466631747970415e-05,6023.825698862309,True,True,True,Z_mode_existing_controller,False,0.07831197579104432,0.0,3.253752476270391,False,False,False,1.0486605314163262,2.6707868648908466e-05,0.00014693244061494287,0.0003483528448645121,0.03766296364708594,1.8264060576497404e-05,0.0014954694818755726,0.0,0.0,0.0,0.0,3.6445575281210104e-10,0.0,0.0,1.0093551654822939,0.0,0.0,0.0,0.0,0.0,0.0,0.0,False,-13.176377019762185,0.21826026981839283,0.11903942303130916,0.0890456058812887
887,-15.092417691503215,-4932.373742387329,9.739373739880813,3.9241988295487698,37.79438666050098,24.928088545180078,0.1,0.0,0.0,25.398341353907295,50.20715906517297,190.28818587256353,211.11254328358038,0.0,0.0,0.0,0.0,6.938893903907228e-17,4.85722573273506e-17,0.26014284641297625,-0.05033574002966734,nan,nan,-0.00036452761393643415,-1.3523585447994431e-05,6088.739980360006,True,True,True,Z_mode_existing_controller,False,0.05060201485354432,0.0,0.0,False,False,False,0.7240891239278426,1.6499953075442378e-05,9.077393659811427e-05,0.006126863459422201,0.662419839954594,0.0003035883829653069,0.02485795313013782,0.0,0.0,0.0,0.0,1.4733364074562355e-34,0.0,0.0,0.03672055690651278,0.0,0.0,0.0,0.0,0.0,0.0,0.0,False,0.1,-0.09354042261838913,-0.0007017804891802371,25.319169220357413,50.16700044658445,189.33687440373157,211.37272215161843,-0.9354041814804077,-0.007017804775387049,-0.03208405890018175,-0.0018566898911696397,-0.03208405890018182,-0.00185668989116973,0.23243288547547625,-0.05033574002966734,-0.32560894130464346,-0.05452240986949118,-0.00036438413493455803,-1.3523862978852101e-05,6073.647562668502,True,True,True,Z_mode_existing_controller,False,0.07831197579104432,0.0,3.2137736897023563,False,False,False,0.7995512123853586,3.311468074582633e-05,0.00018217930176797444,0.006220575880219307,0.672551772418457,0.00030024958214800547,0.024584570619856357,0.0,0.0,0.0,0.0,2.169664848035406e-09,0.0,0.0,0.1022326878756124,0.0,0.0,0.0,0.0,0.0,0.0,0.0,False,-15.092417691503215,0.2478742357234124,0.16291524961073564,0.08922053619263787
888,-18.312425378509943,-4950.686167765839,10.426041901815246,5.718817229059024,40.26314812722412,23.052689502083624,0.1,0.0,0.0,25.388880822143506,50.20622656251799,192.16210871295903,211.4544937604181,0.0,0.0,0.0,0.0,7.632783294297951e-17,5.551115123125783e-17,0.26014284641297625,-0.05033574002966734,nan,nan,-2.0299058711882242e-05,-5.163316931405034e-05,6202.7020375677075,True,True,True,Z_mode_existing_controller,False,0.05060201485354432,0.0,0.0,False,False,False,0.15427883788933286,1.5996547315504306e-05,8.800446675012085e-05,0.0003511586811755916,0.03796632304989192,1.1693012860954661e-05,0.0009574291440556402,0.0,0.0,0.0,0.0,9.62964972193618e-37,0.0,0.0,0.11526708122863519,0.0,0.0,0.0,0.0,0.0,0.0,0.0,False,0.1,-0.09404085576534271,-0.0007059788331389427,25.309337393502723,50.165973640976745,191.0830899073883,211.6936685254123,-0.9404085278511047,-0.007059788331389427,-0.032274656415641825,-0.0018668707241999705,-0.032274656415641804,-0.0018668707241999358,0.23243288547547625,-0.05033574002966734,-0.32560894130464346,-0.05452504386475795,-1.8158820718676937e-05,-5.169696223902235e-05,6184.389612189198,True,True,True,Z_mode_existing_controller,False,0.07831197579104432,0.0,3.232860425457003,False,False,False,0.24584096478188258,3.514047133317714e-05,0.00019332412051360645,0.000304926858521117,0.032967863925347576,1.0300657485143669e-05,0.000843422460616899,0.0,0.0,0.0,0.0,3.6431062260709253e-10,0.0,0.0,0.21183635391109393,0.0,0.0,0.0,0.0,0.0,0.0,0.0,False,-18.312425378509943,0.29523303340379176,0.1989150956279436,0.08945142152060781
889,-20.18971875654006,-4970.875886522379,10.470977939027295,5.434420101868954,41.13510561561006,26.113387098587253,0.1,0.0,0.0,25.386136380116817,50.20482531581048,192.71755361120873,211.4878876539162,0.0,0.0,0.0,0.0,1.0061396160665481e-16,-3.469446951953614e-17,0.26014284641297625,-0.05033574002966734,nan,nan,-0.00020685045541340942,4.4470414928268406e-05,6220.630368943115,True,True,True,Z_mode_existing_controller,False,0.05060201485354432,0.0,0.0,False,False,False,0.0646371810122946,1.6530343748434908e-05,9.094112986289416e-05,3.085190349916235e-05,0.0033356240290912274,1.115152122962487e-07,9.130915661138123e-06,0.0,0.0,0.0,0.0,8.726870060504662e-35,0.0,0.0,0.06120148493767934,0.0,0.0,0.0,0.0,0.0,0.0,0.0,False,0.1,-0.09354860335588455,-0.0009556520963087678,25.306149753887755,50.164457257366664,191.56019437131133,211.69596081720908,-0.9354860186576843,-0.009556520730257034,-0.032124478974246085,-0.001998488996519318,-0.03212447897424595,-0.001998488996519325,0.23243288547547625,-0.05033574002966734,-0.32560894130464346,-0.05603645412329843,-0.0002047176518979836,4.4418315587946896e-05,6200.440650186575,True,True,True,Z_mode_existing_controller,False,0.07831197579104432,0.0,3.2186582726906243,False,False,False,0.1655857747949949,3.9537186941685775e-05,0.0002175125034782048,2.2762866949526528e-05,0.0024610593628334385,5.254601681573833e-10,4.302491453799548e-08,0.0,0.0,0.0,0.0,3.9876633512545406e-10,0.0,0.0,0.16290715950500237,0.0,0.0,0.0,0.0,0.0,0.0,0.0,False,-20.18971875654006,0.32456065638200415,0.22740067556291924,0.08971538149211927
890,-22.27258250088653,-4993.1484690232655,8.818946208101782,4.129344297274026,39.968050502486925,25.020489577775834,0.1,0.0,0.0,25.381057249394555,50.20543608427407,193.70958123457248,211.73021532601294,0.0,0.0,0.0,0.0,-1.9081958235744878e-17,-1.1102230246251565e-16,0.26014284641297625,-0.05033574002966734,nan,nan,0.0008000951497888808,-1.5560946049134397e-05,6076.084887746576,True,True,True,Z_mode_existing_controller,False,0.05060201485354432,0.0,0.0,False,False,False,0.7873645869949906,1.6015590017129428e-05,8.810922953229799e-05,9.841188055167375e-05,0.010640025291312454,5.872270066382278e-06,0.00048082411010543587,0.0,0.0,0.0,0.0,2.015305130868956e-34,0.0,0.0,0.7761556283640404,0.0,0.0,0.0,0.0,0.0,0.0,0.0,False,0.1,-0.09464368969202042,-0.0008201896562241018,25.30056574736313,50.16494176910707,192.43753041057855,211.92918360223385,-0.946436882019043,-0.008201896212995052,-0.03251891327497111,-0.0019400469634863124,-0.032518913274971126,-0.0019400469634862916,0.23243288547547625,-0.05033574002966734,-0.32560894130464346,-0.05517177437654092,0.0007964394272801422,-1.5443303066533208e-05,6053.8123052456895,True,True,True,Z_mode_existing_controller,False,0.07831197579104432,0.0,3.2576732537282203,False,False,False,0.8987274994994232,3.1803580234895925e-05,0.00017496632642745148,7.697185257970935e-05,0.008321987686611201,5.439286745470766e-06,0.00044537124134866346,0.0,0.0,0.0,0.0,1.5899388881359038e-09,0.0,0.0,0.889785172655097,0.0,0.0,0.0,0.0,0.0,0.0,0.0,False,-22.27258250088653,0.3665614110461632,0.2505647844306487,0.09001864497863457
891,-23.67780432332802,-5016.826273346594,10.934323058085226,5.030484650035856,45.200711352659624,23.94021923135385,0.1,0.0,0.0,25.391900999925713,50.20499882169284,191.57494187689704,211.24447740254567,0.0,0.0,0.0,0.0,1.1796119636642288e-16,9.020562075079397e-17,0.26014284641297625,-0.05033574002966734,nan,nan,-0.000807966855922211,2.3962781479170206e-06,6239.308461272429,True,True,True,Z_mode_existing_controller,False,0.05060201485354432,0.0,0.0,False,False,False,-0.028753280634273324,1.6604051960530438e-05,9.134663311135357e-05,0.00045566851873370134,0.04926564289395653,2.3594133029429467e-05,0.0019318982079061236,0.0,0.0,0.0,0.0,5.927350330405529e-34,0.0,0.0,-0.08004216836924734,0.0,0.0,0.0,0.0,0.0,0.0,0.0,False,0.1,-0.09413579851388931,-0.0005204552435316145,25.310727036967585,50.1643638951305,190.27618543883395,211.45234178557303,-0.9413579702377319,-0.005204552318900824,-0.032362918376128244,-0.0017648278321519412,-0.032362918376128216,-0.0017648278321520244,0.23243288547547625,-0.05033574002966734,-0.32560894130464346,-0.053421025324345346,-0.000804392606459238,2.270439797360819e-06,6215.630656949101,True,True,True,Z_mode_existing_controller,False,0.07831197579104432,0.0,3.2411002809186087,False,False,False,0.08963574098236676,4.379751935793633e-05,0.00024095057890007992,0.00046714120868856547,0.05050603897819806,2.2737811811639375e-05,0.0018617822420438817,0.0,0.0,0.0,0.0,5.503615245054469e-10,0.0,0.0,0.037026968632863214,0.0,0.0,0.0,0.0,0.0,0.0,0.0,False,-23.67780432332802,0.379494049225116,0.2688732108224428,0.09034389540624471
892,-24.351416523773878,-5041.177689870367,9.240562798981586,4.1802386506237745,38.13432418561926,23.955831563840714,0.1,0.0,0.0,25.37685966327551,50.204590543736316,194.54288626797467,211.85024231240706,0.0,0.0,0.0,0.0,7.068998164605489e-17,6.938893903907228e-17,0.26014284641297625,-0.05033574002966734,nan,nan,0.0003237309294865517,-4.827722804568498e-05,6139.626001764836,True,True,True,Z_mode_existing_controller,False,0.05060201485354432,0.0,0.0,False,False,False,0.46965901690369266,1.5797289134803256e-05,8.690825457430969e-05,0.0008808693908529122,0.09523720656975676,3.669511260193806e-05,0.0030046122985817455,0.0,0.0,0.0,0.0,2.6679019786262636e-35,0.0,0.0,0.37133028978077987,0.0,0.0,0.0,0.0,0.0,0.0,0.0,False,0.1,-0.09419809281826019,-0.0009314022026956081,25.295092832709077,50.16380598928226,193.18615867234135,212.02323792333692,-0.9419808983802795,-0.009314022026956081,-0.03240226245561588,-0.0019951291019398576,-0.032402262455615935,-0.0019951291019400033,0.23243288547547625,-0.05033574002966734,-0.32560894130464346,-0.05585348854355795,0.00032156400008941013,-4.8201302196417516e-05,6115.274585241062,True,True,True,Z_mode_existing_controller,False,0.07831197579104432,0.0,3.2463628145603525,False,False,False,0.591416099522562,4.0551120775048984e-05,0.00022309062634216496,0.0008467944219729519,0.09155311346381219,3.259224001137329e-05,0.002668667248382505,0.0,0.0,0.0,0.0,5.458663145669136e-10,0.0,0.0,0.4969712276381588,0.0,0.0,0.0,0.0,0.0,0.0,0.0,False,-24.351416523773878,0.39662703423260737,0.28411114715942304,0.09068215868192221
893,-24.790333890894544,-5065.968023761262,10.432419642178376,4.313601665905962,44.186186840810834,22.95349273516056,0.1,0.0,0.0,25.38124972886309,50.20363075802324,193.68666027213087,211.6075140105266,0.0,0.0,0.0,0.0,1.3704315460216776e-16,-3.469446951953614e-17,0.26014284641297625,-0.05033574002966734,nan,nan,-0.0007341084332865572,-3.88655726560644e-05,6240.2761863844735,True,True,True,Z_mode_existing_controller,False,0.05060201485354432,0.0,0.0,False,False,False,-0.033591906194496916,1.705196389328504e-05,9.381080553654182e-05,7.331229559587078e-05,0.007926326322914404,5.891702853377938e-06,0.00048241527543135446,0.0,0.0,0.0,0.0,1.523609949852203e-34,0.0,0.0,-0.042094458598379215,0.0,0.0,0.0,0.0,0.0,0.0,0.0,False,0.1,-0.09337803721427917,-0.001379879075102508,25.29875945987179,50.16269269924,192.3310182200218,211.75068961053955,-0.9337803721427917,-0.01379879005253315,-0.032137659405447105,-0.0022325539204924166,-0.03213765940544707,-0.0022325539204923264,0.23243288547547625,-0.05033574002966734,-0.32560894130464346,-0.05858211426046039,-0.0007324990544082593,-3.8935165659609436e-05,6215.485852493579,True,True,True,Z_mode_existing_controller,False,0.07831197579104432,0.0,3.2215112122549314,False,False,False,0.0903597632599758,5.1506383099476314e-05,0.0002833606333601464,7.312651931932774e-05,0.00790624069636339,7.4282582808692455e-06,0.0006082291238578362,0.0,0.0,0.0,0.0,1.2638531862327005e-09,0.0,0.0,0.08156193154254122,0.0,0.0,0.0,0.0,0.0,0.0,0.0,False,-24.790333890894544,0.3972634087091217,0.2936154977253321,0.09102591605036267
894,-25.741686079205465,-5091.709709840467,9.747434699495862,6.054619481038553,41.4580530041368,22.80550572048089,0.1,0.0,0.0,25.36906693032489,50.20272885601704,196.0968886747918,212.06578071891906,0.0,0.0,0.0,0.0,-1.0408340855860843e-17,-2.7755575615628914e-17,0.26014284641297625,-0.05033574002966734,nan,nan,0.0008682219552416491,-6.413752476692016e-05,6227.91323742861,True,True,True,Z_mode_existing_controller,False,0.05060201485354432,0.0,0.0,False,False,False,0.028222838584820237,1.4929599705516946e-05,8.213469037805045e-05,0.0005809200952993545,0.06280750323606786,2.100083760208708e-05,0.0017195580137398516,0.0,0.0,0.0,0.0,2.179009176141871e-34,0.0,0.0,-0.03638635735536552,0.0,0.0,0.0,0.0,0.0,0.0,0.0,False,0.1,-0.09403010457754135,-0.001198386074975133,25.285913694892237,50.16163580001148,194.687086441229,212.2105921208607,-0.9403010010719299,-0.011983860284090042,-0.03237894003202949,-0.0021414861716065187,-0.03237894003202943,-0.0021414861716064076,0.23243288547547625,-0.05033574002966734,-0.32560894130464346,-0.05744781926717899,0.000867275663542247,-6.412287317985894e-05,6202.171551349405,True,True,True,Z_mode_existing_controller,False,0.07831197579104432,0.0,3.2449679823088196,False,False,False,0.15693126898084755,3.992921250128134e-05,0.000219669218902113,0.0005551057462982505,0.06001652592000801,2.1151031899968914e-05,0.0017318559902984186,0.0,0.0,0.0,0.0,6.650967565112447e-10,0.0,0.0,0.09496321718654226,0.0,0.0,0.0,0.0,0.0,0.0,0.0,False,-25.741686079205465,0.4133276283378946,0.30126923581697923,0.0913861810400941
895,-26.120729328818015,-5117.8304391692855,10.803299183111017,3.5842160274822916,41.82562074246005,27.87983367251718,0.1,0.0,0.0,25.382915218799248,50.201698147844695,193.37692723609572,211.42091226543775,0.0,0.0,0.0,0.0,-2.949029909160572e-17,-1.249000902703301e-16,0.26014284641297625,-0.05033574002966734,nan,nan,-0.0016317713754139276,0.00010526742092939034,6271.411957979635,True,True,True,Z_mode_existing_controller,False,0.05060201485354432,0.0,0.0,False,False,False,-0.18927076417030547,2.0294040555238054e-05,0.00011164698119187523,0.0007398190227993697,0.07998722379302689,4.158553222953742e-05,0.0034050420538384316,0.0,0.0,0.0,0.0,9.801177857608168e-35,0.0,0.0,-0.2727746769983627,0.0,0.0,0.0,0.0,0.0,0.0,0.0,False,0.1,-0.09353668987751007,-0.0007511033327318728,25.29901957213377,50.160443465044196,191.96786622137452,211.58694600544007,-0.9353668689727783,-0.007511033210903406,-0.032225834276316395,-0.0018841556372259996,-0.032225834276316395,-0.0018841556372258678,0.23243288547547625,-0.05033574002966734,-0.32560894130464346,-0.05481683805063879,-0.0016285633009530927,0.00010516711207395057,6245.291228650817,True,True,True,Z_mode_existing_controller,False,0.07831197579104432,0.0,3.2280867975782424,False,False,False,-0.05866711752621541,6.488138420327053e-05,0.0003569427518452303,0.0007394158604065511,0.07994363496988838,3.8893447727923775e-05,0.0031846129659074554,0.0,0.0,0.0,0.0,8.966037635703359e-10,0.0,0.0,-0.14215230911046026,0.0,0.0,0.0,0.0,0.0,0.0,0.0,False,-26.120729328818015,0.41650476007372556,0.30765381869205527,0.09175172149362834
896,-27.528635578565627,-5145.359074747851,9.544087090882524,6.4710261344014,41.101052655422116,26.87033839620697,0.1,0.0,0.0,25.357017109932674,50.203636017619694,198.45754835877707,212.61281585726718,0.0,0.0,0.0,0.0,-6.938893903907228e-18,-1.249000902703301e-16,0.26014284641297625,-0.05033574002966734,nan,nan,0.0012763544925719905,5.365379519455416e-05,6263.082327262158,True,True,True,Z_mode_existing_controller,False,0.05060201485354432,0.0,0.0,False,False,False,-0.14762261058292098,1.6674441055155746e-05,9.173387634674352e-05,0.0025812710992235903,0.2790800218988986,0.0001420634172215896,0.01163221639875807,0.0,0.0,0.0,0.0,5.0856587593975445e-36,0.0,0.0,-0.43842658275692437,0.0,0.0,0.0,0.0,0.0,0.0,0.0,False,0.1,-0.09526945650577545,-0.0016051015118137002,25.27244500871748,50.16221733097606,196.9650595370357,212.7220659240457,-0.9526945352554321,-0.01605101488530636,-0.03283936148708329,-0.0023878616161051303,-0.03283936148708329,-0.0023878616161051303,0.23243288547547625,-0.05033574002966734,-0.32560894130464346,-0.059737638735426715,0.0012743400898832169,5.3715344437250826e-05,6235.553691683593,True,True,True,Z_mode_existing_controller,False,0.07831197579104432,0.0,3.2926061804853024,False,False,False,-0.009979432690092835,4.509967677653082e-05,0.0002481143541190644,0.002497194103408876,0.26998984541948046,0.00012884972296152406,0.010550273178848314,0.0,0.0,0.0,0.0,6.301353515101192e-09,0.0,0.0,-0.2907676719438942,0.0,0.0,0.0,0.0,0.0,0.0,0.0,False,-27.528635578565627,0.4395381401700253,0.31238068191575574,0.09214179072930548
897,-27.744304117068168,-5173.103378864919,10.64379463533571,4.671542890559379,43.70555877485749,24.12407643615198,0.1,0.0,0.0,25.37893719030182,50.20532559828865,194.11432834848253,211.77765547820883,0.0,0.0,0.0,0.0,1.3964523981613297e-16,-2.0816681711721685e-17,0.26014284641297625,-0.05033574002966734,nan,nan,-0.000760855804494087,-2.377899307362541e-06,6272.176764893555,True,True,True,Z_mode_existing_controller,False,0.05060201485354432,0.0,0.0,False,False,False,-0.19309479873990312,1.8498974889299602e-05,0.0001017714878371779,0.001886356005782294,0.20394768901305577,6.974928587488886e-05,0.0057111028498633525,0.0,0.0,0.0,0.0,3.232026419563283e-34,0.0,0.0,-0.4028553620906595,0.0,0.0,0.0,0.0,0.0,0.0,0.0,False,0.1,-0.09494758397340775,-0.0013800456654280424,25.293545558881043,50.16373483790879,192.63166768726163,211.8980617440674,-0.9494758248329163,-0.013800456188619137,-0.03274549781157064,-0.002257229745796452,-0.03274549781157075,-0.00225722974579657,0.23243288547547625,-0.05033574002966734,-0.32560894130464346,-0.05844677531826554,-0.0007584856263305149,-2.4762828867044666e-06,6244.432460776487,True,True,True,Z_mode_existing_controller,False,0.07831197579104432,0.0,3.282320388159717,False,False,False,-0.054373278154562284,5.692026327966243e-05,0.000313144912986822,0.0018778284923688367,0.2030257174189498,6.78982888621692e-05,0.0055595423832315695,0.0,0.0,0.0,0.0,2.58750751210349e-10,0.0,0.0,-0.26327168312848126,0.0,0.0,0.0,0.0,0.0,0.0,0.0,False,-27.744304117068168,0.4423393210529043,0.31478123816122605,0.09253469323680025
898,-27.69283788170287,-5200.796216746622,10.725422281530538,4.566897374554306,42.3352511376976,22.75320240555964,0.1,0.0,0.0,25.36670200607052,50.20521607296911,196.52556396851395,212.28170320149567,0.0,0.0,0.0,0.0,-4.5102810375396984e-17,-7.632783294297951e-17,0.26014284641297625,-0.05033574002966734,nan,nan,-0.0009440970100870587,-4.771462152848658e-05,6339.88696743785,True,True,True,Z_mode_existing_controller,False,0.05060201485354432,0.0,0.0,False,False,False,-0.5316458114613806,2.1682550424047497e-05,0.00011928582150983686,0.0005814057215308305,0.06286000782551443,2.540641073506523e-05,0.0020802883202861336,0.0,0.0,0.0,0.0,3.721332996059165e-34,0.0,0.0,-0.596705393428691,0.0,0.0,0.0,0.0,0.0,0.0,0.0,False,0.1,-0.09455563873052597,-0.0014445807319134474,25.280567908065628,50.16345173581497,195.0446498856484,212.39472426980265,-0.9455563426017761,-0.014445806853473186,-0.032626863866056566,-0.002287104211071346,-0.032626863866056524,-0.0022871042110713252,0.23243288547547625,-0.05033574002966734,-0.32560894130464346,-0.058861265121468054,-0.0009417059159607223,-4.782619704136017e-05,6312.194129556147,True,True,True,Z_mode_existing_controller,False,0.07831197579104432,0.0,3.2706927269410135,False,False,False,-0.3931816220528663,7.095530648271048e-05,0.0003903582308696137,0.0005822483089731457,0.06295110609176155,2.466736644697141e-05,0.002019775042093168,0.0,0.0,0.0,0.0,1.4966496703725702e-10,0.0,0.0,-0.45854286156725554,0.0,0.0,0.0,0.0,0.0,0.0,0.0,False,-27.69283788170287,0.4368033377240861,0.3275972711303933,0.09292467130266457
899,-26.868332398168604,-5227.664549144791,7.943327377132686,5.020381880326838,39.72383317155316,25.86754874435172,0.1,0.0,0.0,25.35371281750496,50.20457458256372,199.0917019265262,212.78825104212115,0.0,0.0,0.0,0.0,-6.938893903907228e-17,-1.1796119636642288e-16,0.26014284641297625,-0.05033574002966734,nan,nan,0.002127577364687472,-4.4296667994579014e-06,6111.502425419589,True,True,True,Z_mode_existing_controller,False,0.05060201485354432,0.0,0.0,False,False,False,0.6102768986299271,1.6084839997112538e-05,8.849020596681667e-05,0.0006585064019551347,0.07119592402885581,2.565907148423292e-05,0.002100976295890766,0.0,0.0,0.0,0.0,2.3231529954171032e-35,0.0,0.0,0.5368915080992137,0.0,0.0,0.0,0.0,0.0,0.0,0.0,False,0.1,-0.09489050507545471,-0.003176675410941243,25.26684105877544,50.162637313755965,197.59144207313665,212.8003828213855,-0.9489050507545471,-0.031766753643751144,-0.032758504638700406,-0.0032589302987979796,-0.032758504638700406,-0.0032589302987979935,0.23243288547547625,-0.05033574002966734,-0.32560894130464346,-0.06901745900670846,0.0021197331479844757,-4.15031064633707e-06,6084.63409302142,True,True,True,Z_mode_existing_controller,False,0.07831197579104432,0.0,3.292021040115285,False,False,False,0.74461856062077,3.8716272832993834e-05,0.0002129962721341407,0.000648615044625119,0.07012649733396084,1.6455886047230396e-05,0.001347415339419256,0.0,0.0,0.0,0.0,9.617752378084001e-09,0.0,0.0,0.6729316420575034,0.0,0.0,0.0,0.0,0.0,0.0,0.0,False,-26.868332398168604,0.4396354697727858,0.31471990551109447,0.09330285480276
900,-27.30184565118452,-5254.966394795975,11.789840091159764,5.91309932643131,40.70918820709172,23.3399610268186,0.1,0.0,0.0,25.388923050870694,50.20519896568935,192.1410281294256,211.3349374573362,0.0,0.0,0.0,0.0,-1.3183898417423734e-16,1.3183898417423734e-16,0.26014284641297625,-0.05033574002966734,nan,nan,-0.0012420468877870254,-2.2409005507156507e-05,6341.0140656522735,True,True,True,Z_mode_existing_controller,False,0.05060201485354432,0.0,0.0,False,False,False,-0.5372813025334972,1.7937048968625536e-05,9.868007129418042e-05,0.004831186623370115,0.5223347788046531,0.00021121203757204846,0.01729413648573923,0.0,0.0,0.0,0.0,6.630013833553059e-34,0.0,0.0,-1.0770088978951837,0.0,0.0,0.0,0.0,0.0,0.0,0.0,False,0.1,-0.09419912844896317,-0.0008103763684630394,25.30114749087964,50.16309678925963,190.69070293416908,211.48399058435078,-0.9419912695884705,-0.008103763684630394,-0.03253568113180848,-0.0019276078447740264,-0.032535681131808464,-0.0019276078447740541,0.23243288547547625,-0.05033574002966734,-0.32560894130464346,-0.055136462886477715,-0.0012347028494283036,-2.2658862901631495e-05,6313.712220001089,True,True,True,Z_mode_existing_controller,False,0.07831197579104432,0.0,3.2592732605811867,False,False,False,-0.40077207427757455,5.777852521583427e-05,0.00031786661214696033,0.004762020066407881,0.5148566784852028,0.000173288852172531,0.014188969034998998,0.0,0.0,0.0,0.0,1.8220697918119474e-08,0.0,0.0,-0.9301356066306212,0.0,0.0,0.0,0.0,0.0,0.0,0.0,False,-27.30184565118452,0.4305596134705324,0.3333229941399912,0.09368410964555085
901,-26.36413151256147,-5281.330526308537,8.028825637310351,5.77780328124223,36.584012950849655,20.741255882823825,0.1,0.0,0.0,25.367838431018832,50.20438318745297,196.30513211940197,212.17276897402164,0.0,0.0,0.0,0.0,-3.8163916471489756e-17,6.245004513516506e-17,0.26014284641297625,-0.05033574002966734,nan,nan,0.002318990960948143,-0.0001661844607737271,6055.933646009162,True,True,True,Z_mode_existing_controller,False,0.05060201485354432,0.0,0.0,False,False,False,0.8881207956820617,1.5393680409692442e-05,8.468781475510903e-05,0.0017339762039337227,0.1874727986190788,7.019616503514258e-05,0.005747693516185692,0.0,0.0,0.0,0.0,1.3589843170082434e-34,20.0,0.0,-19.305184384267957,20.0,20.0,0.0,0.0,0.0,0.0,0.0,False,0.1,-0.09453824907541275,-0.0015744240954518318,25.279430936144884,50.162110053546854,194.82194036245238,212.27197697518577,-0.9453824758529663,-0.015744240954518318,-0.03266808076761074,-0.0023592898752124794,-0.03266808076761064,-0.0023592898752125835,0.23243288547547625,-0.05033574002966734,-0.32560894130464346,-0.059629274730650925,0.0023119503681782424,-0.00016593882278039007,6029.5695144966,True,True,True,Z_mode_existing_controller,False,0.07831197579104432,0.0,3.2753163965553216,False,False,False,1.0199414532448692,2.8317683135617932e-05,0.00015578878084107246,0.0017067122688848807,0.1845250959958365,6.209225521411497e-05,0.005084141740803732,0.0,0.0,0.0,0.0,2.0387903896407948e-09,20.0,0.0,-19.1698235753114,20.0,20.0,0.0,0.0,0.0,0.0,0.0,False,-26.36413151256147,0.43534379756514235,0.34858890713966356,0.09405257971120552
902,-26.61773704020743,-5307.948263348744,9.498258858027441,5.016774619959219,38.366789247184926,27.521995990833567,0.1,0.0,0.0,25.40361582711432,50.201340609192386,189.2857954044025,210.49395443581892,0.0,0.0,0.0,0.0,-1.249000902703301e-16,-4.85722573273506e-17,0.055419921875,0.0,nan,nan,0.0004923658573518094,6.344352788483203e-05,6039.907654415161,False,True,True,Omega_safe_one_step_QP,False,0.33251953125,0.0,0.0,False,False,False,0.9682507536520643,1.5914974183358603e-05,8.755569490867093e-05,0.004927108791853953,0.532705623187915,0.00028184182536807967,0.023077335228314177,0.0,0.0,0.0,0.0,1.984911548934095e-34,20.0,0.0,-19.587619760459074,20.0,20.0,0.0,0.0,0.0,0.0,0.0,False,0.1,-0.09419966489076614,0.0007185372523963451,25.3143367041618,50.1589029823248,187.79810524812646,211.37563653463684,-0.9419966340065002,0.007185372523963451,-0.03299858132220511,0.005426583497432615,-0.03299858132220508,0.005426583497432726,0.0277099609375,0.0,-0.387939453125,0.0031704952272064335,0.0004919239910593422,6.351419835027823e-05,6013.289917374954,False,True,True,Omega_safe_one_step_QP,False,0.3602294921875,0.0,3.344180284812409,False,False,False,1.1013394388531015,2.716289822857565e-05,0.00014943577053510193,0.004933425971323781,0.5333886194781183,8.034261853634421e-05,0.0065784896853487785,0.0,0.0,0.0,0.0,6.072905479145448e-07,20.0,0.0,-19.438777713371447,20.0,20.0,0.0,0.0,0.0,0.0,0.0,False,-26.61773704020743,0.44069774842914883,0.3609733098370525,0.09442503653098404
903,-12.192972823224409,-5320.141236171969,10.092244629650626,4.249014224879743,40.111718245020406,25.462975441789546,0.1,0.0,0.0,25.40619744564443,50.20180870258392,188.76928960863543,210.40590054633444,0.0,0.0,0.0,0.0,1.249000902703301e-16,9.020562075079397e-17,0.055419921875,0.0,nan,nan,-0.0005139023573948584,1.5785133622797654e-05,6087.346937028476,False,True,True,Omega_safe_one_step_QP,False,0.33251953125,0.0,0.0,False,False,False,0.7310543405854923,1.4579384361864453e-05,8.020799245018098e-05,2.667782370609784e-05,0.00288433385642917,7.75348745334584e-07,6.348590345514233e-05,0.0,0.0,0.0,0.0,8.16594296420188e-34,0.0,0.0,0.7280263128331578,0.0,0.0,0.0,0.0,0.0,0.0,0.0,False,0.1,-0.09057693928480148,-0.0029661713633686304,25.316145557132476,50.159180523893184,187.8991442589272,211.19716477031346,-0.9057693481445312,-0.029661713168025017,-0.03170376083755731,0.0037034007423958,-0.03170376083755731,0.0037034007423957793,0.0277099609375,0.0,-0.387939453125,-0.01361149315629406,-0.0005121949816153017,1.57382801182983e-05,6075.153964205251,False,True,True,Omega_safe_one_step_QP,False,0.3602294921875,0.0,3.1919330010258933,False,False,False,0.7920192047016144,3.6474672505120056e-05,0.0002006641833633203,1.0208881703593483e-06,0.00011037565679401522,3.1852170660698737e-06,0.00026080700376051024,0.0,0.0,0.0,0.0,4.6459188947202024e-08,0.0,0.0,0.7914473113985075,0.0,0.0,0.0,0.0,0.0,0.0,0.0,False,-12.192972823224409,0.2003002777623248,0.35926127427752425,0.09453956485470555
904,-4.807898507310711,-5324.949134679279,11.17179542201978,6.217772997032647,43.928448283176465,20.043190252962813,0.1,0.0,0.0,25.3932565029968,50.2012423815607,191.32503575520752,210.9145591959968,0.0,0.0,0.0,0.0,-8.326672684688674e-17,4.85722573273506e-17,0.26014284641297625,-0.05033574002966734,nan,nan,-0.00035250450930594243,-0.00011647679413287308,6257.416982178986,True,True,True,Z_mode_existing_controller,False,0.05060201485354432,0.0,0.0,False,False,False,-0.11929588516705734,1.3597400782202092e-05,7.480564283178544e-05,0.000653183836571809,0.07062046271284618,2.5873362187632646e-05,0.002118522514917017,0.0,0.0,0.0,0.0,4.506676069866132e-34,0.0,0.0,-0.19210967603765233,0.0,0.0,0.0,0.0,0.0,0.0,0.0,False,0.1,-0.09329397231340408,-0.0011750306002795696,25.30296739968138,50.1585228690215,190.78132669841605,211.18742008567116,-0.9329397082328796,-0.011750306002795696,-0.032186499382616154,-0.00211692324572621,-0.03218649938261628,-0.002116923245726321,0.23243288547547625,-0.05033574002966734,-0.32560894130464346,-0.05736423508077089,-0.00034670265559950345,-0.00011654139375575669,6252.609083671675,True,True,True,Z_mode_existing_controller,False,0.07831197579104432,0.0,3.225603984582499,False,False,False,-0.0952563926305038,4.2758989802552366e-05,0.00023523714349910294,0.0008306975614497862,0.08981276461449535,9.495887877787195e-09,7.775275637673291e-07,0.0,0.0,0.0,0.0,3.4109207829595205e-07,0.0,0.0,-0.1853055130081403,0.0,0.0,0.0,0.0,0.0,0.0,0.0,False,-4.807898507310711,0.07683519447407008,0.34707520493029914,0.09451990033359778
905,-8.874504695824726,-5333.823639375104,11.020650931146303,6.025230057756917,38.367559138570414,22.465336129922004,0.1,0.0,0.0,25.384852016618222,50.19842919120527,193.01291272311096,211.108667762849,0.0,0.0,0.0,0.0,-1.3183898417423734e-16,-6.245004513516506e-17,0.26014284641297625,-0.05033574002966734,nan,nan,-0.00047950793664263146,-6.893366186700323e-05,6284.8810708348365,True,True,True,Z_mode_existing_controller,False,0.05060201485354432,0.0,0.0,False,False,False,-0.2566163284463119,1.3778844481832356e-05,7.580384923946779e-05,0.00028489286587788927,0.030801843042350785,3.7678135725418023e-06,0.00030851026733801084,0.0,0.0,0.0,0.0,1.4685215825952675e-34,0.0,0.0,-0.28780248560524013,0.0,0.0,0.0,0.0,0.0,0.0,0.0,False,0.1,-0.09333013743162155,-0.0007525032269768417,25.294652534045248,50.15568502179911,192.3006540967717,211.37559428943348,-0.9333013892173767,-0.007525031920522451,-0.03221427235863421,-0.0018817017308217845,-0.032214272358634284,-0.0018817017308217845,0.23243288547547625,-0.05033574002966734,-0.32560894130464346,-0.05483512561931948,-0.0004742944677740158,-6.900078055344355e-05,6276.006566139012,True,True,True,Z_mode_existing_controller,False,0.07831197579104432,0.0,3.226918258958597,False,False,False,-0.21224380496718823,5.046517124401079e-05,0.0002776324413755339,0.0002308355743394125,0.024957315471848412,3.540953096158144e-06,0.00028993482965510665,0.0,0.0,0.0,0.0,5.610049927088172e-10,0.0,0.0,-0.23776868827107228,0.0,0.0,0.0,0.0,0.0,0.0,0.0,False,-8.874504695824726,0.1412040195479133,0.34711603114250367,0.09457192266362707
906,-13.992159021279804,-5347.815798396384,12.600131611914712,6.131970837161993,41.7828768850895,24.797717010489595,0.1,0.0,0.0,25.375946846291797,50.19683621963904,194.78513722356251,211.3909521535876,0.0,0.0,0.0,0.0,-1.2175590397012215e-16,-1.3877787807814457e-16,0.26014284641297625,-0.05033574002966734,nan,nan,-0.001845928855962391,3.862315084499947e-05,6490.131271522205,True,True,True,Z_mode_existing_controller,False,0.05060201485354432,0.0,0.0,False,False,False,-1.2828673318831534,2.1037751824729722e-05,0.00011573848371406224,0.0003140779680000771,0.03395725703270293,7.96844772546603e-06,0.0006524600781651904,0.0,0.0,0.0,0.0,5.927606588174009e-35,0.0,0.0,-1.3175927874777356,0.0,0.0,0.0,0.0,0.0,0.0,0.0,False,0.1,-0.09509959071874619,-0.0004315751721151173,25.285691441921347,50.15404060732315,193.8760543148858,211.64870826543589,-0.9509958624839783,-0.004315751604735851,-0.03284034716634153,-0.001730324328712618,-0.032840347166341655,-0.0017303243287125,0.23243288547547625,-0.05033574002966734,-0.32560894130464346,-0.05286821146955326,-0.0018347551381858842,3.845840943027365e-05,6476.139112500925,True,True,True,Z_mode_existing_controller,False,0.07831197579104432,0.0,3.288590008329361,False,False,False,-1.2129065367767544,8.008811014419862e-05,0.0004406020428817108,0.00024818858472339914,0.02683347583308729,7.4591243887843e-06,0.000610756454635015,0.0,0.0,0.0,0.0,4.14884782715177e-09,20.0,0.0,-21.240791375256208,20.0,20.0,0.0,0.0,0.0,0.0,0.0,False,-13.992159021279804,0.21559130988113376,0.3465066933224286,0.09471102439150074
907,-44.868306910068895,-5392.684105306453,11.851727986029545,3.910430151903373,37.94741841776381,25.964753548043365,0.1,0.0,0.0,25.34801587115954,50.19767372548066,200.27946752189885,212.60796858049392,0.0,0.0,0.0,0.0,3.469446951953614e-17,-6.938893903907228e-17,0.26014284641297625,-0.05033574002966734,nan,nan,-0.0026855762795500804,4.712519096546075e-05,6551.678847873195,True,True,True,Z_mode_existing_controller,False,0.05060201485354432,0.0,0.0,False,False,False,-1.590605213638105,4.090553234767414e-05,0.00022504040968251857,0.003018766542721666,0.32638084124671374,0.00014811289833598415,0.01212755062905521,0.0,0.0,0.0,0.0,2.9291544226021665e-34,20.0,0.0,-21.929338645923558,20.0,20.0,0.0,0.0,0.0,0.0,0.0,False,0.1,-0.09538912028074265,-0.005108570214360952,25.257634915675034,50.15479363792159,198.09626687088848,213.1133549442466,-0.9538912177085876,-0.0510857030749321,-0.044318362865087155,0.0009883458986811242,-0.044318362865087134,0.0009883458986811589,0.0277099609375,0.0,-0.387939453125,-0.022260129981772576,-0.002679895251601125,4.669922794668397e-05,6506.810540963126,False,True,True,Omega_safe_one_step_QP,False,0.3602294921875,0.0,4.432938206942404,False,False,False,-1.3662636790877605,0.00013028009353508788,0.0007167315504764488,0.0017810194017842665,0.1925589814265619,0.00021451898937512403,0.017564911184433388,0.0,0.0,0.0,0.0,1.3913601218596436e-06,20.0,0.0,-21.577105694609354,20.0,20.0,0.0,0.0,0.0,0.0,0.0,False,-44.868306910068895,0.6848367869043831,0.3690959942876239,0.09539496382193037
908,-49.97266350654263,-5442.656768812995,11.07300426111242,3.9673838806811803,47.630371525223836,22.733805581093485,0.1,0.0,0.0,25.312031914949312,50.199532289697586,207.3493303833687,214.2202042683072,0.0,0.0,0.0,0.0,4.163336342344337e-17,7.632783294297951e-17,0.055419921875,0.0,nan,nan,-0.0015172496297823366,-1.9459424212547784e-05,6641.136972662509,False,True,True,Omega_safe_one_step_QP,False,0.33251953125,0.0,0.0,False,False,False,-2.0378958375846743,5.096770603890374e-05,0.00028039711963864073,0.004998296087999077,0.5404022003405744,0.00025993039130588127,0.02128321716749735,0.0,0.0,0.0,0.0,2.1281525885478956e-34,20.0,0.1784546932896504,-22.778316345502038,20.178454693289652,20.178454693289652,0.0,0.0,0.0,0.0,0.0,False,0.1,-0.09649255126714706,-0.028848161920905113,25.22041195774487,50.15635224874349,204.95407169568014,213.67251109767898,-0.9649254679679871,-0.28848162293434143,-0.05220975497694896,-0.010490138365574764,-0.052209754976949074,-0.010490138365574882,0.0277099609375,0.0,-0.387939453125,-0.12426577431875645,-0.0015164390455755794,-1.9685139884493717e-05,6591.164309155966,False,True,True,Omega_safe_one_step_QP,False,0.3602294921875,0.0,5.3253183169477785,False,False,False,-1.788032520051961,0.00015262351991734367,0.0008396531588309709,0.004702948701493573,0.508470042916842,3.126556039212986e-05,0.002560038125384637,0.0,0.0,0.0,0.0,1.9402967046793045e-06,20.0,4.513014120579807,-26.81291831512953,24.513014120579808,24.513014120579808,0.0,0.0,0.0,0.0,0.0,False,-49.97266350654263,0.7524715076988995,0.39310052404846485,0.09616598970985563
909,-43.07467543690291,-5485.731444249898,10.45550038484532,5.275564554873435,43.15990069808943,26.791604782253447,0.1,0.0,0.0,25.299414630954065,50.20115218416437,209.81555237761333,214.83545085863898,0.0,0.0,0.0,0.0,8.326672684688674e-17,-1.3357370765021415e-16,0.055419921875,0.0,nan,nan,-0.00022322021521430525,7.374630104836199e-05,6634.590322049929,False,True,True,Omega_safe_one_step_QP,False,0.33251953125,0.0,0.0,False,False,False,-2.005162584521772,4.571380595951417e-05,0.0002514929651529438,0.0006082250924895911,0.06575964538653499,3.785283669148623e-05,0.003099407266935026,0.0,0.0,0.0,0.0,4.579199369334464e-34,20.0,0.0,-22.074273130140394,20.0,20.0,0.0,0.0,0.0,0.0,0.0,False,0.1,-0.09753978252410889,-0.02716883085668087,25.20631601467516,50.15767307465275,207.68060769032527,214.39280335147095,-0.9753978252410889,-0.271688312292099,-0.055784525795960965,-0.010477143590592663,-0.05578452579596091,-0.010477143590592729,0.0277099609375,0.0,-0.387939453125,-0.11577541321205383,-0.00022429288182453447,7.363420269727709e-05,6591.515646613026,False,True,True,Omega_safe_one_step_QP,False,0.3602294921875,0.0,5.675987892955825,False,False,False,-1.7897892073372577,0.00014118992478233416,0.0007767516199521378,0.0007433998530095523,0.08037437343173573,5.188209308727123e-05,0.004248129080763332,0.0,0.0,0.0,0.0,1.2779155272635386e-07,20.0,0.9690540138562261,-22.844242603117486,20.969054013856226,20.969054013856226,0.0,0.0,0.0,0.0,0.0,False,-43.07467543690291,0.649243937394975,0.41003010312193594,0.09681358279553207
910,-23.877273281915222,-5509.608717531813,10.587291533339833,4.392940363417963,37.91976616020477,26.927916608212634,0.1,0.0,0.0,25.30824274923852,50.20501509067464,208.02768910340018,214.6710571555187,0.0,0.0,0.0,0.0,-1.1102230246251565e-16,6.938893903907228e-18,0.055419921875,0.0,nan,nan,-0.0010149423141827957,5.90458097334285e-05,6606.708636363489,False,True,True,Omega_safe_one_step_QP,False,0.33251953125,0.0,0.0,False,False,False,-1.8657541560895743,5.044291486296211e-05,0.0002775099986441528,0.00031964550872801704,0.03455920441775049,2.7025289625599563e-06,0.00022128428508357126,0.0,0.0,0.0,0.0,5.74920181054971e-34,20.0,0.0,-21.90081215479105,20.0,20.0,0.0,0.0,0.0,0.0,0.0,False,0.1,-0.09569805860519409,-0.02472011186182499,25.21385401165092,50.16127852415351,206.6880027543508,214.43206061480225,-0.9569805860519409,-0.2472011148929596,-0.05356932061955426,-0.00941019811646008,-0.053569320619554175,-0.009410198116460131,0.0277099609375,0.0,-0.387939453125,-0.10736790443489032,-0.0010145738542851074,5.8972311677351046e-05,6582.831363081574,False,True,True,Omega_safe_one_step_QP,False,0.3602294921875,0.0,5.438955727188482,False,False,False,-1.746367789679998,0.00014997838525966295,0.0008251010395242106,9.852645589208808e-05,0.01065241286599282,1.5411327242636569e-07,1.2618863954173592e-05,0.0,0.0,0.0,0.0,6.045506618351224e-08,20.0,5.454319877923895,-27.21217786082843,25.454319877923894,25.454319877923894,0.0,0.0,0.0,0.0,0.0,False,-23.877273281915222,0.36140950957779666,0.40957725240797577,0.09712173407799449
911,-17.197327901851168,-5526.806045433665,10.01277187209414,5.177209326583745,39.74115378405778,22.719247520680725,0.1,0.0,0.0,25.303704930194645,50.208296704178686,208.8815947820889,215.03748441683592,0.0,0.0,0.0,0.0,-8.326672684688674e-17,-6.938893903907228e-17,0.055419921875,0.0,nan,nan,7.654199933345481e-05,-6.95380095281032e-05,6564.425459658085,False,True,True,Omega_safe_one_step_QP,False,0.33251953125,0.0,0.0,False,False,False,-1.6543382725625542,4.187790252517349e-05,0.0002303898714924187,7.291549080968656e-05,0.007883424866941342,1.3426893783644355e-05,0.0010994000926422532,0.0,0.0,0.0,0.0,6.596310059526283e-35,20.0,0.0,-21.66355148739363,20.0,20.0,0.0,0.0,0.0,0.0,0.0,False,0.1,-0.09628582745790482,-0.03231477364897728,25.208696897536257,50.16442524223434,207.81880232260613,214.51524145323944,-0.962858259677887,-0.323147714138031,-0.05513819903757444,-0.012985993713645241,-0.05513819903757444,-0.012985993713645332,0.0277099609375,0.0,-0.387939453125,-0.1394973391970058,7.406893678373223e-05,-6.949959681871922e-05,6547.228131756234,False,True,True,Omega_safe_one_step_QP,False,0.3602294921875,0.0,5.664677418739763,False,False,False,-1.5683516330532985,0.00013128533384614886,0.0007222618462200123,0.00012787076635664335,0.013825040029997184,6.919051883113376e-07,5.6653507533942426e-05,0.0,0.0,0.0,0.0,1.524769364337884e-07,20.0,0.08127450459071851,-21.664230245504704,20.08127450459072,20.08127450459072,0.0,0.0,0.0,0.0,0.0,False,-17.197327901851168,0.2619776552805416,0.40339783700955034,0.09731227781832572
912,-2.2589894192460633,-5529.065034852911,10.324034155652582,5.011577794980999,38.655527859772114,20.42267863952774,0.1,0.0,0.0,25.316235914156863,50.20913098473098,206.39939310121792,214.55065724806036,0.0,0.0,0.0,0.0,1.3877787807814457e-16,3.122502256758253e-17,0.055419921875,0.0,nan,nan,-0.00036189590490975747,-0.00013815394990010933,6538.381800635892,False,True,True,Omega_safe_one_step_QP,False,0.33251953125,0.0,0.0,False,False,False,-1.5241199774515917,3.900181718721217e-05,0.00021456718478990712,0.0006161325184518749,0.06661457480924532,2.370006922580298e-05,0.00194057231123813,0.0,0.0,0.0,0.0,5.942697584649865e-34,20.0,0.0,-21.592889691756866,20.0,20.0,0.0,0.0,0.0,0.0,0.0,False,0.1,-0.09592436254024506,-0.01989034377038479,25.220792712558215,50.16517946389723,205.9486202144877,214.65329637065264,-0.9592435956001282,-0.19890344142913818,-0.05292493997160369,-0.007422182915389427,-0.052924939971603704,-0.00742218291538951,0.0277099609375,0.0,-0.387939453125,-0.08618675709409633,-0.0003624384430898145,-0.00013816649764861015,6536.122811216646,False,True,True,Omega_safe_one_step_QP,False,0.3602294921875,0.0,5.344284863503582,False,False,False,-1.5128250303553614,0.00012517062983675718,0.0006886220078806616,0.00034975811175262867,0.03781489728707724,1.9059160221965463e-06,0.0001560572597903213,0.0,0.0,0.0,0.0,3.5854506291889747e-07,20.0,0.0,-21.551484965455174,20.0,20.0,0.0,0.0,0.0,0.0,0.0,False,-2.2589894192460633,0.034549671281453226,0.38470911591732165,0.09724010644392019
913,4.7386763874746975,-5524.326358465436,9.312969774864797,5.257272846170643,40.7163336269083,21.739268837322182,0.1,0.0,0.0,25.320134943103497,50.208205584128535,205.63957911736492,214.33053145515123,0.0,0.0,0.0,0.0,-1.5265566588595902e-16,-4.163336342344337e-17,0.055419921875,0.0,nan,nan,0.0008529214510818502,-0.00010626265151738364,6410.880178202958,False,True,True,Omega_safe_one_step_QP,False,0.33251953125,0.0,0.0,False,False,False,-0.8866118652869182,2.7538870510656072e-05,0.00015150416939297575,5.7731729005857816e-05,0.0062417977716723635,4.845536470387311e-06,0.0003967547021884097,0.0,0.0,0.0,0.0,9.024185495669442e-34,20.0,0.0,-20.89340192193017,20.0,20.0,0.0,0.0,0.0,0.0,0.0,False,0.1,-0.09626885503530502,-0.031779129058122635,25.224782900914438,50.16425306800231,205.49597371574316,214.0053464705788,-0.9626885056495667,-0.31779128313064575,-0.05265307965697408,-0.012196564384496428,-0.05265307965697416,-0.012196564384496438,0.0277099609375,0.0,-0.387939453125,-0.13720923934933124,0.0008470493078365973,-0.00010626106577386863,6415.618854590432,False,True,True,Omega_safe_one_step_QP,False,0.3602294921875,0.0,5.404722916254667,False,False,False,-0.9103052472242916,9.525747812494949e-05,0.0005240558103574238,2.048888528256929e-05,0.0022152026399177376,4.198390730057177e-05,0.0034376611835536777,0.0,0.0,0.0,0.0,2.2868626443222103e-07,20.0,0.0,-20.916482395544385,20.0,20.0,0.0,0.0,0.0,0.0,0.0,False,4.7386763874746975,-0.07391615902581106,0.3609393367858148,0.09704734738222341
914,20.158372271814187,-5504.167986193622,10.77994237110527,6.403996311432854,40.73142640072436,25.52474857240704,0.1,0.0,0.0,25.341630595647402,50.20780253981582,201.4046637434247,213.3982121491948,0.0,0.0,0.0,0.0,6.938893903907228e-17,-7.979727989493313e-17,0.055419921875,0.0,nan,nan,5.6004399954531856e-05,3.0253736294912244e-05,6464.070575695483,False,True,True,Omega_safe_one_step_QP,False,0.33251953125,0.0,0.0,False,False,False,-1.1525638527495448,2.5802675877834543e-05,0.00014195255304587883,0.001793450822443528,0.193903032871164,8.692192882590984e-05,0.0071172065664401925,0.0,0.0,0.0,0.0,5.076029109675609e-34,0.0,0.0,-1.3537260447401949,0.0,0.0,0.0,0.0,0.0,0.0,0.0,False,0.1,-0.09667236357927322,-0.003912593703716993,25.246538183186836,50.16391048861236,201.86531606168106,214.36236461406028,-0.966723620891571,-0.03912593424320221,-0.04901193291964709,0.0002483274366508227,-0.04901193291964703,0.0002483274366508331,0.0277099609375,0.0,-0.387939453125,-0.016822463217018833,5.888939153375107e-05,3.0339667260033572e-05,6484.228947967297,False,True,True,Omega_safe_one_step_QP,False,0.3602294921875,0.0,4.901256201256734,False,False,False,-1.2533557141086158,8.700277898082896e-05,0.000478642860798183,0.0013181675000999752,0.14251669067420653,1.2746195477497475e-05,0.0010436642096526296,0.0,0.0,0.0,0.0,1.6813328200280624e-06,20.0,0.0,-21.397396393186092,20.0,20.0,0.0,0.0,0.0,0.0,0.0,False,20.158372271814187,-0.3118526017894739,0.3241919459153703,0.09658354326463575
915,24.41279367836978,-5479.755192515252,8.01883913197041,6.170062961245782,36.83843058351018,22.29551760911689,0.1,0.0,0.0,25.347671164588913,50.20947349896339,200.19212494532644,213.23067715841475,0.0,0.0,0.0,0.0,4.85722573273506e-17,-8.673617379884035e-17,0.26014284641297625,-0.05033574002966734,nan,nan,0.002499669957714459,-0.00011997171095612814,6145.13682275016,True,True,True,Z_mode_existing_controller,False,0.05060201485354432,0.0,0.0,False,False,False,0.4421049119770714,1.7202576616742112e-05,9.463939636631271e-05,0.0001470250336893551,0.015895947401283535,2.8067973135668415e-06,0.00022982182448797627,0.0,0.0,0.0,0.0,4.81482486096809e-36,0.0,0.0,0.42588450335493355,0.0,0.0,0.0,0.0,0.0,0.0,0.0,False,0.1,-0.09658905118703842,-0.0016310656210407615,25.25345804298877,50.165703136569924,200.8748293470255,214.32473705814638,-0.9658905267715454,-0.01631065644323826,-0.04790618997883271,0.0013364749542816197,-0.04790618997883278,0.0013364749542816405,0.0277099609375,0.0,-0.387939453125,-0.007018926693567693,0.0024869484820436655,-0.00012039250259045795,6169.54961642853,False,True,True,Omega_safe_one_step_QP,False,0.3602294921875,0.0,4.792482867566088,False,False,False,0.3200409435852225,4.316347721051418e-05,0.00023746241736243947,9.810639319091652e-05,0.010606996827407362,1.4158329640536953e-07,1.159290389071732e-05,0.0,0.0,0.0,0.0,2.4067324712866403e-08,0.0,0.0,0.3091848673692373,0.0,0.0,0.0,0.0,0.0,0.0,0.0,False,24.41279367836978,-0.39727014031632607,0.2847552543892278,0.09605159027109411
916,63.30216883187677,-5416.453023683375,9.799112687731462,6.939524215644274,43.12062695200629,23.720446077351134,0.1,0.0,0.0,25.389358944822977,50.20794757420097,191.9897949749004,211.3864193308297,0.0,0.0,0.0,0.0,-1.3877787807814457e-17,1.457167719820518e-16,0.26014284641297625,-0.05033574002966734,nan,nan,0.0013414705083710117,-2.9600782413785956e-05,6133.412787863106,True,True,True,Z_mode_existing_controller,False,0.05060201485354432,0.0,0.0,False,False,False,0.5007250864123398,1.8061999650765284e-05,9.936748326720754e-05,0.006727821694374916,0.7273938124371331,0.00034012869346086895,0.027849890162732257,0.0,0.0,0.0,0.0,5.793438013959854e-34,20.0,0.0,-20.254617983670794,20.0,20.0,0.0,0.0,0.0,0.0,0.0,False,0.1,-0.0959741547703743,0.000209435514989309,25.29596745906089,50.16432007950484,194.29259274033132,212.2318751114721,-0.9597415328025818,0.0020943551789969206,-0.0328744853551704,-0.0013863113213140599,-0.032874485355170485,-0.001386311321314157,0.23243288547547625,-0.05033574002966734,-0.32560894130464346,-0.04911797700110097,0.0013398719723633663,-2.9749134527470248e-05,6196.714956694983,True,True,True,Z_mode_existing_controller,False,0.07831197579104432,0.0,3.29037026251899,False,False,False,0.18421424225295596,2.8222521199310404e-05,0.00015526525065080846,0.004332583874650492,0.46842720355098133,0.00043800711278372395,0.035864219091311676,0.0,0.0,0.0,0.0,2.333657089956033e-06,0.0,0.0,-0.3202347792970778,0.0,0.0,0.0,0.0,0.0,0.0,0.0,False,63.30216883187677,-1.032087208562582,0.2135091949079859,0.09484003989399312
917,46.802956084728066,-5369.650067598647,7.516055078173915,6.8316650493753865,36.90770764625405,23.73398537561881,0.1,0.0,0.0,25.406894418629946,50.206959649048414,188.5424635385639,210.58869216834663,0.0,0.0,0.0,0.0,8.326672684688674e-17,-6.245004513516506e-17,0.055419921875,0.0,nan,nan,0.0033006289787021635,-7.914016423031349e-05,5822.472970172265,False,True,True,Omega_safe_one_step_QP,False,0.33251953125,0.0,0.0,False,False,False,2.0554241748665434,3.230111830202768e-05,0.000177703515360927,0.0011884094031953858,0.12848759759034387,6.363686257633139e-05,0.005210614885261402,0.0,0.0,0.0,0.0,5.277048047621027e-34,20.0,37.46715896569482,-55.54561070681925,57.46715896569482,57.46715896569482,0.0,0.0,0.0,0.0,0.0,False,0.1,-0.094526007771492,0.002542405156418681,25.31580008551815,50.16374566552344,190.23121260037283,211.4585793619823,-0.9452600479125977,0.0254240520298481,-0.03239963588694124,-6.173523082245169e-05,-0.03239963588694132,-6.173523082238924e-05,0.23243288547547625,-0.05033574002966734,-0.32560894130464346,-0.03532644839288501,0.0032853791537996732,-7.994223218935753e-05,5869.275926256993,True,True,True,Z_mode_existing_controller,False,0.07831197579104432,0.0,3.2399694702961392,False,False,False,1.8214093944429033,6.956963952131094e-06,3.827350307110998e-05,0.001649480864124922,0.17833739192301817,5.979863161790204e-05,0.004896338810744466,0.0,0.0,0.0,0.0,1.979983836979975e-08,20.0,5.501481033143672,-23.863343662737442,25.501481033143673,25.501481033143673,0.0,0.0,0.0,0.0,0.0,False,46.802956084728066,-0.8038329473488881,0.15534719027879848,0.0939247822152298
918,51.59570903662825,-5318.054358562019,10.837337327621592,4.520634143052817,39.100296694633776,26.73143465154449,0.1,0.0,0.0,25.450969061216014,50.20444837812365,179.88118809537463,208.58975949802135,0.0,0.0,0.0,0.0,-2.7755575615628914e-17,1.1102230246251565e-16,0.055419921875,0.0,nan,nan,-0.0011970688908187984,5.854594619370207e-05,5944.710988392792,False,True,True,Omega_safe_one_step_QP,False,0.33251953125,0.0,0.0,False,False,False,1.4442340837639085,1.9461248317912384e-05,0.00010706540272284825,0.00750176923027937,0.8110709183923275,0.00039957318204937315,0.032717231583194034,0.0,0.0,0.0,0.0,4.241860702512887e-34,20.0,0.0,-19.399661131614337,20.0,20.0,0.0,0.0,0.0,0.0,0.0,False,0.1,-0.09434399008750916,0.011162404902279377,25.36146073087256,50.161534963635184,181.63718249250013,210.4979371735029,-0.9434399008750916,0.11162404716014862,-0.02663644989236237,0.011142772211404556,-0.026636449892362482,0.011142772211404667,0.0277099609375,0.0,-0.387939453125,0.04917798211478311,-0.0011887149472444495,5.8734898959696786e-05,5996.306697429421,False,True,True,Omega_safe_one_step_QP,False,0.3602294921875,0.0,2.88732027219633,False,False,False,1.1862555385807674,1.7682984350770776e-05,9.728234334868119e-05,0.007385735349502241,0.7985256502885488,9.228334142864862e-05,0.00755620143801089,0.0,0.0,0.0,0.0,1.5875529983103116e-06,20.0,0.0,-19.619925183042138,20.0,20.0,0.0,0.0,0.0,0.0,0.0,False,51.59570903662825,-0.867926281653898,0.09296923960899707,0.09292565353157146
919,35.35678020760224,-5282.697578354417,9.553864351356417,5.590218640395973,39.788016363384685,30.062134162323147,0.1,0.0,0.0,25.420422265223998,50.20335266882127,185.91394969767242,209.8106427366465,0.0,0.0,0.0,0.0,1.1102230246251565e-16,-2.7755575615628914e-17,0.055419921875,0.0,nan,nan,0.0007739452402275053,0.00014566702482647414,5963.957489654897,False,True,True,Omega_safe_one_step_QP,False,0.33251953125,0.0,0.0,False,False,False,1.3480015774533876,2.124519249722773e-05,0.0001168797115931421,0.0036394212550158673,0.3934843433743361,0.00014905558823558664,0.012204738501369978,0.0,0.0,0.0,0.0,3.851859888774472e-34,20.0,0.0,-19.057804384133913,20.0,20.0,0.0,0.0,0.0,0.0,0.0,False,0.1,-0.09246229380369186,-0.015323668718338013,25.332902143229212,50.16073995538407,187.0631120023361,210.47723344566518,-0.9246229529380798,-0.15323668718338013,-0.03157913528846955,-0.001109592585311625,-0.03157913528846963,-0.0011095925853116806,0.0277099609375,0.0,-0.387939453125,-0.06888509534046128,0.000772841327096512,0.0001456120242823906,5999.314269862499,False,True,True,Omega_safe_one_step_QP,False,0.3602294921875,0.0,3.159862309140773,False,False,False,1.1712176764153766,1.54244802248227e-05,8.48572589015914e-05,0.002944071104570893,0.3183049733066374,4.2864434637808826e-08,3.509759157346519e-06,0.0,0.0,0.0,0.0,1.745505820367049e-06,20.0,0.0,-19.14717740941514,20.0,20.0,0.0,0.0,0.0,0.0,0.0,False,35.35678020760224,-0.5928409159342978,0.04368456699995412,0.09221174700882474
920,36.219903258330305,-5246.477675096086,9.120440394428142,4.7743270416410155,37.32680645848318,24.04066811451645,0.1,0.0,0.0,25.424433464555165,50.204938919244405,185.10247630403526,209.72390704274133,0.0,0.0,0.0,0.0,-6.938893903907228e-17,-1.3877787807814457e-16,0.055419921875,0.0,nan,nan,0.0007448635769594651,-4.882762111027691e-05,5902.555811606477,False,True,True,Omega_safe_one_step_QP,False,0.33251953125,0.0,0.0,False,False,False,1.655009967695487,2.12120447225554e-05,0.00011669735022625113,6.584890685810057e-05,0.007119404999151316,7.523080597213616e-07,6.15993217702128e-05,0.0,0.0,0.0,0.0,4.48741677042226e-34,20.0,0.0,-18.35228773397566,20.0,20.0,0.0,0.0,0.0,0.0,0.0,False,0.1,-0.09363571554422379,-0.009128523990511894,25.338260498701526,50.1625596013698,186.295700558744,210.66818085950706,-0.9363571405410767,-0.09128523617982864,-0.031228496720095103,0.001607816934094862,-0.03122849672009513,0.0016078169340949244,0.0277099609375,0.0,-0.387939453125,-0.040521564083308856,0.0007415196268946412,-4.911456581991659e-05,5938.775714864807,False,True,True,Omega_safe_one_step_QP,False,0.3602294921875,0.0,3.1269859012962633,False,False,False,1.4739104514038355,1.3150896778117156e-05,7.23492160787946e-05,5.8892032375614774e-05,0.006367246621248271,3.6460914852903316e-06,0.0002985436081719209,0.0,0.0,0.0,0.0,7.507261901793355e-08,20.0,0.0,-18.532827763114284,20.0,20.0,0.0,0.0,0.0,0.0,0.0,False,36.219903258330305,-0.6136308476255216,-0.006761779088828513,0.09148525434097042
921,40.22105486581222,-5206.256620230274,11.467842108686323,5.982144361796182,37.420055097208895,26.102037070111304,0.1,0.0,0.0,25.42733262602477,50.202505384434254,184.55752407794785,209.46297268315422,0.0,0.0,0.0,0.0,8.326672684688674e-17,-2.7755575615628914e-17,0.055419921875,0.0,nan,nan,-0.0009907017375183798,4.043794237407758e-05,6121.402880240156,False,True,True,Omega_safe_one_step_QP,False,0.33251953125,0.0,0.0,False,False,False,0.5607746245270891,1.5578366654184176e-05,8.57038599142306e-05,2.9697292871763188e-05,0.003210790663360607,6.808674001313574e-06,0.000557497284810078,0.0,0.0,0.0,0.0,3.5629703971163865e-34,20.0,0.0,-19.443079367280994,20.0,20.0,0.0,0.0,0.0,0.0,0.0,False,0.1,-0.09203474968671799,-0.006747373379766941,25.34250358289543,50.16035325569933,185.85812287842109,210.52531791567912,-0.9203475117683411,-0.06747373193502426,-0.030196890623616315,0.002740947983263034,-0.030196890623616246,0.00274094798326293,0.0277099609375,0.0,-0.387939453125,-0.030472639968137788,-0.000979990977066259,4.0734548202170894e-05,6161.6239351059685,False,True,True,Omega_safe_one_step_QP,False,0.3602294921875,0.0,3.0321032290830785,False,False,False,0.35966935019802804,2.4470674825322895e-05,0.00013462459407917902,1.9147422631677266e-05,0.002070167340797042,2.040982071918396e-06,0.00016711652859588124,0.0,0.0,0.0,0.0,2.348197112880987e-08,0.0,0.0,0.35729741825258476,0.0,0.0,0.0,0.0,0.0,0.0,0.0,False,40.22105486581222,-0.6570561626591429,-0.059769740597727015,0.09068710025191556
922,32.755170727737095,-5173.501449502537,8.29188711128504,5.181760596023824,44.157313300855414,25.348528063903604,0.1,0.0,0.0,25.403754849564926,50.201778893056044,189.21208794051813,210.4107276062243,0.0,0.0,0.0,0.0,-1.249000902703301e-16,-1.3877787807814457e-17,0.055419921875,0.0,nan,nan,0.0019552450726363934,1.2319131988836746e-06,5915.543442494195,False,True,True,Omega_safe_one_step_QP,False,0.33251953125,0.0,0.0,False,False,False,1.5900718132568954,2.092896397437556e-05,0.00011513999101620169,0.0021664964750745213,0.23423571584152741,8.982393942035711e-05,0.007354824497124244,0.0,0.0,0.0,0.0,4.3526016743151535e-34,20.0,0.04317130668563242,-18.694805173758404,20.043171306685633,20.043171306685633,0.0,0.0,0.0,0.0,0.0,False,0.1,-0.09297911077737808,-0.0019503073999658227,25.320562210284663,50.15987871544898,190.29536171445523,210.9373605680629,-0.9297910928726196,-0.019503073766827583,-0.031778919836865066,-0.00254462864161166,-0.03177891983686505,-0.0025446286416115696,0.23243288547547625,-0.05033574002966734,-0.32560894130464346,-0.06204109078168282,0.0019461362892349218,8.507439280065927e-07,5948.298613221932,True,True,True,Z_mode_existing_controller,False,0.07831197579104432,0.0,3.1880634888935275,False,False,False,1.4262959596182099,1.1476430885554797e-05,6.313719831897528e-05,0.001968908848800961,0.2128730782309476,1.6977914738345644e-05,0.0013901592830760623,0.0,0.0,0.0,0.0,3.0440136688992344e-07,20.0,0.0,-18.7880307194955,20.0,20.0,0.0,0.0,0.0,0.0,0.0,False,32.755170727737095,-0.5537136367293145,-0.10714529121554288,0.09002377986514845
923,28.018515675392337,-5145.482933827145,8.740476950185085,6.8624375228250685,38.49807421020291,25.966592665955883,0.1,0.0,0.0,25.42821810152369,50.20099290739021,184.39665936048988,209.33241643957487,0.0,0.0,0.0,0.0,-1.3877787807814457e-17,6.938893903907228e-17,0.055419921875,0.0,nan,nan,0.0021903188884203908,8.440768123386694e-06,5847.338000874695,False,True,True,Omega_safe_one_step_QP,False,0.33251953125,0.0,0.0,False,False,False,1.9310990213543937,3.112485363845491e-05,0.00017123233489722776,0.0023188352409352925,0.25070616953593516,0.000116275497212085,0.009520689927755838,0.0,0.0,0.0,0.0,1.925929944387236e-34,20.0,41.92427591969908,-60.25357499014327,61.92427591969908,61.92427591969908,0.0,0.0,0.0,0.0,0.0,False,0.1,-0.09235095977783203,-0.006021011620759964,25.346182191393154,50.15931090783847,185.25571769687625,210.36831735343156,-0.9235095977783203,-0.06021011620759964,-0.02969826458848948,0.0032543142337537884,-0.029698264588489606,0.003254314233753927,0.0277099609375,0.0,-0.387939453125,-0.027099122285820735,0.002185386138505996,8.169323641877549e-06,5875.356516550088,False,True,True,Omega_safe_one_step_QP,False,0.3602294921875,0.0,2.98760352239039,False,False,False,1.791006442977432,4.304647403534566e-06,2.368187283315699e-05,0.0025398011823919596,0.27459640710113553,3.238101801179643e-05,0.002651372296203338,0.0,0.0,0.0,0.0,3.795686473434454e-07,20.0,10.436129148721676,-28.922394546583064,30.436129148721676,30.436129148721676,0.0,0.0,0.0,0.0,0.0,False,28.018515675392337,-0.47916702730714533,-0.13945795291069063,0.0894452216317682
924,42.6773033570671,-5102.805630470078,9.286293605352455,5.570789288644551,37.86357862740609,23.274286765816676,0.1,0.0,0.0,25.45222714538038,50.19960562321924,179.67784776386395,208.2401700491122,0.0,0.0,0.0,0.0,1.1102230246251565e-16,1.3877787807814457e-17,0.055419921875,0.0,nan,nan,0.0009939399592479733,-6.735849220469237e-05,5789.504227201357,False,True,True,Omega_safe_one_step_QP,False,0.33251953125,0.0,0.0,False,False,False,2.2202678897210855,3.102112714323652e-05,0.000170661687074325,0.0022267182884451323,0.24074673477298203,0.00011930021774787148,0.009768355403542301,0.0,0.0,0.0,0.0,1.8681520460556187e-34,20.0,49.61581277462146,-67.64623063676397,69.61581277462146,69.61581277462146,0.0,0.0,0.0,0.0,0.0,False,0.1,-0.08770284056663513,-0.009200755506753922,25.371224430899968,50.15809309886474,181.1545154908379,209.22302354227253,-0.8770284056663513,-0.09200755506753922,-0.024117171721173516,0.002589008615043381,-0.024117171721173433,0.0025890086150434644,0.0277099609375,0.0,-0.387939453125,-0.043605071518851866,0.0009924645348955757,-6.76758135812112e-05,5832.181530558424,False,True,True,Omega_safe_one_step_QP,False,0.3602294921875,0.0,2.425574029868667,False,False,False,2.0068813729357498,3.2134968255183766e-06,1.76789446469396e-05,0.001681985953481384,0.1818517539178337,0.00013116979138791886,0.010740241423478496,0.0,0.0,0.0,0.0,3.1591229159895174e-07,20.0,14.703755697398337,-32.889484314660834,34.703755697398336,34.703755697398336,0.0,0.0,0.0,0.0,0.0,False,42.6773033570671,-0.7371495327104595,-0.17803823395170695,0.0886141696935398
925,44.534142923311265,-5058.271487546766,11.100144629319827,3.6220148955349156,41.73605197731458,22.106212002183426,0.1,0.0,0.0,25.45439188229163,50.195973411010904,179.29178456037428,207.94425835670845,0.0,0.0,0.0,0.0,5.551115123125783e-17,-4.163336342344337e-17,0.055419921875,0.0,nan,nan,-0.001959847092588533,-6.588551626615083e-05,5956.204434377459,False,True,True,Omega_safe_one_step_QP,False,0.33251953125,0.0,0.0,False,False,False,1.3867668538405769,1.3469646022114954e-05,7.410280431829189e-05,1.4904479708870603e-05,0.0016114318735426234,8.756372970125926e-06,0.0007169757510328387,0.0,0.0,0.0,0.0,6.162975822039155e-35,20.0,0.0,-18.615635656588317,20.0,20.0,0.0,0.0,0.0,0.0,0.0,False,0.1,-0.0861997902393341,-0.005874676164239645,25.374970299596605,50.15472899494585,180.79286499504659,209.07521557595672,-0.8619979023933411,-0.058746762573719025,-0.023323714040210275,0.004121052549065224,-0.023323714040210136,0.004121052549065113,0.0277099609375,0.0,-0.387939453125,-0.028327281292604763,-0.001951027871195383,-6.579477230228884e-05,6000.73857730077,False,True,True,Omega_safe_one_step_QP,False,0.3602294921875,0.0,2.3684989143794306,False,False,False,1.1640961392240206,1.5540196549531083e-05,8.549386836795887e-05,1.3079108110609989e-05,0.0014140776530698388,2.1847194906415574e-06,0.00017888581298933465,0.0,0.0,0.0,0.0,2.976733707252183e-08,20.0,0.0,-18.837582347877742,20.0,20.0,0.0,0.0,0.0,0.0,0.0,False,44.534142923311265,-0.7476933240617682,-0.221426193086788,0.08775003636838821
926,21.156472912864956,-5037.115014633901,9.8797025842718,4.122885779841894,36.830962975184505,26.213642070825646,0.1,0.0,0.0,25.411941322653725,50.19232011375419,187.70132277912793,209.52574328774472,0.0,0.0,0.0,0.0,-4.163336342344337e-17,-5.551115123125783e-17,0.055419921875,0.0,nan,nan,-0.00043540330619404907,2.332768584635157e-05,6041.328573837063,False,True,True,Omega_safe_one_step_QP,False,0.33251953125,0.0,0.0,False,False,False,0.9611461565425543,1.1530642756868027e-05,6.343544310469995e-05,0.0070720333052678355,0.7646090371125828,0.0002501094587094801,0.02047907479620154,0.0,0.0,0.0,0.0,9.62964972193618e-35,20.0,0.0,-19.824005390809333,20.0,20.0,0.0,0.0,0.0,0.0,0.0,False,0.1,-0.08990276604890823,-0.0060534109361469746,25.334268834350542,50.151350843089936,188.26127691210934,210.5237231441492,-0.8990276455879211,-0.06053410843014717,-0.03180220416828997,0.002918311050406762,-0.03180220416828993,0.0029183110504067897,0.0277099609375,0.0,-0.387939453125,-0.02798686646993966,-0.0004346423622133217,2.327066881731548e-05,6062.485046749928,False,True,True,Omega_safe_one_step_QP,False,0.3602294921875,0.0,3.1935822039655233,False,False,False,0.8553637919782295,2.1923653473707868e-05,0.00012061224182408952,0.005577717656292493,0.6030476869059566,0.00020981741751108584,0.01717994436886327,0.0,0.0,0.0,0.0,7.333138196454141e-07,0.0,0.0,0.2350148151477659,0.0,0.0,0.0,0.0,0.0,0.0,0.0,False,21.156472912864956,-0.35019570040415343,-0.25057436039498293,0.08729153249351233
927,22.967857952490704,-5014.147156681411,9.459268720915473,5.801041271910318,41.24097973315497,27.329678641758736,0.1,0.0,0.0,25.399323543095896,50.19176614131175,190.19323297490195,210.02151570305085,0.0,0.0,0.0,0.0,1.1796119636642288e-16,1.249000902703301e-16,0.055419921875,0.0,nan,nan,0.0010138274672180725,6.734348102746058e-05,6057.237120203923,False,True,True,Omega_safe_one_step_QP,False,0.33251953125,0.0,0.0,False,False,False,0.8816034247082553,1.3253214951862652e-05,7.29121160685062e-05,0.000620961642380247,0.06713668657506798,2.4579028777847875e-05,0.0020125419140753897,0.0,0.0,0.0,0.0,5.801863957466548e-34,20.0,0.0,-19.187618715896956,20.0,20.0,0.0,0.0,0.0,0.0,0.0,False,0.1,-0.09274974465370178,-0.0009453302482143044,25.322510328035342,50.1509218041103,190.85045813994736,210.5452476462489,-0.9274974465370178,-0.0094533022493124,-0.031618090814098034,-0.00198021693320255,-0.03161809081409801,-0.001980216933202647,0.23243288547547625,-0.05033574002966734,-0.32560894130464346,-0.05602345184594952,0.0010117380913405739,6.725932606296055e-05,6080.204978156414,True,True,True,Z_mode_existing_controller,False,0.07831197579104432,0.0,3.1680039864733436,False,False,False,0.7667641349458018,1.5442003212144003e-05,8.495366102666659e-05,0.0006703859430588826,0.07248030775452495,4.633041906403684e-08,3.7935555186414417e-06,0.0,0.0,0.0,0.0,2.402947413339654e-07,20.0,0.0,-19.30580516032001,20.0,20.0,0.0,0.0,0.0,0.0,0.0,False,22.967857952490704,-0.37918043320248074,-0.30650517013877343,0.08680239074153583
928,13.22340221219656,-5000.923754469214,9.719595404739461,6.446697155175401,39.11452459347275,24.22991136481452,0.1,0.0,0.0,25.410506880159563,50.192480910621406,187.97812108041362,209.58488984077692,0.0,0.0,0.0,0.0,1.1102230246251565e-16,1.249000902703301e-16,0.055419921875,0.0,nan,nan,0.0010505640396068407,-2.9851186358157648e-05,6030.644098024501,False,True,True,Omega_safe_one_step_QP,False,0.33251953125,0.0,0.0,False,False,False,1.0145685356053673,1.496837227611765e-05,8.234799637045914e-05,0.0004906720705103682,0.05305013186115945,1.9064214360645122e-05,0.001560986433047974,0.0,0.0,0.0,0.0,4.81482486096809e-37,20.0,0.0,-19.04012493068521,20.0,20.0,0.0,0.0,0.0,0.0,0.0,False,0.1,-0.09050595015287399,-0.0012373017380014062,25.334585609691633,50.15178958568745,188.2056387608835,210.73597940261004,-0.9050594568252563,-0.012373017147183418,-0.03198144064111601,0.004948197296927935,-0.031981440641115896,0.004948197296927817,0.0277099609375,0.0,-0.387939453125,-0.005682319687822938,0.0010504590047916728,-2.9982185772871274e-05,6043.867500236697,False,True,True,Omega_safe_one_step_QP,False,0.3602294921875,0.0,3.2361971540228374,False,False,False,0.9484515245443845,1.0575272233678144e-05,5.817950432092128e-05,0.0006995069547871824,0.07562879246552508,3.6378602884607443e-06,0.0002978696340791171,0.0,0.0,0.0,0.0,4.813494684106824e-07,20.0,0.0,-19.127533798409008,20.0,20.0,0.0,0.0,0.0,0.0,0.0,False,13.22340221219656,-0.2192701475540273,-0.3594525130477543,0.08648318586988445
929,20.910351558806724,-4980.013402910407,8.192235956130038,7.245594756855013,41.0284134136576,23.139576425325338,0.1,0.0,0.0,25.420407134803963,50.19090619482116,186.0428913152102,209.07640590818676,0.0,0.0,0.0,0.0,-1.3877787807814457e-17,1.3877787807814457e-17,0.055419921875,0.0,nan,nan,0.002936114455842812,-7.544822745712875e-05,5831.778997055033,False,True,True,Omega_safe_one_step_QP,False,0.33251953125,0.0,0.0,False,False,False,2.008894040452706,2.9909363686849528e-05,0.00016454535783140276,0.0003745114244129271,0.040491158235175344,2.5855590970236142e-05,0.002117067399656041,0.0,0.0,0.0,0.0,2.792598419361492e-34,20.0,59.97223970622222,-78.00611843676216,79.97223970622221,79.97223970622221,0.0,0.0,0.0,0.0,0.0,False,0.1,-0.08892353624105453,-0.0056534986943006516,25.345056108226903,50.15028004377161,186.62221831416645,210.1018065489041,-0.8892353773117065,-0.056534986943006516,-0.029822236858037234,0.0034475908184299978,-0.029822236858037345,0.003447590818429873,0.0277099609375,0.0,-0.387939453125,-0.026425775661002973,0.002928757999301534,-7.5823068092307e-05,5852.68934861384,False,True,True,Omega_safe_one_step_QP,False,0.3602294921875,0.0,3.0020854312764156,False,False,False,1.904342282658672,1.5363284838490052e-06,8.452059454299243e-06,0.0002507220311081597,0.027107385176724744,4.021752083775279e-05,0.0032930286667439616,0.0,0.0,0.0,0.0,6.913980780170732e-08,20.0,21.66785183121229,-39.79391848359635,41.66785183121229,41.66785183121229,0.0,0.0,0.0,0.0,0.0,False,20.910351558806724,-0.35855871029005315,-0.4142252338503624,0.08603480649267929
930,41.84114152149505,-4938.172261388912,8.829536553950138,4.421932646528191,37.053376999230395,28.703606637801087,0.1,0.0,0.0,25.456994787222676,50.18812323487739,178.8607886112098,207.3778007075882,0.0,0.0,0.0,0.0,-5.551115123125783e-17,4.163336342344337e-17,0.055419921875,0.0,nan,nan,0.0008833133561043866,8.776586264869126e-05,5726.670990243726,False,True,True,Omega_safe_one_step_QP,False,0.33251953125,0.0,0.0,False,False,False,2.5344340745092406,2.9631613064013443e-05,0.00016301732212656585,0.005158259925080965,0.5576970560298018,0.0002885259627500488,0.02362463539880647,0.0,0.0,0.0,0.0,2.5037089277034067e-35,20.0,59.489187975284466,-77.53623860952597,79.48918797528447,79.48918797528447,0.0,0.0,0.0,0.0,0.0,False,0.1,-0.0830368921160698,-0.00019358930876478553,25.382387970965897,50.14761684417911,180.3219590004815,208.7503878580029,-0.8303689360618591,-0.0019358930876478553,-0.021963970771518446,0.0067277644542655946,-0.021963970771518446,0.006727764454265608,0.0277099609375,0.0,-0.387939453125,-0.0009690305201255886,0.0008795406438915692,8.747897658808947e-05,5768.512131765221,False,True,True,Omega_safe_one_step_QP,False,0.3602294921875,0.0,2.297126088407431,False,False,False,2.325228366901765,1.4098031160569601e-06,7.755984401146387e-06,0.003969326741967374,0.42915282877700717,0.00018263324781171085,0.014954092346238287,0.0,0.0,0.0,0.0,7.251188496776488e-07,20.0,21.807734712087242,-39.92662174741197,41.80773471208724,41.80773471208724,0.0,0.0,0.0,0.0,0.0,False,41.84114152149505,-0.7306363783213308,-0.4714524372683041,0.0852276389559263
931,41.02524378132239,-4897.14701760759,13.142710723282681,5.380550369162777,41.41686312165157,29.656710473047525,0.1,0.0,0.0,25.45685863330106,50.18749673545277,178.89295731970256,207.34404610879454,0.0,0.0,0.0,0.0,-2.7755575615628914e-17,-1.3877787807814457e-16,0.055419921875,0.0,nan,nan,-0.0029892909904690396,0.00018390440684189257,6143.178909180535,False,True,True,Omega_safe_one_step_QP,False,0.33251953125,0.0,0.0,False,False,False,0.451894479825196,1.050947587596604e-05,5.781752787310734e-05,1.0348258060913687e-07,1.1188255612221097e-05,1.139372939720237e-07,9.329236796438813e-06,0.0,0.0,0.0,0.0,3.331858803789918e-34,0.0,0.0,0.4518161448049143,0.0,0.0,0.0,0.0,0.0,0.0,0.0,False,0.1,-0.08589546382427216,-0.014360330067574978,25.383760993198887,50.14724232183118,180.2198287685985,208.148068099878,-0.8589546084403992,-0.14360329508781433,-0.02269516889229245,0.0011084326987160359,-0.022695168892292478,0.001108432698715911,0.0277099609375,0.0,-0.387939453125,-0.06948984862044569,-0.002970220567193968,0.00018465352617121154,6184.204152961857,False,True,True,Omega_safe_one_step_QP,False,0.3602294921875,0.0,2.272222071227322,False,False,False,0.24676826091858403,1.888916260550248e-05,0.00010391809242750723,1.0430584264480198e-06,0.00011277264467978658,3.6278909102764586e-05,0.0029705333691642257,0.0,0.0,0.0,0.0,3.211154007075272e-07,0.0,0.0,0.24358071569691178,0.0,0.0,0.0,0.0,0.0,0.0,0.0,False,41.02524378132239,-0.6678178250679487,-0.5212995585335481,0.08443006977047147
932,13.740292197781855,-4883.406725409808,7.7700577910080275,4.580683595238064,33.118102744418835,25.581035627526305,0.1,0.0,0.0,25.398661913318406,50.18879973291141,190.34834550830192,209.8610599871322,0.0,0.0,0.0,0.0,-1.1102230246251565e-16,1.3877787807814457e-16,0.26014284641297625,-0.05033574002966734,nan,nan,0.00200773882349374,-3.2213264150837174e-05,5891.96575079069,True,True,True,Z_mode_existing_controller,False,0.05060201485354432,0.0,0.0,False,False,False,1.7079602717744182,1.5193677309508269e-05,8.358750442982904e-05,0.013122591855150169,1.4187789974509732,0.0006335358863744339,0.051874202879349546,0.0,0.0,0.0,0.0,8.397054557528349e-34,20.0,0.0,-19.762776516060335,20.0,20.0,0.0,0.0,0.0,0.0,0.0,False,0.1,-0.09374112635850906,-0.001013689092360437,25.327301380030182,50.14881202833745,190.64565244838613,210.334585950734,-0.9374112486839294,-0.010136890225112438,-0.0318805438395175,-0.002033891439084154,-0.03188054383951743,-0.0020338914390840707,0.23243288547547625,-0.05033574002966734,-0.32560894130464346,-0.05637024094578047,0.001999115147336242,-3.245301538031746e-05,5905.706042988472,True,True,True,Z_mode_existing_controller,False,0.07831197579104432,0.0,3.1945356311823603,False,False,False,1.639258810785509,7.039807833112372e-06,3.8729265894516353e-05,0.01086977994020207,1.175211090636798,0.00047808603121119695,0.03914589893045951,0.0,0.0,0.0,0.0,9.424531390810823e-07,20.0,0.0,-19.57513785050078,20.0,20.0,0.0,0.0,0.0,0.0,0.0,False,13.740292197781855,-0.23320387081235044,-0.5374216214845942,0.08410774017463793
933,14.046090684041701,-4869.360634725766,9.597141708129861,6.034305368922813,40.099307660697264,29.385537781189356,0.1,0.0,0.0,25.424891183880963,50.18755568444939,185.1901650565702,208.683221531324,0.0,0.0,0.0,0.0,-1.249000902703301e-16,-8.326672684688674e-17,0.055419921875,0.0,nan,nan,0.0009742642967767693,0.0001269983845569038,5951.44434427494,False,True,True,Omega_safe_one_step_QP,False,0.33251953125,0.0,0.0,False,False,False,1.4105673043531715,1.7745078719079886e-05,9.762395342637166e-05,0.002660682557262714,0.28766577310312047,0.0001387303427980644,0.011359302768170569,0.0,0.0,0.0,0.0,4.949639957075196e-34,20.0,1.151828617851594,-20.040384013323138,21.151828617851592,21.151828617851592,0.0,0.0,0.0,0.0,0.0,False,0.1,-0.08913090080022812,-0.003627830883488059,25.354011841250326,50.14765918277465,185.46823266529776,209.77580660864797,-0.8913090229034424,-0.03627830743789673,-0.02876938078027043,0.004705788813439138,-0.02876938078027036,0.004705788813439235,0.0277099609375,0.0,-0.387939453125,-0.01691787884450276,0.0009739847594160457,0.00012700066567388835,5965.4904349589815,False,True,True,Omega_safe_one_step_QP,False,0.3602294921875,0.0,2.915170181716451,False,False,False,1.340336850932963,5.14619877890209e-06,2.8311639405364004e-05,0.0026805675610314804,0.28981568571358446,3.122343531421085e-05,0.0025565889050874493,0.0,0.0,0.0,0.0,5.510262548747622e-07,20.0,0.0,-18.95206428635137,20.0,20.0,0.0,0.0,0.0,0.0,0.0,False,14.046090684041701,-0.23601145993331013,-0.5472615836991715,0.08377994524517283
934,16.957242277031582,-4852.403392448735,9.030385890386551,4.232550300995875,40.46647562266968,27.342617068220054,0.1,0.0,0.0,25.431355901069775,50.18869834686151,183.90024046520332,208.4688140960367,0.0,0.0,0.0,0.0,1.249000902703301e-16,-6.938893903907228e-17,0.055419921875,0.0,nan,nan,0.0006432104642811768,6.0134392808179095e-05,5865.247896918693,False,True,True,Omega_safe_one_step_QP,False,0.33251953125,0.0,0.0,False,False,False,1.8415495411344045,1.7777233086771763e-05,9.78008495981892e-05,0.00016639054514130215,0.017989693913115768,4.597054830647127e-06,0.00037640891394042145,0.0,0.0,0.0,0.0,6.2592723192585165e-34,20.0,1.4144820462405974,-19.591396408782845,21.414482046240597,21.414482046240597,0.0,0.0,0.0,0.0,0.0,False,0.1,-0.09199216216802597,-0.00670469319447875,25.361065432022585,50.148876925214786,184.3114036557025,209.4927474393428,-0.9199215769767761,-0.06704693287611008,-0.028614488474085306,0.0038037778175397385,-0.02861448847408543,0.0038037778175398496,0.0277099609375,0.0,-0.387939453125,-0.030293904742273167,0.0006405606807671895,6.0005326587579374e-05,5882.205139195725,False,True,True,Omega_safe_one_step_QP,False,0.3602294921875,0.0,2.8866203011805736,False,False,False,1.7567633297492466,4.8358806590841e-06,2.6604434711822838e-05,0.00013382533574411742,0.014468831902751124,8.012249332773619e-06,0.0006560465734415962,0.0,0.0,0.0,0.0,8.376154632386869e-09,20.0,0.0,-18.258388161537813,20.0,20.0,0.0,0.0,0.0,0.0,0.0,False,16.957242277031582,-0.2891138205077413,-0.5473254024532909,0.08340401992284772
935,19.40813130301376,-4832.995261145721,10.437081631321815,4.7000010061075415,36.9839701584723,19.245478633691032,0.1,0.0,0.0,25.431784602305576,50.18830068568614,183.8183654461033,208.42386556847183,0.0,0.0,0.0,0.0,9.71445146547012e-17,-1.3877787807814457e-17,0.055419921875,0.0,nan,nan,-0.0007133776479968843,-0.0001785651409634938,6003.102644675925,False,True,True,Omega_safe_one_step_QP,False,0.33251953125,0.0,0.0,False,False,False,1.1522758023482447,1.0555887408466033e-05,5.807285935734325e-05,6.703518752631755e-07,7.247662443696297e-05,2.0203701302511357e-07,1.6542881355592717e-05,0.0,0.0,0.0,0.0,3.851859888774472e-35,20.0,0.0,-18.847871290016904,20.0,20.0,0.0,0.0,0.0,0.0,0.0,False,0.1,-0.09230521321296692,-0.006872653495520353,25.362152986615552,50.14857463774145,184.31714199992106,209.46435653034337,-0.9230521321296692,-0.06872653216123581,-0.028727601858388616,0.003780445694793841,-0.02872760185838863,0.003780445694793952,0.0277099609375,0.0,-0.387939453125,-0.03094748713571395,-0.0007096145870538538,-0.00017876560469513012,6022.510775978939,False,True,True,Omega_safe_one_step_QP,False,0.3602294921875,0.0,2.897528046776051,False,False,False,1.055235145833176,1.0677525340971723e-05,5.874204634973724e-05,3.292859437080723e-09,3.5601502069538395e-07,8.060437138137312e-08,6.59992212584553e-06,0.0,0.0,0.0,0.0,1.3339025660352686e-10,20.0,0.0,-18.94483055228371,20.0,20.0,0.0,0.0,0.0,0.0,0.0,False,19.40813130301376,-0.32330167334764104,-0.5437712711121317,0.08298480356340268
936,13.737422049173801,-4819.257839096547,10.661946061258131,3.594521528060464,38.44743848963342,25.3837222997867,0.1,0.0,0.0,25.41179798034194,50.1831174706174,187.81742486096365,208.97538996108707,0.0,0.0,0.0,0.0,-4.163336342344337e-17,-1.3877787807814457e-17,0.055419921875,0.0,nan,nan,-0.0015649272696311484,1.424644636343047e-05,6122.978505247889,False,True,True,Omega_safe_one_step_QP,False,0.33251953125,0.0,0.0,False,False,False,0.5528964994884246,8.50334289104648e-06,4.678085476574509e-05,0.0015992476203583357,0.17290631001354795,3.0417915564961974e-05,0.002490632586282862,0.0,0.0,0.0,0.0,1.925929944387236e-34,0.0,0.0,0.37745277603382804,0.0,0.0,0.0,0.0,0.0,0.0,0.0,False,0.1,-0.0902087390422821,-0.003220760030671954,25.342989814389842,50.143498559733345,188.0769083182226,210.1135766786088,-0.902087390422821,-0.03220760077238083,-0.031738363482462645,0.004639445390438333,-0.031738363482462506,0.004639445390438389,0.0277099609375,0.0,-0.387939453125,-0.014840103451143978,-0.0015610690776502387,1.4226792493413228e-05,6136.715927297063,False,True,True,Omega_safe_one_step_QP,False,0.3602294921875,0.0,3.2075663205548404,False,False,False,0.4842093892425555,2.6347915788179773e-05,0.00014495217206455973,0.0014135842768234642,0.15283289347271273,4.214868009138029e-05,0.0034511528536598697,0.0,0.0,0.0,0.0,9.802566034113202e-08,0.0,0.0,0.327780292718458,0.0,0.0,0.0,0.0,0.0,0.0,0.0,False,13.737422049173801,-0.2243584888857558,-0.5021431597543126,0.08266201932339019
937,15.47708544960733,-4803.78075364694,10.886555456625548,3.095265172607176,38.225437583600055,21.748688610393078,0.1,0.0,0.0,25.382361014000686,50.18242470306043,193.62666957364925,210.17173100471138,0.0,0.0,0.0,0.0,8.847089727481716e-17,4.163336342344337e-17,0.26014284641297625,-0.05033574002966734,nan,nan,-0.0021189135492286123,-9.233966645548573e-05,6288.2964809354,True,True,True,Z_mode_existing_controller,False,0.05060201485354432,0.0,0.0,False,False,False,-0.2736933789491286,1.5020216736659739e-05,8.263321692549304e-05,0.003374732413186557,0.3648669045488145,0.00014312318926600816,0.011718991009668651,0.0,0.0,0.0,0.0,2.0008606562860516e-34,0.0,0.0,-0.6503619077245373,0.0,0.0,0.0,0.0,0.0,0.0,0.0,False,0.1,-0.09377799183130264,-0.0008004549890756607,25.314180809175905,50.142875189764084,193.97377044965086,210.67158221770967,-0.9377799034118652,-0.008004549890756607,-0.03182519403273444,-0.0019154752921431706,-0.031825194032734365,-0.0019154752921430318,0.23243288547547625,-0.05033574002966734,-0.32560894130464346,-0.055098983042618496,-0.0021149908025515987,-9.233093295128324e-05,6303.773566385007,True,True,True,Z_mode_existing_controller,False,0.07831197579104432,0.0,3.1882785650190573,False,False,False,-0.35107880619716525,5.254379713994965e-05,0.0002890679317933812,0.0034772982997072687,0.375956049685445,3.113701816672429e-05,0.0025495130302437587,0.0,0.0,0.0,0.0,4.29745246993942e-07,20.0,0.0,-20.729873866589895,20.0,20.0,0.0,0.0,0.0,0.0,0.0,False,15.47708544960733,-0.2461252502411444,-0.47394688209860053,0.08230777273601586
938,-24.7593620014286,-4828.540115648369,12.318622136380071,5.256468553334248,41.80648200550369,25.38010385836328,0.1,0.0,0.0,25.349420977914388,50.180504021593215,200.14094916748755,211.4480572214502,0.0,0.0,0.0,0.0,1.249000902703301e-16,1.0408340855860843e-16,0.26014284641297625,-0.05033574002966734,nan,nan,-0.002156605038098368,5.390543389965311e-05,6596.568134507578,True,True,True,Z_mode_existing_controller,False,0.05060201485354432,0.0,0.0,False,False,False,-1.8150516468100204,2.924358587947694e-05,0.0001608826036284942,0.004243583862669803,0.458804763931972,0.0001629008611534838,0.013338395665407064,0.0,0.0,0.0,0.0,5.227094239688483e-35,20.0,0.0,-22.28735568901103,20.0,20.0,0.0,0.0,0.0,0.0,0.0,False,0.1,-0.09396842867136002,-0.015110896900296211,25.28193826746175,50.141056362799446,198.84792935291347,211.84065193101551,-0.939684271812439,-0.15110896527767181,-0.044369424550689915,-0.0023314799774023093,-0.04436942455068987,-0.0023314799774024272,0.0277099609375,0.0,-0.387939453125,-0.06683984750381657,-0.0021509786718838225,5.361210207590402e-05,6571.80877250615,False,True,True,Omega_safe_one_step_QP,False,0.3602294921875,0.0,4.443063845866262,False,False,False,-1.6912548368028775,8.395412717431198e-05,0.0004618708054760148,0.0023757425014254182,0.2568588280105013,0.00013667239945690105,0.011190797443232085,0.0,0.0,0.0,0.0,1.5753077918576407e-06,20.0,0.0,-21.95976790836988,20.0,20.0,0.0,0.0,0.0,0.0,0.0,False,-24.7593620014286,0.3753370161055244,-0.4077690004475366,0.08263859604605779
939,-29.36574157105497,-4857.9058572194235,8.468943750736637,4.527387808666943,35.629312648816644,25.712421361621363,0.1,0.0,0.0,25.32130904735356,50.1825246397048,205.6570558342155,212.73780298435335,0.0,0.0,0.0,0.0,-5.551115123125783e-17,9.71445146547012e-17,0.055419921875,0.0,nan,nan,0.0012514883354834568,-1.6011392124795545e-05,6322.825224661589,False,True,True,Omega_safe_one_step_QP,False,0.33251953125,0.0,0.0,False,False,False,-0.4463370975800763,1.6218827367789683e-05,8.92273329777351e-05,0.003042743275872053,0.3289731405269741,0.00016634441329266338,0.013620355260964754,0.0,0.0,0.0,0.0,3.259636430875397e-34,0.0,0.0,-0.7890198207009927,0.0,0.0,0.0,0.0,0.0,0.0,0.0,False,0.1,-0.09469397366046906,-0.03372175619006157,25.25321853115027,50.142913788285036,204.1181294099886,212.28890243955232,-0.9469397068023682,-0.3372175693511963,-0.050260410571864006,-0.011311388591094405,-0.050260410571864075,-0.011311388591094474,0.0277099609375,0.0,-0.387939453125,-0.1480181648286756,0.001246662609030648,-1.5772101494632195e-05,6293.459483090534,False,True,True,Omega_safe_one_step_QP,False,0.3602294921875,0.0,5.151753471111643,False,False,False,-0.2995083897248014,5.487444608212078e-05,0.00030188991851914845,0.0027775008641594697,0.30029585122887215,2.0092851840350147e-05,0.00164521173181816,0.0,0.0,0.0,0.0,1.1534247501193048e-06,20.0,0.0,-20.601752496028762,20.0,20.0,0.0,0.0,0.0,0.0,0.0,False,-29.36574157105497,0.4644401913327706,-0.35280000053002086,0.08305130728392596
940,-9.414437829339477,-4867.320295048763,10.561417256795949,5.440479879426552,40.65444028389125,26.57214588466264,0.1,0.0,0.0,25.34887474832818,50.18399830253953,200.20344378681867,211.65313632427657,0.0,0.0,0.0,0.0,-3.469446951953614e-17,-1.3877787807814457e-17,0.26014284641297625,-0.05033574002966734,nan,nan,-0.0003034945745208511,5.817851025439287e-05,6413.239182023369,True,True,True,Z_mode_existing_controller,False,0.05060201485354432,0.0,0.0,False,False,False,-0.8984068843889736,1.6951970095682408e-05,9.326069302396169e-05,0.0029741884363511852,0.3215611774361875,0.00011765017634821117,0.009633249272751289,0.0,0.0,0.0,0.0,1.2759285881565437e-34,0.0,0.0,-1.2296945717909364,0.0,0.0,0.0,0.0,0.0,0.0,0.0,False,0.1,-0.09524089843034744,-0.025473570451140404,25.279823061125555,50.14422001312215,199.52450441031095,211.71559640043816,-0.9524089694023132,-0.25473570823669434,-0.04574570578194283,-0.006901376130668317,-0.045745705781942717,-0.0069013761306682825,0.0277099609375,0.0,-0.387939453125,-0.11117151146825545,-0.0003023516233943502,5.81553253972758e-05,6403.824744194029,False,True,True,Omega_safe_one_step_QP,False,0.3602294921875,0.0,4.626336120500798,False,False,False,-0.8513346952422762,5.5519740898788496e-05,0.00030543998623797536,0.0021101390637663434,0.22814250556741772,3.2867981448476426e-05,0.0026912450810801744,0.0,0.0,0.0,0.0,3.9830769241253137e-07,20.0,0.0,-21.082474284184705,20.0,20.0,0.0,0.0,0.0,0.0,0.0,False,-9.414437829339477,0.1467969237094512,-0.31356959600718787,0.08312112236314081
941,-3.4825766196454424,-4870.802871668408,10.292297955166012,5.909539321515694,41.894894417175244,26.231271273057004,0.1,0.0,0.0,25.348600866849495,50.18610544687,200.23060760362435,211.77550527718756,0.0,0.0,0.0,0.0,-1.3183898417423734e-16,6.938893903907228e-18,0.26014284641297625,-0.05033574002966734,nan,nan,0.0002672280288923104,4.871807750551427e-05,6385.044431747335,True,True,True,Z_mode_existing_controller,False,0.05060201485354432,0.0,0.0,False,False,False,-0.7574331330088034,1.4797724482664894e-05,8.140918327731504e-05,7.378729434526776e-08,7.977681897857126e-06,1.4974160636531854e-06,0.00012260909973903727,0.0,0.0,0.0,0.0,9.870390964984583e-35,0.0,0.0,-0.7576451289737177,0.0,0.0,0.0,0.0,0.0,0.0,0.0,False,0.1,-0.0948333665728569,-0.02096126601099968,25.279377773332012,50.14627762180711,199.79236681294026,212.05109844063284,-0.9483336806297302,-0.2096126526594162,-0.045810090562333663,-0.005198271387362077,-0.045810090562333775,-0.005198271387362105,0.0277099609375,0.0,-0.387939453125,-0.09187207256621749,0.0002673918717240962,4.871031775847859e-05,6381.561855127689,False,True,True,Omega_safe_one_step_QP,False,0.3602294921875,0.0,4.610408249543508,False,False,False,-0.7400202499105762,4.7864010357287e-05,0.00026332224228991434,7.175026674234392e-06,0.0007757444004904447,1.1256161897479476e-05,0.0009216595909889055,0.0,0.0,0.0,0.0,2.9047111666180055e-08,20.0,0.0,-20.74198100519146,20.0,20.0,0.0,0.0,0.0,0.0,0.0,False,-3.4825766196454424,0.054542715510789305,-0.2768223775909478,0.08308999444218615
942,6.886227671217966,-4863.9166439971905,8.584706295903345,6.1527490806174345,36.27083589520797,23.875830193053186,0.1,0.0,0.0,25.356904075268922,50.18802236322371,198.56914339186426,211.5262729731932,0.0,0.0,0.0,0.0,6.245004513516506e-17,3.469446951953614e-17,0.26014284641297625,-0.05033574002966734,nan,nan,0.0019294838265570742,-6.62448748667767e-05,6167.34667348772,True,True,True,Z_mode_existing_controller,False,0.05060201485354432,0.0,0.0,False,False,False,0.3310556582892696,9.734144252320836e-06,5.355206703661367e-05,0.000276046332695958,0.029845379897164168,6.211674135434483e-06,0.0005086146676961785,0.0,0.0,0.0,0.0,3.851859888774472e-34,0.0,0.0,0.3006481116573726,0.0,0.0,0.0,0.0,0.0,0.0,0.0,False,0.1,-0.0932309553027153,-0.0015638534678146243,25.287690554208876,50.1481777530232,198.55078197833615,212.65828903018308,-0.9323095083236694,-0.015638533979654312,-0.04367988965823022,0.0030034340108583413,-0.04367988965823012,0.003003434010858258,0.0277099609375,0.0,-0.387939453125,-0.006972091785032111,0.0019235909970974387,-6.64068426217987e-05,6174.232901158938,False,True,True,Omega_safe_one_step_QP,False,0.3602294921875,0.0,4.378302612214841,False,False,False,0.29662451993317973,2.3170151534598617e-05,0.00012746980895968186,0.0001541532901518919,0.01666663513348807,3.686804120383711e-05,0.0030187717701625734,0.0,0.0,0.0,0.0,7.180572733104106e-07,0.0,0.0,0.2768109251632961,0.0,0.0,0.0,0.0,0.0,0.0,0.0,False,6.886227671217966,-0.11165624434281572,-0.25494511059132846,0.08288532220036969
943,39.04950505425222,-4824.867138942938,10.954336866887314,4.883658963478572,43.19023016820477,23.951353248170246,0.1,0.0,0.0,25.3887613272719,50.18737731990459,192.2944357059977,210.14441860130205,0.0,0.0,0.0,0.0,1.0755285551056204e-16,1.3877787807814457e-16,0.26014284641297625,-0.05033574002966734,nan,nan,-0.0009731402216466257,-5.076147961962686e-06,6260.278881882276,True,True,True,Z_mode_existing_controller,False,0.05060201485354432,0.0,0.0,False,False,False,-0.1336053836835117,1.1062212343705016e-05,6.085838895002032e-05,0.003937195654307287,0.4256789028300155,0.0001909521505114649,0.015635247835077574,0.0,0.0,0.0,0.0,1.286761944093722e-34,0.0,0.0,-0.5749803927375547,0.0,0.0,0.0,0.0,0.0,0.0,0.0,False,0.1,-0.09414302557706833,-0.0007962127565406263,25.319806601793236,50.147555450426644,193.61052326206595,210.81140477453795,-0.9414302706718445,-0.007962127216160297,-0.03186671823900261,-0.0019188252515762935,-0.03186671823900264,-0.0019188252515763352,0.23243288547547625,-0.05033574002966734,-0.32560894130464346,-0.055055367622279944,-0.0009683917139663182,-4.923050831383367e-06,6299.328386936529,True,True,True,Z_mode_existing_controller,False,0.07831197579104432,0.0,3.1924436121411355,False,False,False,-0.3288529089547728,3.379574406536018e-05,0.00018592614870165938,0.002440615618368362,0.2638727332537484,0.0003410981453749889,0.027929269320813778,0.0,0.0,0.0,0.0,1.6377965522667622e-06,0.0,0.0,-0.6208424754745889,0.0,0.0,0.0,0.0,0.0,0.0,0.0,False,39.04950505425222,-0.6237662217775067,-0.26313438891191393,0.08213226591364339
944,24.028752072915267,-4800.838386870023,8.462156315993383,5.8291294403959855,44.32978583243409,24.93966353942557,0.1,0.0,0.0,25.37189156331956,50.18698325649649,195.6227028848875,210.8280464786422,0.0,0.0,0.0,0.0,-2.0816681711721685e-17,4.163336342344337e-17,0.26014284641297625,-0.05033574002966734,nan,nan,0.0020774360430717495,-9.396862734530574e-06,6083.903905751642,True,True,True,Z_mode_existing_controller,False,0.05060201485354432,0.0,0.0,False,False,False,0.7482694969696604,1.0430527574146506e-05,5.7383196447367626e-05,0.0011077362414075088,0.11976543440291808,4.673470746765898e-05,0.0038266588346844866,0.0,0.0,0.0,0.0,2.5915794814160744e-34,20.0,0.0,-19.37537997946439,20.0,20.0,0.0,0.0,0.0,0.0,0.0,False,0.1,-0.09442497789859772,-0.0008822990930639207,25.304434901714924,50.147416516536644,196.36441855723106,211.39586371049106,-0.9442497491836548,-0.008822990581393242,-0.031989485418653645,-0.0019712810766336145,-0.03198948541865376,-0.0019712810766336075,0.23243288547547625,-0.05033574002966734,-0.32560894130464346,-0.055550036168434506,0.0020700442190536355,-9.66664448094341e-06,6107.932657824557,True,True,True,Z_mode_existing_controller,False,0.07831197579104432,0.0,3.2050165778562767,False,False,False,0.6281257366050841,1.3799071861177126e-05,7.591512948625353e-05,0.0007583939296732519,0.08199549228473715,3.415922478154398e-05,0.00279697266505253,0.0,0.0,0.0,0.0,1.7823393981930313e-10,0.0,0.0,0.5432573563475742,0.0,0.0,0.0,0.0,0.0,0.0,0.0,False,24.028752072915267,-0.39495614074704244,-0.2472318739670568,0.08163868300512674
945,17.430972176847717,-4783.407414693175,10.870578720933516,6.162133898626864,38.34778140371248,23.630151729471773,0.1,0.0,0.0,25.4035343470541,50.187020643932335,189.38224707924692,209.49274872967487,0.0,0.0,0.0,0.0,-6.938893903907228e-18,1.249000902703301e-16,0.055419921875,0.0,nan,nan,-0.0002534808979273697,-3.6240956459608446e-05,6180.99460653326,False,True,True,Omega_safe_one_step_QP,False,0.33251953125,0.0,0.0,False,False,False,0.26281599306157205,9.279897991384345e-06,5.105304651809174e-05,0.0038943288662153207,0.4210442621047388,0.0001783020078397194,0.014599448472294512,0.0,0.0,0.0,0.0,7.125940794232773e-35,0.0,0.0,-0.17287877056197934,0.0,0.0,0.0,0.0,0.0,0.0,0.0,False,0.1,-0.09084362536668777,-0.0007189405150711536,25.336922610714506,50.14761098711889,189.81397503374112,210.00409249988354,-0.9084362387657166,-0.007189405150711536,-0.030802137204925643,-0.001824027600223807,-0.03080213720492553,-0.0018240276002238626,0.23243288547547625,-0.05033574002966734,-0.32560894130464346,-0.0547521080109882,-0.0002489934624322729,-3.6205069912319515e-05,6198.425578710107,True,True,True,Z_mode_existing_controller,False,0.07831197579104432,0.0,3.085609717831217,False,False,False,0.17566113217733345,1.7554357806265826e-05,9.65747087425498e-05,0.004290831035443138,0.4639129999542207,0.000193702710267591,0.01586046490310761,0.0,0.0,0.0,0.0,1.4314793669583758e-08,0.0,0.0,-0.30420892170353103,0.0,0.0,0.0,0.0,0.0,0.0,0.0,False,17.430972176847717,-0.28200917953274585,-0.22462807982076297,0.08125686002104628
946,5.969849523551602,-4777.437565169624,8.936535844348795,4.401832908466271,42.473543537617644,21.57432893785503,0.1,0.0,0.0,25.39505202572696,50.1855523330552,191.06967475493488,209.7641555105832,0.0,0.0,0.0,0.0,-2.7755575615628914e-17,-5.551115123125783e-17,0.26014284641297625,-0.05033574002966734,nan,nan,0.0008679835047838704,-0.0001084171515273887,6025.980570908631,True,True,True,Z_mode_existing_controller,False,0.05060201485354432,0.0,0.0,False,False,False,1.0378861711847138,9.35528120301007e-06,5.146776472010046e-05,0.000284741216067766,0.03078544707667988,7.366164072302552e-06,0.000603144822175646,0.0,0.0,0.0,0.0,3.2981550297631417e-34,20.0,0.0,-18.99355388847886,20.0,20.0,0.0,0.0,0.0,0.0,0.0,False,0.1,-0.09294253587722778,-0.0006372620700858533,25.329209001710684,50.146257575210235,191.03707634574295,210.21041198930214,-0.9294253587722778,-0.006372620817273855,-0.03153808642681994,-0.0018113215765559049,-0.031538086426819975,-0.0018113215765558077,0.23243288547547625,-0.05033574002966734,-0.32560894130464346,-0.05416196325858961,0.0008643937292895855,-0.00010854447902148006,6031.950420432183,True,True,True,Z_mode_existing_controller,False,0.07831197579104432,0.0,3.1590058267107866,False,False,False,1.008036923566956,1.2331352230886395e-05,6.784051933102152e-05,0.00014959768194205988,0.016174095144431848,4.256773171395346e-06,0.00034854649887003673,0.0,0.0,0.0,0.0,5.417827002444899e-09,0.0,0.0,0.991446435986496,0.0,0.0,0.0,0.0,0.0,0.0,0.0,False,5.969849523551602,-0.0990685159585809,-0.21224368662489745,0.08107245917892508
947,-0.5015619676751157,-4777.939127137299,12.78667382165903,5.027852042500072,40.32760339935395,23.753355572673613,0.1,0.0,0.0,25.404791676486813,50.18290635470615,189.1787234546168,209.20356412634501,0.0,0.0,0.0,0.0,2.7755575615628914e-17,-8.326672684688674e-17,0.055419921875,0.0,nan,nan,-0.002873789201124776,1.1731209034228363e-06,6369.468296538545,False,True,True,Omega_safe_one_step_QP,False,0.33251953125,0.0,0.0,False,False,False,-0.6795524569648523,1.305422087691341e-05,7.181735686160108e-05,0.00035756968201746346,0.038659463052072095,3.1426270008209415e-05,0.0025731971009193646,0.0,0.0,0.0,0.0,3.851859888774472e-35,0.0,0.0,-0.7208569344747054,0.0,0.0,0.0,0.0,0.0,0.0,0.0,False,0.1,-0.0921616181731224,-0.00033256885944865644,25.33921721588601,50.143650616413105,188.8729282788719,209.61755648643432,-0.9216161966323853,-0.0033256884198635817,-0.03129777128505766,-0.0016290589793282878,-0.03129777128505762,-0.001629058979328163,0.23243288547547625,-0.05033574002966734,-0.32560894130464346,-0.052349456124672206,-0.0028632853273513935,1.1560866107412438e-06,6368.966734570869,True,True,True,Z_mode_existing_controller,False,0.07831197579104432,0.0,3.134013912811984,False,False,False,-0.6770446471264768,4.389492968497428e-05,0.00024148647853628586,0.0004683536855341642,0.05063712868230677,3.514776472806562e-05,0.0028779147597989946,0.0,0.0,0.0,0.0,9.097102170842827e-10,0.0,0.0,-0.7308011779568291,0.0,0.0,0.0,0.0,0.0,0.0,0.0,False,-0.5015619676751157,0.007874471530813444,-0.19256985464957035,0.08099342563117648
948,-8.43209393840516,-4786.371221075704,9.870250393382923,4.343513695569713,42.22375887216554,25.194663441671747,0.1,0.0,0.0,25.356848676896522,50.18216548257346,198.63677720844217,211.17648774420752,0.0,0.0,0.0,0.0,-5.551115123125783e-17,6.938893903907228e-18,0.26014284641297625,-0.05033574002966734,nan,nan,-0.00016956772037751916,1.2471828130335583e-05,6303.072499833264,True,True,True,Z_mode_existing_controller,False,0.05060201485354432,0.0,0.0,False,False,False,-0.3475734734384514,1.319936697277503e-05,7.261587322361525e-05,0.008945478081025015,0.9671607989953056,0.00038924276019196784,0.03187137200241001,0.0,0.0,0.0,0.0,1.507040181483012e-34,0.0,0.0,-1.3466782603093905,0.0,0.0,0.0,0.0,0.0,0.0,0.0,False,0.1,-0.0935043916106224,-0.0004677658434957266,25.291531913177817,50.142908163585886,197.99670248373218,211.5300677795787,-0.9350438714027405,-0.004677658434957266,-0.03177795524230051,-0.0017255355989313353,-0.03177795524230055,-0.0017255355989314533,0.23243288547547625,-0.05033574002966734,-0.32560894130464346,-0.05312740469175841,-0.00017055453949547938,1.2455991053574901e-05,6294.640405894859,True,True,True,Z_mode_existing_controller,False,0.07831197579104432,0.0,3.1824768852025196,False,False,False,-0.3054130037464256,4.3751561938514975e-05,0.0002406977457036646,0.008324325574127362,0.9000034766669015,0.00036576994464047755,0.02994940732407779,0.0,0.0,0.0,0.0,2.3988437092356075e-09,0.0,0.0,-1.2356065878819522,0.0,0.0,0.0,0.0,0.0,0.0,0.0,False,-8.43209393840516,0.1337775178474976,-0.17452747276911,0.08104976354135629
949,-14.187635390627293,-4800.558856466331,9.806551830286102,7.38277230048727,38.668839091070396,21.521267159857356,0.1,0.0,0.0,25.357293676002726,50.183121006941796,198.53577817940837,211.2052816017335,0.0,0.0,0.0,0.0,-6.938893903907228e-17,-1.3877787807814457e-16,0.26014284641297625,-0.05033574002966734,nan,nan,0.0014625084561921214,-0.00011227190804763247,6293.656558149474,True,True,True,Z_mode_existing_controller,False,0.05060201485354432,0.0,0.0,False,False,False,-0.30049376501950065,8.273654523871483e-06,4.5517231943065724e-05,1.0200803865770573e-06,0.00011028832140498182,8.290862312266055e-08,6.788595293196294e-06,0.0,0.0,0.0,0.0,2.1425970631308e-34,0.0,0.0,-0.3006563591681419,0.0,0.0,0.0,0.0,0.0,0.0,0.0,False,0.1,-0.09466439485549927,-0.0009256929042749107,25.291790677825727,50.14381042142528,197.6533656074321,211.49617885744968,-0.9466439485549927,-0.009256929159164429,-0.03219690840306796,-0.0019992464812037813,-0.03219690840306798,-0.0019992464812037467,0.23243288547547625,-0.05033574002966734,-0.32560894130464346,-0.05579265294954069,0.0014616412838427753,-0.00011230491571799853,6279.468922758847,True,True,True,Z_mode_existing_controller,False,0.07831197579104432,0.0,3.225891965345652,False,False,False,-0.22955558806636417,2.490961095913384e-05,0.0001370393864485269,1.1788021062749058e-05,0.0012744888273557202,1.1484590430669888e-07,9.403634218673167e-06,0.0,0.0,0.0,0.0,2.504393979912946e-09,0.0,0.0,-0.23097652241878106,0.0,0.0,0.0,0.0,0.0,0.0,0.0,False,-14.187635390627293,0.22542754374253443,-0.14543065910045722,0.08120346789831573
950,-18.064412624398756,-4818.62326909073,13.265045499495722,4.9526551179350315,33.58793430882076,28.453801795207127,0.1,0.0,0.0,25.38213348528682,50.181563674470276,193.65521122990157,210.06875226460696,0.0,0.0,0.0,0.0,-3.642919299551295e-17,2.0816681711721685e-17,0.26014284641297625,-0.05033574002966734,nan,nan,-0.0036375212700019747,0.00011668664154128013,6533.327679535173,True,True,True,Z_mode_existing_controller,False,0.05060201485354432,0.0,0.0,False,False,False,-1.4988493719479947,2.6607436573632867e-05,0.00014637991693249356,0.0023819933748618115,0.2575346554724213,0.00012916989341493076,0.010576488879352731,0.0,0.0,0.0,0.0,2.655676837377712e-34,20.0,0.0,-21.767106896216703,20.0,20.0,0.0,0.0,0.0,0.0,0.0,False,0.1,-0.09340014308691025,-0.00013979477807879448,25.31625060488032,50.14216270816684,192.65015254919106,210.37602558732067,-0.9340013861656189,-0.0013979477807879448,-0.0317914440335016,-0.00154088124492361,-0.031791444033501655,-0.001540881244923492,0.23243288547547625,-0.05033574002966734,-0.32560894130464346,-0.05117097786501863,-0.003627206805464334,0.00011642691355176742,6515.263266910774,True,True,True,Z_mode_existing_controller,False,0.07831197579104432,0.0,3.1828764172462374,False,False,False,-1.408527308826001,7.575739556035984e-05,0.00041677676233330715,0.002503214090615371,0.27064071008918716,0.00012547433485807127,0.010273894885146467,0.0,0.0,0.0,0.0,3.7450004481806956e-09,20.0,0.0,-21.68985869430767,20.0,20.0,0.0,0.0,0.0,0.0,0.0,False,-18.064412624398756,0.27649635087159724,-0.09625373840010995,0.08141905558102838
951,-58.7086949032946,-4877.331963994025,9.26744451757286,3.442787589534108,42.562648905322945,23.901635830752653,0.1,0.0,0.0,25.326440947245306,50.18383188919086,204.60558831049127,212.5334316464875,0.0,0.0,0.0,0.0,4.163336342344337e-17,5.551115123125783e-17,0.055419921875,0.0,nan,nan,1.048044022536809e-05,-3.503487816280612e-05,6382.62574366538,False,True,True,Omega_safe_one_step_QP,False,0.33251953125,0.0,0.0,False,False,False,-0.7453396925990273,2.2609084340306125e-05,0.00012438311667097528,0.011991075820710427,1.2964425563985857,0.0006074644455466987,0.049739461596429425,0.0,0.0,0.0,0.0,7.297468929904761e-35,20.0,0.0,-22.091646093710715,20.0,20.0,0.0,0.0,0.0,0.0,0.0,False,0.1,-0.0944596529006958,-0.029742801561951637,25.260248172290655,50.14431618582849,201.83905327239117,212.03974159341644,-0.944596529006958,-0.2974280118942261,-0.04774569427103263,-0.009232504971183282,-0.04774569427103263,-0.009232504971183261,0.0277099609375,0.0,-0.387939453125,-0.13087680996244,8.62513186944587e-06,-3.477014522426311e-05,6323.917048762085,False,True,True,Omega_safe_one_step_QP,False,0.3602294921875,0.0,4.8630139517236115,False,False,False,-0.4517962180825543,6.887686053450822e-05,0.00037892373042818373,0.008443589650082744,0.9128979847018736,0.0002767950948939254,0.0226641066707468,0.0,0.0,0.0,0.0,3.1369917618811945e-06,20.0,0.0,-21.387740370177365,20.0,20.0,0.0,0.0,0.0,0.0,0.0,False,-58.7086949032946,0.9198204197004929,-0.01592320458229265,0.08232226056968113
952,-43.76110691392387,-4921.0930709079485,12.483080806137368,3.3786845224759317,39.866002944788754,23.433520318407787,0.1,0.0,0.0,25.334518436826144,50.184760114894345,203.0002617785356,212.23935925111306,0.0,0.0,0.0,0.0,1.249000902703301e-16,7.632783294297951e-17,0.055419921875,0.0,nan,nan,-0.003675721815461305,-1.0176330232614886e-05,6687.055231875765,False,True,True,Omega_safe_one_step_QP,False,0.33251953125,0.0,0.0,False,False,False,-2.267487133650952,5.7378967302395536e-05,0.00031566845773185813,0.00025770732742008603,0.02786261644564844,8.647857372125402e-06,0.0007080904451372762,0.0,0.0,0.0,0.0,7.366682037281177e-35,20.0,8.560218031106631,-30.8565915401061,28.56021803110663,28.56021803110663,0.0,0.0,0.0,0.0,0.0,False,0.1,-0.09437176585197449,-0.02437475509941578,25.266408178796745,50.14488211264995,200.952404281505,212.0902845417441,-0.9437176585197449,-0.2437475472688675,-0.04677270140936369,-0.006824657321874643,-0.04677270140936368,-0.006824657321874504,0.0277099609375,0.0,-0.387939453125,-0.10735576031162217,-0.0036711893028923675,-1.0707097271326618e-05,6643.294124961841,False,True,True,Omega_safe_one_step_QP,False,0.3602294921875,0.0,4.726797588950164,False,False,False,-2.0486815990813327,0.00013466695032716015,0.0007408656954941853,7.861464330394426e-05,0.008499601758776145,2.554589625652513e-07,2.091709457422265e-05,0.0,0.0,0.0,0.0,6.74444541114044e-08,20.0,22.723372380272934,-44.781315431347565,42.723372380272934,42.723372380272934,0.0,0.0,0.0,0.0,0.0,False,-43.76110691392387,0.6544152156142514,0.03009215227937957,0.08296724106261041
953,-59.20288905722646,-4980.295959965175,10.480231646757334,4.221433838970284,40.35828209842126,23.153705924649124,0.1,0.0,0.0,25.28597246143146,50.18593404612872,212.55465919606627,214.34296387396932,0.0,0.0,0.0,0.0,-1.1102230246251565e-16,1.1102230246251565e-16,0.055419921875,0.0,nan,nan,-0.0009347486967342267,-4.629094744199166e-05,6705.835722940769,False,True,True,Omega_safe_one_step_QP,False,0.33251953125,0.0,0.0,False,False,False,-2.361389588975976,5.7545827843662645e-05,0.0003165864353845492,0.009128651001211692,0.9869649577263894,0.00044251524093022563,0.03623334664841981,0.0,0.0,0.0,0.0,5.686308160803314e-34,20.0,8.012570526304415,-31.397475006090584,28.012570526304415,28.012570526304415,0.0,0.0,0.0,0.0,0.0,False,0.1,-0.09838294237852097,-0.022530212998390198,25.216630207279145,50.14578370282649,209.80118897475668,214.1489444044072,-0.9838293790817261,-0.22530212998390198,-0.05863330348657056,-0.00806480639577517,-0.058633303486570504,-0.008064806395775146,0.0277099609375,0.0,-0.387939453125,-0.09518590931601074,-0.0009357897551012899,-4.642747974405062e-05,6646.632833883543,False,True,True,Omega_safe_one_step_QP,False,0.3602294921875,0.0,5.918534767955346,False,False,False,-2.0653751436898435,0.0001370237646609145,0.0007538316302412459,0.00783009905475251,0.8465690474464925,0.0004238080430140019,0.03470159288216703,0.0,0.0,0.0,0.0,1.4221185135933943e-06,20.0,28.022539385099975,-50.96994042286723,48.022539385099975,48.022539385099975,0.0,0.0,0.0,0.0,0.0,False,-59.20288905722646,0.8828562390022834,0.08805030383775861,0.08387055139865791
954,-42.247799844474685,-5022.54375980965,8.618646085640131,4.012908530250732,44.56118688845939,27.253310431833192,0.1,0.0,0.0,25.286439762038594,50.18786618420742,212.43777670417754,214.42452571737235,0.0,0.0,0.0,0.0,0.0,1.0755285551056204e-16,0.055419921875,0.0,nan,nan,0.00102997709246456,6.034758832199581e-05,6497.053235689406,False,True,True,Omega_safe_one_step_QP,False,0.33251953125,0.0,0.0,False,False,False,-1.3174771527191615,3.5348595857536016e-05,0.00019446911058068633,1.3661516910119272e-06,0.0001477046110962561,6.652334299299206e-07,5.4469611980141235e-05,0.0,0.0,0.0,0.0,1.233798870623073e-34,20.0,0.0,-21.31787379605282,20.0,20.0,0.0,0.0,0.0,0.0,0.0,False,0.1,-0.09713952988386154,-0.010757802054286003,25.215215566413253,50.147340748001625,210.31612280799268,214.80050976916831,-0.9713953137397766,-0.10757801681756973,-0.05836655960198042,-0.003364368178019439,-0.058366559601980506,-0.0033643681780194615,0.0277099609375,0.0,-0.387939453125,-0.046031457284283324,0.0010246419054812158,6.067463199129885e-05,6454.805435844932,False,True,True,Omega_safe_one_step_QP,False,0.3602294921875,0.0,5.846344373203485,False,False,False,-1.106238153496788,9.69293362521711e-05,0.000533253481583976,2.65156852611121e-05,0.0028668038880384477,4.245374245562991e-05,0.0034761314970394902,0.0,0.0,0.0,0.0,2.2165271738904397e-07,20.0,0.0,-21.11311456401617,20.0,20.0,0.0,0.0,0.0,0.0,0.0,False,-42.247799844474685,0.6502609461840394,0.13436803107755788,0.08448958145237785
955,-15.902342790261173,-5038.446102599911,10.363216954672001,5.81748307838456,44.01492428820881,24.02218383345845,0.1,0.0,0.0,25.316275583341927,50.19190815537566,206.50643131713952,213.38551682669043,0.0,0.0,0.0,0.0,-2.7755575615628914e-17,-1.1102230246251565e-16,0.055419921875,0.0,nan,nan,0.0002026875828365143,-8.083764621000938e-06,6544.27051198676,False,True,True,Omega_safe_one_step_QP,False,0.33251953125,0.0,0.0,False,False,False,-1.5535635342059277,2.8437056193879867e-05,0.0001564455077040306,0.0035180858100337217,0.38036588454491865,0.00010795394749160595,0.008839317699670883,0.0,0.0,0.0,0.0,4.854547166071076e-34,20.0,0.0,-21.94292518195822,20.0,20.0,0.0,0.0,0.0,0.0,0.0,False,0.1,-0.09503934532403946,-0.015126124024391174,25.243624294467306,50.15110248133099,205.5360341407854,213.7533992323877,-0.9503934383392334,-0.15126124024391174,-0.05195206330108959,-0.004297513075199506,-0.051952063301089604,-0.004297513075199624,0.0277099609375,0.0,-0.387939453125,-0.06615328174177361,0.00020197310116548857,-8.131925318245184e-06,6528.3681691964985,False,True,True,Omega_safe_one_step_QP,False,0.3602294921875,0.0,5.212950699816689,False,False,False,-1.4740518202546218,8.207014902504127e-05,0.0004515061630862941,0.002284924766636348,0.2470398611374109,0.00010964404762370019,0.008977703857462828,0.0,0.0,0.0,0.0,4.2016522193276434e-07,20.0,0.0,-21.730521311577803,20.0,20.0,0.0,0.0,0.0,0.0,0.0,False,-15.902342790261173,0.2429964158898043,0.1615639087415361,0.08466388684406521
956,-4.004756159094541,-5042.450858759005,10.777228722565116,6.729722334834571,40.60492708904238,21.286724639274013,0.1,0.0,0.0,25.328784487187257,50.19365046585189,204.01793095403116,212.94962577134453,0.0,0.0,0.0,0.0,-1.5265566588595902e-16,2.0816681711721685e-17,0.055419921875,0.0,nan,nan,0.00025190800956297055,-9.756763002382934e-05,6528.397853884097,False,True,True,Omega_safe_one_step_QP,False,0.33251953125,0.0,0.0,False,False,False,-1.4742002436926123,2.2757499817880795e-05,0.0001251996194264645,0.0006192634057190428,0.06695307783875935,1.900010121305672e-05,0.0015557368197320382,0.0,0.0,0.0,0.0,3.2981550297631417e-34,20.0,0.0,-21.54283425797053,20.0,20.0,0.0,0.0,0.0,0.0,0.0,False,0.1,-0.09523018449544907,-0.021609071642160416,25.255713437597173,50.15274175156421,203.5497457983511,213.13677336670955,-0.9523018598556519,-0.21609070897102356,-0.04997672527738982,-0.006622330028013358,-0.04997672527738989,-0.006622330028013247,0.0277099609375,0.0,-0.387939453125,-0.09431671285828276,0.00025339503417430055,-9.759876028595524e-05,6524.393097725002,False,True,True,Omega_safe_one_step_QP,False,0.3602294921875,0.0,5.041357281974391,False,False,False,-1.4541764628971396,6.91899219753779e-05,0.0003806460274101742,0.00039453413792904263,0.04265595964957682,3.8022745822332187e-05,0.003113319502870068,0.0,0.0,0.0,0.0,9.306734171963521e-08,20.0,0.0,-21.500326481144338,20.0,20.0,0.0,0.0,0.0,0.0,0.0,False,-4.004756159094541,0.061343628999447314,0.1749583341302432,0.08463833246191207
957,5.193511904385559,-5037.25734685462,6.320465877822424,4.658072507213778,40.02352402538206,22.068804129819863,0.1,0.0,0.0,25.339968407515375,50.193212442168736,201.8162887475812,212.44964244480536,0.0,0.0,0.0,0.0,9.71445146547012e-17,0.0,0.055419921875,0.0,nan,nan,0.003671733514041079,-0.00014264006764812915,6004.015916999387,False,True,True,Omega_safe_one_step_QP,False,0.33251953125,0.0,0.0,False,False,False,1.147709440730937,1.1568624243225083e-05,6.36443969737633e-05,0.0004847228405221789,0.052406917269757235,2.4998332681717007e-05,0.002046874706021693,0.0,0.0,0.0,0.0,6.283346443563357e-34,20.0,0.0,-18.906807995641817,20.0,20.0,0.0,0.0,0.0,0.0,0.0,False,0.1,-0.09543883800506592,-0.017409317195415497,25.26691905330634,50.15228656178665,201.73928486093843,212.89314834901148,-0.9543883800506592,-0.17409317195415497,-0.048187590663970895,-0.004429766228007712,-0.04818759066397084,-0.00442976622800785,0.0277099609375,0.0,-0.387939453125,-0.07581999784111536,0.0036556341111366767,-0.0001428640103508735,6009.209428903772,False,True,True,Omega_safe_one_step_QP,False,0.3602294921875,0.0,4.839077105020354,False,False,False,1.121741881209009,1.8918462024373686e-05,0.00010407928219446086,0.0003277768805897167,0.0354383462629886,5.935314924838248e-06,0.0004859862514274698,0.0,0.0,0.0,0.0,8.008338682028238e-08,0.0,0.0,1.0857133893290116,0.0,0.0,0.0,0.0,0.0,0.0,0.0,False,5.193511904385559,-0.08650063517788122,0.1834282633434657,0.08446603506655875
958,47.85128209907998,-4989.40606475554,9.314900395804726,4.370491839356594,35.11495498498377,21.343097381181728,0.1,0.0,0.0,25.400630138896915,50.19153240616265,189.87532346559678,209.79807693592332,0.0,0.0,0.0,0.0,6.938893903907228e-17,0.0,0.055419921875,0.0,nan,nan,0.0002727758967388455,-0.00013574570238295263,6037.02102813732,False,True,True,Omega_safe_one_step_QP,False,0.33251953125,0.0,0.0,False,False,False,0.9826838850412696,1.0450994406578795e-05,5.7495794037256415e-05,0.014258665186555755,1.5416081610761312,0.000703079964789289,0.05756850325023249,0.0,0.0,0.0,0.0,7.703719777548944e-36,20.0,0.0,-20.61655027507913,20.0,20.0,0.0,0.0,0.0,0.0,0.0,False,0.1,-0.09502392262220383,0.0012704478576779366,25.327655450231866,50.15064062990014,191.5933668470294,210.64355273716424,-0.9502392411231995,0.012704478576779366,-0.032206482140708134,-0.0007793391443463443,-0.03220648214070814,-0.000779339144346386,0.23243288547547625,-0.05033574002966734,-0.32560894130464346,-0.042874849932063384,0.00026976283367135916,-0.00013608472231938927,6084.8723102364,True,True,True,Z_mode_existing_controller,False,0.07831197579104432,0.0,3.221591006601656,False,False,False,0.7434274745458697,1.7708937830184175e-05,9.742512554230322e-05,0.010293965234496393,1.1129555682600962,0.0005060680416842361,0.04143707851391979,0.0,0.0,0.0,0.0,2.687214475254288e-06,0.0,0.0,-0.411065284568164,0.0,0.0,0.0,0.0,0.0,0.0,0.0,False,47.85128209907998,-0.7926307010701957,0.12694055938662213,0.08357904503804751
959,32.47830267283007,-4956.92776208271,9.750198126662731,3.4027655322299712,45.384290725028485,24.883877347271852,0.1,0.0,0.0,25.400436546119753,50.18814079148584,189.95136970347545,209.6147543043403,0.0,0.0,0.0,0.0,-8.326672684688674e-17,1.249000902703301e-16,0.055419921875,0.0,nan,nan,-0.0004689824464237429,1.3424837882448047e-05,6081.166201830372,False,True,True,Omega_safe_one_step_QP,False,0.33251953125,0.0,0.0,False,False,False,0.7619580165760089,9.847820738458847e-06,5.417745439972964e-05,5.783030295499457e-07,6.252455319379002e-05,3.360718725052534e-06,0.0002751771584108315,0.0,0.0,0.0,0.0,3.8903784876622165e-34,0.0,0.0,0.7615661374100046,0.0,0.0,0.0,0.0,0.0,0.0,0.0,False,0.1,-0.09658043831586838,0.0036248161923140287,25.329186083873616,50.14755575283758,191.00910594973257,210.48921221680087,-0.965804398059845,0.036248162388801575,-0.032761719077415055,0.0005101180987842277,-0.032761719077415034,0.0005101180987843526,0.23243288547547625,-0.05033574002966734,-0.32560894130464346,-0.029391550036601967,-0.00047001982315487273,1.3308630188432324e-05,6113.644504503202,True,True,True,Z_mode_existing_controller,False,0.07831197579104432,0.0,3.27656902473025,False,False,False,0.5995665032118587,2.3560278756277895e-05,0.00012961608074142533,3.4136079611007944e-05,0.0036907002322414477,2.382099622603791e-06,0.00019504738683222546,0.0,0.0,0.0,0.0,1.9709880377459792e-08,0.0,0.0,0.5955511198021631,0.0,0.0,0.0,0.0,0.0,0.0,0.0,False,32.47830267283007,-0.5340801680943108,0.0782882395229353,0.08295049165033376
960,21.122867067183506,-4935.804895015526,9.018740634156668,3.145880854768616,42.928818695610815,25.10471937757187,0.1,0.0,0.0,25.389189568776445,50.1877531724547,192.17111001551478,210.06201435444382,0.0,0.0,0.0,0.0,-3.8163916471489756e-17,0.0,0.26014284641297625,-0.05033574002966734,nan,nan,0.00016075961859160436,1.6778655630850237e-07,6060.524314731016,True,True,True,Z_mode_existing_controller,False,0.05060201485354432,0.0,0.0,False,False,False,0.865167452072792,9.751470439479173e-06,5.36473864722149e-05,0.0004927247052892483,0.053272057159595786,2.00041552418606e-05,0.0016379492145027074,0.0,0.0,0.0,0.0,1.7634296053295629e-34,0.0,0.0,0.8102037983122213,0.0,0.0,0.0,0.0,0.0,0.0,0.0,False,0.1,-0.09510598331689835,-0.0002168566279578954,25.319151417364218,50.1473722470401,192.77052015195017,210.64006992317294,-0.9510598182678223,-0.002168566221371293,-0.03228912461306973,-0.0016106025234833427,-0.03228912461306965,-0.0016106025234832802,0.23243288547547625,-0.05033574002966734,-0.32560894130464346,-0.05160816332623084,0.00015643355774133932,-4.123810874159459e-09,6081.647181798199,True,True,True,Z_mode_existing_controller,False,0.07831197579104432,0.0,3.232926860859983,False,False,False,0.7595531167368744,2.302596362708817e-05,0.0001266765640386373,0.00031025799917738437,0.03354425237658182,2.275804757184449e-06,0.0001863439155176783,0.0,0.0,0.0,0.0,4.720801485441114e-08,0.0,0.0,0.7256957966727215,0.0,0.0,0.0,0.0,0.0,0.0,0.0,False,21.122867067183506,-0.3485320076324288,0.05429638892968927,0.08251333254651429
961,12.90464433820398,-4922.900250677322,10.0279028850488,4.760403228999753,36.268213832331,28.34393714729017,0.1,0.0,0.0,25.38922578083861,50.18744615719621,192.16556177458773,210.03862256092637,0.0,0.0,0.0,0.0,-1.4224732503009818e-16,-9.020562075079397e-17,0.26014284641297625,-0.05033574002966734,nan,nan,-0.00025822403320978197,8.682476046343365e-05,6163.908613879996,True,True,True,Z_mode_existing_controller,False,0.05060201485354432,0.0,0.0,False,False,False,0.3482459563278917,1.0418612113326898e-05,5.731764394064043e-05,3.0782977384651497e-09,3.328171924756708e-07,5.471760039628974e-08,4.480301692571736e-06,0.0,0.0,0.0,0.0,1.8970409952214273e-34,0.0,0.0,0.348183825565066,0.0,0.0,0.0,0.0,0.0,0.0,0.0,False,0.1,-0.09351199120283127,0.00020123655849602073,25.31997467464234,50.1472029277208,192.40774252161088,210.57422982898206,-0.9351199269294739,0.002012365497648716,-0.03177381658016171,-0.0013523233042167654,-0.031773816580161617,-0.001352323304216703,0.23243288547547625,-0.05033574002966734,-0.32560894130464346,-0.049134841457477985,-0.0002575023302704201,8.683621384970907e-05,6176.8132582182,True,True,True,Z_mode_existing_controller,False,0.07831197579104432,0.0,3.180258163088161,False,False,False,0.2837227346368718,2.6879571372717705e-05,0.00014787705737194328,1.3160760907458377e-05,0.0014229057317398431,4.3349180030651916e-07,3.5494503277979285e-05,0.0,0.0,0.0,0.0,3.322505238845027e-09,0.0,0.0,0.28211645402197677,0.0,0.0,0.0,0.0,0.0,0.0,0.0,False,12.90464433820398,-0.20935813858669286,0.041376712501467364,0.08221288635851973
962,4.802771866541661,-4918.097478810781,8.324025911557218,4.139594218486735,39.75508847044169,22.998461543375626,0.1,0.0,0.0,25.382973594759488,50.18887233593341,193.37930159358714,210.37530715796893,0.0,0.0,0.0,0.0,-1.0928757898653885e-16,8.326672684688674e-17,0.26014284641297625,-0.05033574002966734,nan,nan,0.0013392604493596026,-8.360904793777539e-05,6018.310368936689,True,True,True,Z_mode_existing_controller,False,0.05060201485354432,0.0,0.0,False,False,False,1.0762371810444256,1.0239861026307142e-05,5.633425085062461e-05,0.00014731643482247312,0.01592745290050692,1.1335651788571299e-05,0.0009281682589681612,0.0,0.0,0.0,0.0,3.1179000240306485e-34,20.0,0.0,-18.9406747743659,20.0,20.0,0.0,0.0,0.0,0.0,0.0,False,0.1,-0.09279536455869675,-0.0008486431906931102,25.314292851771583,50.14871427197025,193.2904791244517,210.7936458338759,-0.9279536008834839,-0.008486432023346424,-0.03155471982724811,-0.0019269760279583409,-0.031554719827248105,-0.0019269760279583617,0.23243288547547625,-0.05033574002966734,-0.32560894130464346,-0.05543921043113697,0.0013330531922407904,-8.373233887283365e-05,6023.113140803231,True,True,True,Z_mode_existing_controller,False,0.07831197579104432,0.0,3.161350312743666,False,False,False,1.0522233217117174,1.55439186069498e-05,8.551434514159553e-05,7.792239099949553e-05,0.008424757319405472,4.8143383203575494e-06,0.00039420018365376785,0.0,0.0,0.0,0.0,3.782291400409515e-09,0.0,0.0,1.0433188460812253,0.0,0.0,0.0,0.0,0.0,0.0,0.0,False,4.802771866541661,-0.07980266174591145,0.04308242761493583,0.08205021396351816
963,-1.489444309301689,-4919.586923120082,9.522520720451459,3.6125970700422134,44.576609525948626,24.951565236278054,0.1,0.0,0.0,25.401683324279436,50.1870747744751,189.71003979074962,209.48370308773318,0.0,0.0,0.0,0.0,-6.938893903907228e-17,-8.326672684688674e-17,0.055419921875,0.0,nan,nan,-0.00012333590388229347,9.071461798357619e-06,6052.499852802968,False,True,True,Omega_safe_one_step_QP,False,0.33251953125,0.0,0.0,False,False,False,0.9052897617130293,9.606681898770879e-06,5.285083718784453e-05,0.0013463482177762485,0.14556351334563633,7.949578180609699e-05,0.0065091503135857615,0.0,0.0,0.0,0.0,2.932529266883377e-34,0.0,0.0,0.7531642472166193,0.0,0.0,0.0,0.0,0.0,0.0,0.0,False,0.1,-0.09271637350320816,1.601614167157095e-05,25.333198750178124,50.14694942490713,189.35099319857164,209.90479826174547,-0.9271637201309204,0.00016016140580177307,-0.03155143520258709,-0.0014432227654895685,-0.03155143520258699,-0.001443222765489624,0.23243288547547625,-0.05033574002966734,-0.32560894130464346,-0.05023934198670395,-0.00012456294082713228,9.033078867036253e-06,6051.010408493667,True,True,True,Z_mode_existing_controller,False,0.07831197579104432,0.0,3.158442583448158,False,False,False,0.9127369832595378,1.879307465762101e-05,0.00010338946781573077,0.0015519549360207103,0.1677931534045532,7.900500064821604e-05,0.006468964931982561,0.0,0.0,0.0,0.0,2.340280077083118e-09,0.0,0.0,0.7383714731149061,0.0,0.0,0.0,0.0,0.0,0.0,0.0,False,-1.489444309301689,0.024608745898802683,0.0754420183102369,0.08199227048110622
964,-6.900654075860075,-4926.487577195942,10.0761018700145,5.415651726812789,43.84092726543387,24.88411634607363,0.1,0.0,0.0,25.3954247499874,50.18656587098995,190.94780818831128,209.71426184925548,0.0,0.0,0.0,0.0,-9.020562075079397e-17,-8.326672684688674e-17,0.26014284641297625,-0.05033574002966734,nan,nan,0.00025205319831198567,1.2394573644553507e-05,6137.757220267326,True,True,True,Z_mode_existing_controller,False,0.05060201485354432,0.0,0.0,False,False,False,0.4790029243912386,9.550106615427382e-06,5.253959017036747e-05,0.00015320706060023751,0.016564331363815632,5.315734251469831e-06,0.0004352547076559436,0.0,0.0,0.0,0.0,4.3333423748712805e-36,0.0,0.0,0.46195079872959666,0.0,0.0,0.0,0.0,0.0,0.0,0.0,False,0.1,-0.09230711311101913,-0.00022104311210568994,25.326991452047373,50.14643163530303,190.36352956790853,210.08186777584748,-0.9230711460113525,-0.002210431033745408,-0.03143516890253194,-0.0015691017467008087,-0.03143516890253181,-0.0015691017467009058,0.23243288547547625,-0.05033574002966734,-0.32560894130464346,-0.05167205418704182,0.00025268883658936033,1.2361812734861628e-05,6130.856566191466,True,True,True,Z_mode_existing_controller,False,0.07831197579104432,0.0,3.147430577824081,False,False,False,0.5135061947705389,1.859760290509241e-05,0.00010231408654709176,0.00010252298992299215,0.011084507272969247,3.1353612824323883e-06,0.0002567247898074535,0.0,0.0,0.0,0.0,2.9363370439311124e-10,0.0,0.0,0.5020626483275815,0.0,0.0,0.0,0.0,0.0,0.0,0.0,False,-6.900654075860075,0.11242957041496537,0.1000336353199204,0.08202337446870786
965,-12.302600130728933,-4938.790177326671,10.981942564554325,5.0122029496312255,47.604463693731915,27.873725804174832,0.1,0.0,0.0,25.395822273826045,50.186317028498934,190.87035025711046,209.6788625120011,0.0,0.0,0.0,0.0,6.938893903907228e-17,-1.249000902703301e-16,0.26014284641297625,-0.05033574002966734,nan,nan,-0.0008013664070352371,0.00013120571749597682,6226.888182051233,True,True,True,Z_mode_existing_controller,False,0.05060201485354432,0.0,0.0,False,False,False,0.03334811547170375,1.0472842208296556e-05,5.761598898319768e-05,5.999731105911842e-07,6.486746351164033e-05,1.2531130780490167e-07,1.0260546156822111e-05,0.0,0.0,0.0,0.0,2.720376046446971e-34,0.0,0.0,0.03321537147305209,0.0,0.0,0.0,0.0,0.0,0.0,0.0,False,0.1,-0.09277991205453873,-0.0005486273439601064,25.32728565291821,50.1461395920806,190.0679568154971,209.9922469469881,-0.9277991056442261,-0.00548627320677042,-0.031618676231072104,-0.0017593126135643372,-0.03161867623107213,-0.0017593126135643788,0.23243288547547625,-0.05033574002966734,-0.32560894130464346,-0.05363555998492937,-0.0007980955340172249,0.00013115239694013467,6214.585581920504,True,True,True,Z_mode_existing_controller,False,0.07831197579104432,0.0,3.1667583859170754,False,False,False,0.09486111612534842,2.8676075435956975e-05,0.00015776046402098698,8.736325196806902e-06,0.0009445477571008043,8.031892965442488e-07,6.576550029059218e-05,0.0,0.0,0.0,0.0,6.985511350095858e-10,0.0,0.0,0.09369304170538491,0.0,0.0,0.0,0.0,0.0,0.0,0.0,False,-12.302600130728933,0.19757220253594254,0.12366037096241522,0.08214304489380397
966,-17.583413269400808,-4956.373590596072,9.8069628064602,6.114795350149746,41.30578045257763,23.948053206891803,0.1,0.0,0.0,25.380355213482595,50.188433150672715,193.8925734621827,210.4414879121569,0.0,0.0,0.0,0.0,-2.42861286636753e-17,1.3877787807814457e-16,0.26014284641297625,-0.05033574002966734,nan,nan,0.0008396274343711416,-2.9289815605681134e-05,6181.516508664542,True,True,True,Z_mode_existing_controller,False,0.05060201485354432,0.0,0.0,False,False,False,0.26020648240516037,9.878354293214569e-06,5.4345433723721545e-05,0.0009133833101277104,0.09875252323136548,5.815975009627913e-05,0.00476214645577874,0.0,0.0,0.0,0.0,7.830108930149355e-34,0.0,0.0,0.15663746728429243,0.0,0.0,0.0,0.0,0.0,0.0,0.0,False,0.1,-0.09454100579023361,-0.000644202227704227,25.311578657408017,50.14817891759187,192.85717668481462,210.715772110944,-0.9454100728034973,-0.006442022044211626,-0.032241588601801735,-0.0018402303415795546,-0.03224158860180172,-0.0018402303415795823,0.23243288547547625,-0.05033574002966734,-0.32560894130464346,-0.05413823594092859,0.0008392455933818963,-2.9302105413130195e-05,6163.933095395141,True,True,True,Z_mode_existing_controller,False,0.07831197579104432,0.0,3.229406266294018,False,False,False,0.34812354875216445,2.136632412043071e-05,0.00011754611314194524,0.0007779747479395646,0.08411251718468067,5.234886628773888e-05,0.004286348680032238,0.0,0.0,0.0,0.0,3.945675003150996e-09,0.0,0.0,0.25960713282863457,0.0,0.0,0.0,0.0,0.0,0.0,0.0,False,-17.583413269400808,0.2844514488435709,0.1422290291438547,0.08235082927533122
967,-19.99243232882054,-4976.366022924893,9.203033911753455,4.261317900543087,41.012997775411826,24.384980579301427,0.1,0.0,0.0,25.39199639939394,50.187803313506826,191.6030510944125,209.91172234632924,0.0,0.0,0.0,0.0,5.551115123125783e-17,1.3877787807814457e-17,0.26014284641297625,-0.05033574002966734,nan,nan,0.00047635346760824244,-2.5398524229211517e-05,6065.767513093172,True,True,True,Z_mode_existing_controller,False,0.05060201485354432,0.0,0.0,False,False,False,0.8389514602620102,9.7544973505547e-06,5.366403892163713e-05,0.0005241912672520015,0.05667413639268743,2.806515547367004e-05,0.002297987533450004,0.0,0.0,0.0,0.0,2.196763842816691e-34,0.0,0.0,0.7799256722969511,0.0,0.0,0.0,0.0,0.0,0.0,0.0,False,0.1,-0.09401380270719528,-0.00042179421870969236,25.322737492470313,50.1474371916609,190.45610057292447,210.1756980467363,-0.9401379823684692,-0.0042179422453045845,-0.0320848954591771,-0.0017078601071449095,-0.0320848954591771,-0.001707860107144861,0.23243288547547625,-0.05033574002966734,-0.32560894130464346,-0.052839402359624726,0.0004745699654557971,-2.534691907686462e-05,6045.7750807643515,True,True,True,Z_mode_existing_controller,False,0.07831197579104432,0.0,3.2130317501884327,False,False,False,0.9389136219061129,1.909679535825611e-05,0.00010506037702964963,0.0005765166495089513,0.062331414634608694,2.9167999482980866e-05,0.002388288896188362,0.0,0.0,0.0,0.0,4.2074619909882544e-10,0.0,0.0,0.8740888575775401,0.0,0.0,0.0,0.0,0.0,0.0,0.0,False,-19.99243232882054,0.32959443773052916,0.15810319615012183,0.08259975931010982
968,-21.087838520970763,-4997.453861445863,7.469044541190016,5.800412559717388,42.02314731631406,24.40835460248784,0.1,0.0,0.0,25.396296790360683,50.18689758329554,190.76392226685428,209.6758775133815,0.0,0.0,0.0,0.0,-1.1796119636642288e-16,-1.1102230246251565e-16,0.26014284641297625,-0.05033574002966734,nan,nan,0.0030094414755608236,-4.565597504364773e-05,5869.396634861482,True,True,True,Z_mode_existing_controller,False,0.05060201485354432,0.0,0.0,False,False,False,1.8208058514204595,1.9336504179761816e-05,0.00010637912704462713,7.041371892392445e-05,0.007612940084124634,5.5622785228151285e-06,0.00045544186330974125,0.0,0.0,0.0,0.0,4.569268793058717e-34,20.0,8.57915740424301,-26.766526313897028,28.57915740424301,28.57915740424301,0.0,0.0,0.0,0.0,0.0,False,0.1,-0.09326556324958801,-0.00043175771133974195,25.326446169115815,50.14640361487857,189.54153902313132,209.92186067421204,-0.9326556324958801,-0.004317576996982098,-0.031851770653186624,-0.0017017009310138706,-0.031851770653186555,-0.0017017009310137457,0.23243288547547625,-0.05033574002966734,-0.32560894130464346,-0.052919103637493914,0.003002673363711986,-4.540949860029576e-05,5848.308796340511,True,True,True,Z_mode_existing_controller,False,0.07831197579104432,0.0,3.1897195484898324,False,False,False,1.9262450440253134,3.267894041618211e-06,1.7978209100770654e-05,8.36422828360046e-05,0.009043176492607554,6.443341169001959e-06,0.0005275836684397822,0.0,0.0,0.0,0.0,5.438511061874399e-10,20.0,5.192835290316468,-23.276178985205153,25.192835290316467,25.192835290316467,0.0,0.0,0.0,0.0,0.0,False,-21.087838520970763,0.35928460509413906,0.16877025768371454,0.08286905065937161
969,-7.1782322834742445,-5004.632093729338,7.651637221433207,5.706782644894997,42.37124526468332,26.52507861103539,0.1,0.0,0.0,25.43790220697852,50.18545886766365,182.5768418309188,207.83997808301396,0.0,0.0,0.0,0.0,-8.326672684688674e-17,1.249000902703301e-16,0.055419921875,0.0,nan,nan,0.0028156756810098554,2.411410863609924e-05,5697.879612223825,False,True,True,Omega_safe_one_step_QP,False,0.33251953125,0.0,0.0,False,False,False,2.678390964608748,3.7072943491469624e-05,0.0002039555510620694,0.006702828606447756,0.724691627638283,0.0003370526718423833,0.027598024131256522,0.0,0.0,0.0,0.0,5.686308160803314e-34,20.0,126.85046517702925,-144.92456781974113,146.85046517702926,146.85046517702926,0.0,0.0,0.0,0.0,0.0,False,0.1,-0.08905970305204391,-0.0031710637267678976,25.367326436692178,50.144829750322415,181.94503231007002,208.827671187996,-0.8905969858169556,-0.031710635870695114,-0.02529963335413421,0.005835718070599016,-0.025299633354134293,0.005835718070599155,0.0277099609375,0.0,-0.387939453125,-0.014799631424952019,0.0028092304100849853,2.4129165935497668e-05,5690.70137994035,False,True,True,Omega_safe_one_step_QP,False,0.3602294921875,0.0,2.5963956810416002,False,False,False,2.7142821260261187,1.212813883954157e-06,6.672254769695198e-06,0.005770691424158542,0.6239114866742835,0.00011972506317457176,0.00980314193786656,0.0,0.0,0.0,0.0,9.974318839150708e-07,20.0,103.51638909545795,-121.43582926773064,123.51638909545795,123.51638909545795,0.0,0.0,0.0,0.0,0.0,False,-7.1782322834742445,0.1259807642842186,0.16394688085476247,0.0829097457463864
970,9.586741740660727,-4995.045351988677,8.76019837763457,6.3717926605468636,37.65962840709879,23.75113523707537,0.1,0.0,0.0,25.469834175026385,50.184148277456835,176.29525508132787,206.41843169662872,0.0,0.0,0.0,0.0,8.326672684688674e-17,-1.3877787807814457e-17,0.055419921875,0.0,nan,nan,0.0019235197710462523,-5.8810030616955004e-05,5658.874333684419,False,True,True,Omega_safe_one_step_QP,False,0.33251953125,0.0,0.0,False,False,False,2.873417357305775,4.6218895776614835e-05,0.00025427169978474635,0.003945833209263633,0.42661277181692464,0.0002020794128644948,0.016546353073481818,0.0,0.0,0.0,0.0,4.699269064304855e-34,20.0,217.60805021869314,-235.17804625797754,237.60805021869314,237.60805021869314,0.0,0.0,0.0,0.0,0.0,False,0.1,-0.09307580441236496,-0.02934236265718937,25.399019269361474,50.143452866279006,176.41229324348365,206.53091345041307,-0.930757999420166,-0.2934236228466034,-0.020879454138970716,-0.00344594389357146,-0.020879454138970577,-0.0034459438935714737,0.0277099609375,0.0,-0.387939453125,-0.13103443932255618,0.0019213396628975196,-5.8920201170897064e-05,5668.46107542508,False,True,True,Omega_safe_one_step_QP,False,0.3602294921875,0.0,2.1161902902598664,False,False,False,2.8254836486024715,2.844389778269328e-06,1.5648314647465858e-05,0.003061120157893105,0.33095999910932566,0.0005275096105147088,0.04319272379855976,0.0,0.0,0.0,0.0,1.056872331112971e-06,20.0,179.75776737004452,-197.3064531495369,199.75776737004452,199.75776737004452,0.0,0.0,0.0,0.0,0.0,False,9.586741740660727,-0.16941075513191198,0.14273543004830105,0.08267342107566984
971,23.29738820417515,-4971.747963784502,13.763844255954478,6.361624823931226,38.44504017069736,27.106257059033492,0.1,0.0,0.0,25.483192433615873,50.18020743696262,173.70619258601778,205.6343229617942,0.0,0.0,0.0,0.0,-2.7755575615628914e-17,-4.163336342344337e-17,0.055419921875,0.0,nan,nan,-0.0030084576700673206,9.710199163877027e-05,6070.999486909069,False,True,True,Omega_safe_one_step_QP,False,0.33251953125,0.0,0.0,False,False,False,0.8127915911825266,1.140670413327838e-05,6.275359893772904e-05,0.0006703244604621302,0.07247366042311786,6.148265080437891e-05,0.005034227057978481,0.0,0.0,0.0,0.0,1.3096323621833205e-34,20.0,0.0,-19.26477904989751,20.0,20.0,0.0,0.0,0.0,0.0,0.0,False,0.1,-0.08833823353052139,-0.005468577146530151,25.412809763548676,50.13958781147026,174.31108434396688,206.79263996492742,-0.8833823204040527,-0.054685771465301514,-0.017677676969337114,0.006696561561668202,-0.017677676969337003,0.006696561561668132,0.0277099609375,0.0,-0.387939453125,-0.025730771330462438,-0.002987867186669324,9.7539998938364e-05,6094.296875113244,False,True,True,Omega_safe_one_step_QP,False,0.3602294921875,0.0,1.890354992538278,False,False,False,0.6963046501616509,7.138064541390128e-06,3.926982186863116e-05,0.0004415078839408446,0.04773463351284912,6.8500768399830565e-06,0.0005608873678331767,0.0,0.0,0.0,0.0,1.1312179395355195e-06,20.0,0.0,-19.35203127175884,20.0,20.0,0.0,0.0,0.0,0.0,0.0,False,23.29738820417515,-0.38374880865023037,0.07658095519000914,0.08220522287157468
972,-8.275004584502312,-4980.022968369004,11.114127020943233,6.6542120889998495,39.05449831792247,25.979206400278372,0.1,0.0,0.0,25.420441426747953,50.178993052516645,186.08905003630804,208.20475405659118,0.0,0.0,0.0,0.0,-9.71445146547012e-17,-4.163336342344337e-17,0.055419921875,0.0,nan,nan,-0.000174223540634952,3.9802493511087705e-05,6124.442948807697,False,True,True,Omega_safe_one_step_QP,False,0.33251953125,0.0,0.0,False,False,False,0.5455742816893872,9.029753637625416e-06,4.9676885773593345e-05,0.015333515863420898,1.6578180975403005,0.0006607116013099239,0.05409936262211083,0.0,0.0,0.0,0.0,4.81482486096809e-35,20.0,0.0,-21.166392855358797,20.0,20.0,0.0,0.0,0.0,0.0,0.0,False,0.1,-0.0933096706867218,-0.02397489920258522,25.35122594525504,50.13850800259584,185.4544927918617,208.4071873642729,-0.933096706867218,-0.2397489845752716,-0.03024285966186234,-0.0028920346672541425,-0.03024285966186234,-0.0028920346672540176,0.0277099609375,0.0,-0.387939453125,-0.10679657030640567,-0.00016898836871661422,3.9752073271342764e-05,6116.167944223194,False,True,True,Omega_safe_one_step_QP,False,0.3602294921875,0.0,3.0380823310827103,False,False,False,0.5869493046118986,1.1024815241331788e-05,6.065265004977866e-05,0.012417555183661349,1.3425523470314147,0.00026067633047332166,0.021344295001507505,0.0,0.0,0.0,0.0,2.4982499373783834e-06,20.0,0.0,-20.77701048832101,20.0,20.0,0.0,0.0,0.0,0.0,0.0,False,-8.275004584502312,0.13511440393306767,0.0480172456206425,0.08225874684867077
973,-3.986085180655209,-4984.009053549659,9.566079318742768,5.563110945820416,38.15247982506638,24.196402029803917,0.1,0.0,0.0,25.41044902115026,50.17855839351108,188.0620299441284,208.5966263416815,0.0,0.0,0.0,0.0,1.1102230246251565e-16,-4.163336342344337e-17,0.055419921875,0.0,nan,nan,0.0007066335693835374,-3.6126563092649805e-05,6018.369532037307,False,True,True,Omega_safe_one_step_QP,False,0.33251953125,0.0,0.0,False,False,False,1.0759413655413346,9.582748129865755e-06,5.27191663636177e-05,0.00038926497166628357,0.04208627170147945,1.5356388782191635e-05,0.0012573880096048225,0.0,0.0,0.0,0.0,4.333342374871281e-34,20.0,0.0,-18.967455013336114,20.0,20.0,0.0,0.0,0.0,0.0,0.0,False,0.1,-0.09042298793792725,-0.0028051903937011957,25.341162262638633,50.13802707189556,187.5776810921499,209.66195618217884,-0.9042298793792725,-0.02805190347135067,-0.03132494444124308,0.00529392360978298,-0.031324944441242994,0.005293923609782883,0.0277099609375,0.0,-0.387939453125,-0.012894682757841006,0.000706276775621835,-3.623541955733681e-05,6014.383446856652,False,True,True,Omega_safe_one_step_QP,False,0.3602294921875,0.0,3.176913236827802,False,False,False,1.0958717914446106,8.932313485261684e-06,4.9140822054361296e-05,0.0004507928558480719,0.048738499462450104,0.00015744447863891072,0.012891624614807076,0.0,0.0,0.0,0.0,6.818082038315621e-07,20.0,0.0,-18.965808155262906,20.0,20.0,0.0,0.0,0.0,0.0,0.0,False,-3.986085180655209,0.06623197793748402,0.0030425452215009506,0.08224283047776294
974,4.912181461018918,-4979.09687208864,10.852096634781304,4.9759148094542756,36.974365295202425,25.341011772445494,0.1,0.0,0.0,25.415302582623198,50.17691270693199,187.12256091261227,208.2968149166907,0.0,0.0,0.0,0.0,-9.71445146547012e-17,-6.938893903907228e-17,0.055419921875,0.0,nan,nan,-0.0009896257321365723,9.143088835256077e-06,6125.007614644224,False,True,True,Omega_safe_one_step_QP,False,0.33251953125,0.0,0.0,False,False,False,0.542750952506749,6.579377573329781e-06,3.619622431444279e-05,8.826020611778469e-05,0.009542453818028453,8.988689055502685e-06,0.0007359978964300573,0.0,0.0,0.0,0.0,4.41037957264677e-34,0.0,0.0,0.5324363045679761,0.0,0.0,0.0,0.0,0.0,0.0,0.0,False,0.1,-0.0885295644402504,-0.003813726594671607,25.345982733210253,50.13633339282683,187.01126944092522,209.3712831340996,-0.8852956295013428,-0.03813726454973221,-0.0300551562771642,0.004967929744524674,-0.030055156277164298,0.004967929744524743,0.0277099609375,0.0,-0.387939453125,-0.017905580293910494,-0.0009849471485562978,9.092663994139877e-06,6129.919796105243,False,True,True,Omega_safe_one_step_QP,False,0.3602294921875,0.0,3.0462973341276047,False,False,False,0.5181900452016543,1.907167794724518e-05,0.00010492219443820891,3.208221586430726e-05,0.0034686420611415624,8.449082087967725e-06,0.0006918146356060992,0.0,0.0,0.0,0.0,1.7186339818202872e-08,0.0,0.0,0.5139246491241286,0.0,0.0,0.0,0.0,0.0,0.0,0.0,False,4.912181461018918,-0.08019878129252327,-0.03570966871232698,0.08207881515398598
975,4.161162617886475,-4974.935709470754,9.33162013298102,4.75843254790817,37.65493368340869,23.54648567917357,0.1,0.0,0.0,25.393940166887475,50.17603088457261,191.3422600348475,209.14284515010078,0.0,0.0,0.0,0.0,-6.245004513516506e-17,6.938893903907228e-17,0.26014284641297625,-0.05033574002966734,nan,nan,0.0005148675561065504,-6.056023205574211e-05,6073.687180213574,True,True,True,Z_mode_existing_controller,False,0.05060201485354432,0.0,0.0,False,False,False,0.7993531246600014,6.435593250020014e-06,3.5405199698297114e-05,0.001780586068219274,0.19251213057821667,7.157671558439318e-05,0.005860733615124456,0.0,0.0,0.0,0.0,2.046300565911438e-34,0.0,0.0,0.6009448552669621,0.0,0.0,0.0,0.0,0.0,0.0,0.0,False,0.1,-0.09353214502334595,-0.0009007923654280603,25.324965120378433,50.135464073626856,191.2211005077679,209.55206785753754,-0.9353214502334595,-0.009007923305034637,-0.03181518530551308,-0.001967617195180696,-0.03181518530551301,-0.001967617195180571,0.23243288547547625,-0.05033574002966734,-0.32560894130464346,-0.05571014705334449,0.000512975959603033,-6.063781051861717e-05,6077.84834283146,True,True,True,Z_mode_existing_controller,False,0.07831197579104432,0.0,3.187597109816267,False,False,False,0.778547311570569,1.6250424389019832e-05,8.940116292674894e-05,0.0017722677611353673,0.19161277780436944,3.268311622853175e-06,0.00026761082338533734,0.0,0.0,0.0,0.0,5.119951353348584e-07,0.0,0.0,0.5865770097847521,0.0,0.0,0.0,0.0,0.0,0.0,0.0,False,4.161162617886475,-0.06851130943066043,-0.052402857615321645,0.08192819093595022
976,-2.0373217817814293,-4976.973031252535,9.422174006641939,7.099986859579387,40.92746994012747,29.406246639898235,0.1,0.0,0.0,25.398637774568165,50.17441250101411,190.43321556012324,208.85110503663248,0.0,0.0,0.0,0.0,-3.469446951953614e-17,-8.326672684688674e-17,0.26014284641297625,-0.05033574002966734,nan,nan,0.0017217700218206166,0.00012787777834945323,6059.4182835531465,True,True,True,Z_mode_existing_controller,False,0.05060201485354432,0.0,0.0,False,False,False,0.8706976079621381,1.0798222449968924e-05,5.94060574332593e-05,8.263618570266955e-05,0.008934400002572075,8.511229380650096e-06,0.0006969032838395195,0.0,0.0,0.0,0.0,2.407412430484045e-34,20.0,0.0,-19.138993101381708,20.0,20.0,0.0,0.0,0.0,0.0,0.0,False,0.1,-0.09291711449623108,-0.0005528598558157682,25.329899743678585,50.133874901201786,190.04975207330696,209.23277397914958,-0.9291711449623108,-0.005528598558157682,-0.031629837194092694,-0.0017638234510158335,-0.0316298371940926,-0.0017638234510157919,0.23243288547547625,-0.05033574002966734,-0.32560894130464346,-0.053656107063937857,0.00172032120927264,0.00012788632365039074,6057.380961771365,True,True,True,Z_mode_existing_controller,False,0.07831197579104432,0.0,3.1678978425624047,False,False,False,0.8808842168710452,6.718941759093048e-06,3.6964031985889916e-05,0.0001372057154914058,0.014834309381727894,1.019485807760207e-05,0.0008347595576158775,0.0,0.0,0.0,0.0,7.588581256781198e-10,20.0,0.0,-19.134821816859144,20.0,20.0,0.0,0.0,0.0,0.0,0.0,False,-2.0373217817814293,0.03362239882516868,-0.054236072057505934,0.08188003577072625
977,-1.41445766495508,-4978.38748891749,11.75507432225549,5.488048277879395,38.08480711151067,20.456117306596077,0.1,0.0,0.0,25.420691913681605,50.17642600268872,186.05981480386285,208.02825465429208,0.0,0.0,0.0,0.0,-8.326672684688674e-17,-6.938893903907228e-17,0.055419921875,0.0,nan,nan,-0.0015759288724988315,-0.00012192903244690346,6188.741358547132,False,True,True,Omega_safe_one_step_QP,False,0.33251953125,0.0,0.0,False,False,False,0.22408223299220936,5.702917404212073e-06,3.137440818814873e-05,0.0019126634174858994,0.20679197492961598,6.77082751717728e-05,0.0055439839769321495,0.0,0.0,0.0,0.0,2.5518571763130876e-35,0.0,0.0,0.011714899677473078,0.0,0.0,0.0,0.0,0.0,0.0,0.0,False,0.1,-0.08964574337005615,-0.004528080578893423,25.35198422849684,50.135878154485255,185.690016994367,209.05102408698372,-0.8964574337005615,-0.045280806720256805,-0.02917032295131952,0.005047897708210056,-0.02917032295131966,0.005047897708210153,0.0277099609375,0.0,-0.387939453125,-0.020994795387836586,-0.0015681047349164904,-0.00012214021912328394,6187.326900882177,False,True,True,Omega_safe_one_step_QP,False,0.3602294921875,0.0,2.9603868199220953,False,False,False,0.23115452131698475,2.120905854762539e-05,0.00011668092188536262,0.0019007289958539644,0.20550165767026538,3.3033023302304734e-06,0.0002704758782187255,0.0,0.0,0.0,0.0,5.244875546144938e-07,0.0,0.0,0.02526518235906068,0.0,0.0,0.0,0.0,0.0,0.0,0.0,False,-1.41445766495508,0.022855336537882683,-0.04868811355487755,0.08182000044149489
978,-2.3933438018375455,-4980.780832719328,9.679574605469416,4.651578938692864,42.65322090559256,28.18507154349659,0.1,0.0,0.0,25.389657535889615,50.17275938086851,192.21898887023303,209.12841489169136,0.0,0.0,0.0,0.0,2.7755575615628914e-17,2.7755575615628914e-17,0.26014284641297625,-0.05033574002966734,nan,nan,0.0002117247951539552,0.00010119486881377069,6129.076895500129,True,True,True,Z_mode_existing_controller,False,0.05060201485354432,0.0,0.0,False,False,False,0.5224045482272277,6.132121651119532e-06,3.373566090918863e-05,0.003793542517984703,0.41014751581576075,0.00012103525479544392,0.009910421016153496,0.0,0.0,0.0,0.0,2.1763008371575767e-34,0.0,0.0,0.10231287573440431,0.0,0.0,0.0,0.0,0.0,0.0,0.0,False,0.1,-0.09245532751083374,-0.0014483280247077346,25.321130315196356,50.132180800111705,191.82259919348635,209.4544192195443,-0.9245532751083374,-0.01448328047990799,-0.031471836954409235,-0.0022562994537478065,-0.03147183695440928,-0.002256299453747848,0.23243288547547625,-0.05033574002966734,-0.32560894130464346,-0.05907755771010376,0.00021082922979843034,0.00010119303110327579,6126.683551698291,True,True,True,Z_mode_existing_controller,False,0.07831197579104432,0.0,3.155261333883305,False,False,False,0.5343712672364154,2.0724378271928578e-05,0.00011401446965878382,0.003760856442895558,0.4066135861349878,1.6272763297356435e-05,0.0013324211664243392,0.0,0.0,0.0,0.0,5.86482628871729e-07,0.0,0.0,0.12631065898271554,0.0,0.0,0.0,0.0,0.0,0.0,0.0,False,-2.3933438018375455,0.03904900921694588,-0.007128041595572924,0.08177695988137507
979,-9.469966032350385,-4990.250798751678,11.40928828259684,5.17035500435503,41.014406200041726,24.03258746728868,0.1,0.0,0.0,25.39054292338421,50.17452095144842,192.02171066946917,209.18303904544575,0.0,0.0,0.0,0.0,1.3183898417423734e-16,1.3877787807814457e-16,0.26014284641297625,-0.05033574002966734,nan,nan,-0.0013275478095304233,-5.266373801076762e-06,6300.904537704732,True,True,True,Z_mode_existing_controller,False,0.05060201485354432,0.0,0.0,False,False,False,-0.33673366279579114,8.14934783281923e-06,4.483336286533527e-05,3.89186884966264e-06,0.0004207782917951497,2.9837981733831547e-07,2.443147343758056e-05,0.0,0.0,0.0,0.0,2.3159307581256514e-34,0.0,0.0,-0.33722370592388917,0.0,0.0,0.0,0.0,0.0,0.0,0.0,False,0.1,-0.09410050511360168,-0.0004435949958860874,25.32204328945182,50.13393140304068,191.33735931635056,209.5228220663431,-0.9410050511360168,-0.004435949958860874,-0.03205504945527314,-0.0017213838199813536,-0.032055049455273106,-0.0017213838199813397,0.23243288547547625,-0.05033574002966734,-0.32560894130464346,-0.05296638012618911,-0.0013224546982332514,-5.3569635127376745e-06,6291.434571672382,True,True,True,Z_mode_existing_controller,False,0.07831197579104432,0.0,3.2101236079560826,False,False,False,-0.2893838326340392,3.653589313933614e-05,0.00020100098662230036,2.3545773836276324e-05,0.0025457051294732348,4.67894945018263e-07,3.8311448216454105e-05,0.0,0.0,0.0,0.0,6.262715564116673e-09,0.0,0.0,-0.2921688564610668,0.0,0.0,0.0,0.0,0.0,0.0,0.0,False,-9.469966032350385,0.15029534213194198,0.027488817926003734,0.0818477698624105
980,-14.178549984421807,-5004.4293487361,9.966572079994211,4.210289190657441,41.03452560786995,20.35129750813665,0.1,0.0,0.0,25.368170868673083,50.17411831136975,196.43481324120725,210.09793693720013,0.0,0.0,0.0,0.0,-1.3877787807814457e-16,1.3183898417423734e-16,0.26014284641297625,-0.05033574002966734,nan,nan,-0.0003753364935604553,-0.00013583579762154775,6260.898189912851,True,True,True,Z_mode_existing_controller,False,0.05060201485354432,0.0,0.0,False,False,False,-0.1367019238363855,8.53983333673154e-06,4.6981605724727066e-05,0.0019475474308681248,0.2105635397302141,8.370381523366067e-05,0.006853705980343224,0.0,0.0,0.0,0.0,7.328163438393433e-34,0.0,0.0,-0.35416615115266753,0.0,0.0,0.0,0.0,0.0,0.0,0.0,False,0.1,-0.0940932109951973,-0.0008450843743048608,25.299555404890384,50.13346967629534,195.5435015146687,210.3784081315497,-0.9409320950508118,-0.008450843393802643,-0.03207616989611024,-0.001945317442785116,-0.032076169896110125,-0.0019453174427851785,0.23243288547547625,-0.05033574002966734,-0.32560894130464346,-0.055347710851286876,-0.0003756080872567621,-0.00013589097528343404,6246.719639928429,True,True,True,Z_mode_existing_controller,False,0.07831197579104432,0.0,3.2135104405576858,False,False,False,-0.06580917391427647,4.041038182145244e-05,0.00022231635572501565,0.0017691632192472497,0.1912771231656984,7.320275149756786e-05,0.005993874165901842,0.0,0.0,0.0,0.0,5.0592340443202e-10,0.0,0.0,-0.26330248810752516,0.0,0.0,0.0,0.0,0.0,0.0,0.0,False,-14.178549984421807,0.22646191575619865,0.05651622316349189,0.08199611938578642
981,-18.303338372667895,-5022.732687108768,11.064629736448607,6.823079174721112,39.00511498107709,26.575491678011563,0.1,0.0,0.0,25.36373314394539,50.171790593048335,197.33503578203917,210.15185242121996,0.0,0.0,0.0,0.0,2.7755575615628914e-17,-5.551115123125783e-17,0.26014284641297625,-0.05033574002966734,nan,nan,-1.0464085339264694e-05,5.8380714218936834e-05,6395.992380890586,True,True,True,Z_mode_existing_controller,False,0.05060201485354432,0.0,0.0,False,False,False,-0.8121728787250595,8.542362196651952e-06,4.6995518162479544e-05,8.104006230218764e-05,0.008761831474727859,2.9068794170920095e-07,2.380165920686532e-05,0.0,0.0,0.0,0.0,6.283346443563357e-34,0.0,0.0,-0.8210055073771567,0.0,0.0,0.0,0.0,0.0,0.0,0.0,False,0.1,-0.09428314864635468,-0.0006078704609535635,25.29475436450581,50.131052338998295,196.28347228730968,210.41780722532908,-0.9428314566612244,-0.006078704725950956,-0.03216413654015528,-0.0018159170357129606,-0.032164136540155146,-0.0018159170357128565,0.23243288547547625,-0.05033574002966734,-0.32560894130464346,-0.05393359550380477,-7.380581747169074e-06,5.828049038316595e-05,6377.689042517918,True,True,True,Z_mode_existing_controller,False,0.07831197579104432,0.0,3.2215357115114256,False,False,False,-0.7206561868617201,3.933352232988252e-05,0.00021639204946996744,5.475567443628995e-05,0.005920034832980206,1.552288590637517e-07,1.27102086890211e-05,0.0,0.0,0.0,0.0,2.4482595815025997e-10,0.0,0.0,-0.7268053241976852,0.0,0.0,0.0,0.0,0.0,0.0,0.0,False,-18.303338372667895,0.286168858289342,0.08206096262345257,0.08220986122504104
982,-20.597121201140908,-5043.329808309909,7.054511890739401,4.184215658965653,44.82587131674505,21.098260163987856,0.1,0.0,0.0,25.365519988830357,50.173493033586844,196.96074430240273,210.16527428620157,0.0,0.0,0.0,0.0,1.0408340855860843e-17,-1.3183898417423734e-16,0.26014284641297625,-0.05033574002966734,nan,nan,0.002818479542908348,-0.00014584269500720693,5970.4651312221595,True,True,True,Z_mode_existing_controller,False,0.05060201485354432,0.0,0.0,False,False,False,1.3154633696170732,6.978472542317118e-06,3.839183185622434e-05,1.4009411172843578e-05,0.0015146594939539114,1.8014645958454555e-08,1.4750473009451879e-06,0.0,0.0,0.0,0.0,6.126864635581894e-35,20.0,0.0,-18.68609115675604,20.0,20.0,0.0,0.0,0.0,0.0,0.0,False,0.1,-0.09488682448863983,-0.0010980976512655616,25.296099970453092,50.13263931065107,195.7536699744841,210.37792151406816,-0.9488682150840759,-0.01098097674548626,-0.032393114711965654,-0.0020989393218803984,-0.03239311471196569,-0.0020989393218803915,0.23243288547547625,-0.05033574002966734,-0.32560894130464346,-0.05679379595679511,0.0028095452893410525,-0.00014557235391830542,5949.868010021019,True,True,True,Z_mode_existing_controller,False,0.07831197579104432,0.0,3.2461044761675586,False,False,False,1.4184489756227776,1.1506171049591301e-05,6.330081283062412e-05,2.8069049067533445e-05,0.0030347493646849808,1.5908699627896486e-07,1.3026114696782828e-05,0.0,0.0,0.0,0.0,1.3253261763319647e-09,20.0,0.0,-18.58466210199476,20.0,20.0,0.0,0.0,0.0,0.0,0.0,False,-20.597121201140908,0.3449835272201759,0.10297984402111582,0.08246639801868913
983,-19.584731828166696,-5062.914540138076,7.483964831591392,5.152660100982403,37.71829101675514,24.770556981601576,0.1,0.0,0.0,25.409426408525132,50.17104868870298,188.33189174826262,208.17722117639224,0.0,0.0,0.0,0.0,8.326672684688674e-17,1.1102230246251565e-16,0.055419921875,0.0,nan,nan,0.002649519231314944,-4.5802481312019055e-05,5816.173880458317,False,True,True,Omega_safe_one_step_QP,False,0.33251953125,0.0,0.0,False,False,False,2.0869196234362835,1.770163135130265e-05,9.738492919460971e-05,0.007445709640109029,0.8050099077309182,0.00039523551674225426,0.03236206159992459,0.0,0.0,0.0,0.0,6.428994895607642e-34,20.0,20.216324936698456,-38.96687466752221,40.216324936698456,40.216324936698456,0.0,0.0,0.0,0.0,0.0,False,0.1,-0.0918094739317894,-0.0002030628820648417,25.339260819778655,50.130063872321344,187.15056288956004,209.28442503758077,-0.9180947542190552,-0.0020306287333369255,-0.03142203959838895,0.0069755464546957385,-0.03142203959838882,0.0069755464546956,0.0277099609375,0.0,-0.387939453125,-0.0009193274324913556,0.002643210236097284,-4.565246593881802e-05,5796.589148630151,False,True,True,Omega_safe_one_step_QP,False,0.3602294921875,0.0,3.2186997698827677,False,False,False,2.184843282577117,1.336147408038617e-06,7.3507700021007675e-06,0.0074013451514670595,0.8002133396891272,0.00011957345440903334,0.009790728144061074,0.0,0.0,0.0,0.0,8.32892789854883e-07,20.0,10.21291667323332,-28.838085642152183,30.21291667323332,30.21291667323332,0.0,0.0,0.0,0.0,0.0,False,-19.584731828166696,0.3367287882153793,0.11808927349503137,0.08270798099613956
984,4.535530470129743,-5058.379009667946,10.905741886090274,6.058516234231845,37.7216591809719,24.756267421781704,0.1,0.0,0.0,25.443669069578146,50.16927184758154,181.60027641465845,206.6327702310891,0.0,0.0,0.0,0.0,0.0,-6.938893903907228e-17,0.055419921875,0.0,nan,nan,-0.00037760783979731575,-5.2457102960694335e-06,5994.827447676506,False,True,True,Omega_safe_one_step_QP,False,0.33251953125,0.0,0.0,False,False,False,1.1936517873453385,1.0531563753119099e-05,5.793904358597702e-05,0.004531464499961476,0.48992963670639483,0.0002385328722447763,0.01953117869775471,0.0,0.0,0.0,0.0,3.948156385993833e-34,20.0,0.018848731519137806,-19.334715698621537,20.01884873151914,20.01884873151914,0.0,0.0,0.0,0.0,0.0,False,0.1,-0.08916522562503815,-0.004479383584111929,25.372821132120723,50.12813252903011,181.467291933899,207.73999014217645,-0.8916522264480591,-0.044793836772441864,-0.024864865191286473,0.006312760720361341,-0.024864865191286334,0.006312760720361452,0.0277099609375,0.0,-0.387939453125,-0.020880933671685618,-0.00037182572228677867,-5.3384320611642665e-06,5999.362978146636,False,True,True,Omega_safe_one_step_QP,False,0.3602294921875,0.0,2.565370283006673,False,False,False,1.1709741349946898,5.007249324467806e-06,2.7547213657636714e-05,0.0032299568755460397,0.3492141665519054,0.00023852791461425596,0.019530772764741373,0.0,0.0,0.0,0.0,4.3435821134796744e-07,20.0,0.0,-19.197798785893827,20.0,20.0,0.0,0.0,0.0,0.0,0.0,False,4.535530470129743,-0.07565739814392218,0.10879498799984795,0.08255304274469412
985,-0.20168425961855974,-5058.580693927564,10.020678908220095,4.947398194330237,38.18756538114426,25.319666480786832,0.1,0.0,0.0,25.426942632835775,50.16726569344017,184.91928560063712,207.22179734298976,0.0,0.0,0.0,0.0,1.3877787807814457e-16,-8.326672684688674e-17,0.055419921875,0.0,nan,nan,-9.81693151034615e-05,3.4254944175256263e-06,5988.823139797669,False,True,True,Omega_safe_one_step_QP,False,0.33251953125,0.0,0.0,False,False,False,1.2236733267395266,7.471197149065811e-06,4.11025396993821e-05,0.0011015821976610807,0.1191000759041395,3.4695293855403585e-05,0.0028408662415535823,0.0,0.0,0.0,0.0,1.9451892438311082e-34,20.0,0.0,-18.898308717945866,20.0,20.0,0.0,0.0,0.0,0.0,0.0,False,0.1,-0.09080908447504044,-0.018008524551987648,25.356445464280426,50.126134689893284,184.60450655212713,207.75630270235618,-0.9080908298492432,-0.18008524179458618,-0.028502480692253473,0.0002771913749667204,-0.028502480692253362,0.00027719137496663715,0.0277099609375,0.0,-0.387939453125,-0.08242823635361267,-9.643815283497115e-05,3.3721211667115274e-06,5988.62145553805,False,True,True,Omega_safe_one_step_QP,False,0.3602294921875,0.0,2.850382852654408,False,False,False,1.2246817480376193,8.29326238013667e-06,4.5625103904476946e-05,0.0009842115560824353,0.10641028085242696,2.660996196172345e-08,2.1788356352056537e-06,0.0,0.0,0.0,0.0,4.966034385594519e-07,20.0,0.0,-18.881776833357787,20.0,20.0,0.0,0.0,0.0,0.0,0.0,False,-0.20168425961855974,0.0033676776707313753,0.09900757626327464,0.0824757241652181
986,2.374749278082163,-5056.205944649482,10.777335541142035,6.516268878870095,41.89125218065549,28.069505124061653,0.1,0.0,0.0,25.417158802121598,50.165953498309065,186.86148181882925,207.55666016304093,0.0,0.0,0.0,0.0,5.551115123125783e-17,1.1102230246251565e-16,0.055419921875,0.0,nan,nan,0.000144694533305627,0.00010993631928972068,6109.740069944002,False,True,True,Omega_safe_one_step_QP,False,0.33251953125,0.0,0.0,False,False,False,0.6190886760078592,6.701795435552804e-06,3.686970206393096e-05,0.00037721261499597844,0.040783203626028636,1.1213310825262307e-05,0.0009181509259525618,0.0,0.0,0.0,0.0,4.468157470978387e-34,20.0,0.0,-19.422649548246184,20.0,20.0,0.0,0.0,0.0,0.0,0.0,False,0.1,-0.08847565948963165,-0.010718113742768764,25.34680317648137,50.12481877733283,186.64716197654704,208.37935006337523,-0.8847565650939941,-0.1071811392903328,-0.02968166452072437,0.0027779988887818713,-0.029681664520724453,0.0027779988887818158,0.0277099609375,0.0,-0.387939453125,-0.05035257971215393,0.00014875490218516562,0.000109944467947068,6112.114819222084,False,True,True,Omega_safe_one_step_QP,False,0.3602294921875,0.0,2.9811381828873706,False,False,False,0.6072149296174484,1.0017386530082183e-05,5.511031489622006e-05,0.00041724411829120636,0.04511130105819623,3.881880140727989e-05,0.0031785008916515875,0.0,0.0,0.0,0.0,7.644512722482194e-08,20.0,0.0,-19.441130059092423,20.0,20.0,0.0,0.0,0.0,0.0,0.0,False,2.374749278082163,-0.03886825381924846,0.08256101412113827,0.0823549689169656
987,4.403430492602638,-5051.80251415688,11.984442160840704,5.731258172028296,40.41759913520113,20.442023595679277,0.1,0.0,0.0,25.412628182248064,50.167076530088195,187.73942099149758,207.8042334176325,0.0,0.0,0.0,0.0,1.3877787807814457e-16,-2.7755575615628914e-17,0.055419921875,0.0,nan,nan,-0.001573547111414944,-0.00010852966867374008,6253.221358941457,False,True,True,Omega_safe_one_step_QP,False,0.33251953125,0.0,0.0,False,False,False,-0.09831776897941381,4.010325512586708e-06,2.206267085444944e-05,7.707771909055593e-05,0.008333433686287217,6.129251638906325e-06,0.0005018658766668458,0.0,0.0,0.0,0.0,2.619264724366641e-34,0.0,0.0,-0.10717513121322232,0.0,0.0,0.0,0.0,0.0,0.0,0.0,False,0.1,-0.08908816426992416,-0.0041706557385623455,25.342529931398975,50.12594709500393,187.5999207168233,208.91194532879902,-0.8908815979957581,-0.04170655831694603,-0.0308390513252952,0.005299692588091598,-0.030839051325295255,0.00529969258809157,0.0277099609375,0.0,-0.387939453125,-0.019458596191717418,-0.0015648010240547415,-0.00010869799974183025,6257.6247894340595,False,True,True,Omega_safe_one_step_QP,False,0.3602294921875,0.0,3.1291114204714336,False,False,False,-0.12033492144242701,2.6133391516165962e-05,0.00014377197400111666,9.077492171728177e-05,0.009814338040025997,2.836577167518413e-05,0.0023226021230281935,0.0,0.0,0.0,0.0,7.698483328533125e-08,0.0,0.0,-0.13261571056431562,0.0,0.0,0.0,0.0,0.0,0.0,0.0,False,4.403430492602638,-0.070418592911415,0.062289156361367524,0.08219952456466538
988,6.841171735389253,-5044.96134242149,8.604899858437795,5.772005075975167,41.06312656316781,25.17822670924093,0.1,0.0,0.0,25.38304675534997,50.16396381521746,193.60565383603833,208.87368997208569,0.0,0.0,0.0,0.0,7.28583859910259e-17,1.1102230246251565e-16,0.26014284641297625,-0.05033574002966734,nan,nan,0.0018413825793087858,-1.0140553030708746e-05,6052.650213229996,True,True,True,Z_mode_existing_controller,False,0.05060201485354432,0.0,0.0,False,False,False,0.9045379595778923,5.450255818790847e-06,2.9984398978368572e-05,0.003441268778636862,0.37206063570418574,0.00011437373218628733,0.009364972553414752,0.0,0.0,0.0,0.0,2.360467888089606e-34,20.0,0.0,-19.476917633078685,20.0,20.0,0.0,0.0,0.0,0.0,0.0,False,0.1,-0.09143400937318802,-0.0011656595161184669,25.313335873127,50.12283985928952,193.59870590948805,209.26971440262636,-0.914340078830719,-0.011656594462692738,-0.03111500219971606,-0.002082562314994957,-0.031115002199716114,-0.002082562314994929,0.23243288547547625,-0.05033574002966734,-0.32560894130464346,-0.057450015890888925,0.0018359411561618354,-1.0250468536341932e-05,6059.491384965385,True,True,True,Z_mode_existing_controller,False,0.07831197579104432,0.0,3.118461844698728,False,False,False,0.870332100900946,1.1071531484590695e-05,6.09096578900008e-05,0.003598542378773375,0.3890646302801211,1.2799871018727394e-05,0.0010480591870726996,0.0,0.0,0.0,0.0,5.45738363392383e-07,20.0,0.0,-19.519842043962502,20.0,20.0,0.0,0.0,0.0,0.0,0.0,False,6.841171735389253,-0.11302770677934919,0.03916844352141703,0.08200744489074896
989,-0.7949633468260799,-5045.756305768316,8.922956479312633,5.717712618306096,41.20304561034348,24.101759348349045,0.1,0.0,0.0,25.409550308899338,50.163737704427334,188.38146562277555,207.74037291630262,0.0,0.0,0.0,0.0,8.326672684688674e-17,1.3877787807814457e-17,0.055419921875,0.0,nan,nan,0.001507775927214458,-3.654934383514989e-05,5961.455569292537,False,True,True,Omega_safe_one_step_QP,False,0.33251953125,0.0,0.0,False,False,False,1.360511179265186,9.450464319941348e-06,5.199141143485326e-05,0.0027292142487593735,0.29507523349238723,0.0001284407548928799,0.010516786689731761,0.0,0.0,0.0,0.0,9.545390286869238e-35,20.0,0.010535880875556179,-18.955668713203924,20.010535880875555,20.010535880875555,0.0,0.0,0.0,0.0,0.0,False,0.1,-0.09063176810741425,-0.00015538062143605202,25.340119953847793,50.12266168916178,188.0239353537735,209.01472681163963,-0.9063176512718201,-0.0015538061270490289,-0.031849237189149615,0.007166545375396877,-0.03184923718914967,0.007166545375396793,0.0277099609375,0.0,-0.387939453125,-0.0007125963181035943,0.001504744777881067,-3.67068658821805e-05,5960.660605945711,False,True,True,Omega_safe_one_step_QP,False,0.3602294921875,0.0,3.2645570635973575,False,False,False,1.3644859959993163,4.782123488969987e-06,2.6308691449443793e-05,0.0031078066748861763,0.33600761855105293,6.501867155721571e-06,0.000532375802514746,0.0,0.0,0.0,0.0,8.60850940881718e-07,20.0,0.0,-18.97208116789664,20.0,20.0,0.0,0.0,0.0,0.0,0.0,False,-0.7949633468260799,0.013335054460875913,0.03383211577083902,0.08194096209658952
990,12.722272835178046,-5033.034032933138,8.786670325107746,7.201413738640875,37.566883937879666,24.603120855620837,0.1,0.0,0.0,25.426729714157762,50.162173050450285,185.0111673879317,206.9260582170345,0.0,0.0,0.0,0.0,-2.7755575615628914e-17,5.551115123125783e-17,0.055419921875,0.0,nan,nan,0.002289872113914579,-3.491073089880348e-05,5868.248239298143,False,True,True,Omega_safe_one_step_QP,False,0.33251953125,0.0,0.0,False,False,False,1.8265478292371562,2.064433780059759e-05,0.00011357412969922988,0.0011358910191791628,0.12280945252229936,6.63108429444135e-05,0.005429561598608762,0.0,0.0,0.0,0.0,1.4059288594026821e-34,20.0,47.91982739843561,-66.22163215744906,67.91982739843561,67.91982739843561,0.0,0.0,0.0,0.0,0.0,False,0.1,-0.0882369801402092,-0.012840650044381618,25.357331075286528,50.12106290731435,185.24528798891484,207.76171303649107,-0.8823697566986084,-0.12840649485588074,-0.028237163057510575,0.0023867141086197363,-0.028237163057510603,0.002386714108619764,0.0277099609375,0.0,-0.387939453125,-0.06048720908906868,0.0022863990511342927,-3.511427194549351e-05,5880.970512133321,False,True,True,Omega_safe_one_step_QP,False,0.3602294921875,0.0,2.8337850690776096,False,False,False,1.762936465061266,2.4946651946198076e-07,1.372431661923799e-06,0.0007720881178236035,0.08347607072147605,0.00015700435207120455,0.012855586853794928,0.0,0.0,0.0,0.0,3.5893866471315424e-07,20.0,18.9812441651491,-37.31464108903343,38.9812441651491,38.9812441651491,0.0,0.0,0.0,0.0,0.0,False,12.722272835178046,-0.2167984774396603,0.03119883395371087,0.08165654077514398
991,29.619474711156727,-5003.414558221982,9.554410393158651,5.411287903481001,40.046617231579404,27.527653141142252,0.1,0.0,0.0,25.452857775393838,50.16012203683469,179.88247568899735,205.70821473761976,0.0,0.0,0.0,0.0,2.7755575615628914e-17,1.3877787807814457e-17,0.055419921875,0.0,nan,nan,0.0006867561273927137,7.102337164070099e-05,5821.581897513504,False,True,True,Omega_safe_one_step_QP,False,0.33251953125,0.0,0.0,False,False,False,2.0598795381603487,1.9335565400271646e-05,0.0001063739623808532,0.0026303478542718077,0.28438606738854244,0.00014831427403529983,0.012144039361747298,0.0,0.0,0.0,0.0,4.81482486096809e-35,20.0,40.50842257923335,-58.745179521785666,60.50842257923335,60.50842257923335,0.0,0.0,0.0,0.0,0.0,False,0.1,-0.08370094001293182,0.0003671331505756825,25.38396331693976,50.11908378131136,180.81141075212255,207.17742297473717,-0.8370093703269958,0.003671331563964486,-0.022602760127139715,0.008478389323012037,-0.022602760127139826,0.008478389323012037,0.0277099609375,0.0,-0.387939453125,0.0018231417579793665,0.0006868206933874806,7.08765247337843e-05,5851.201372224661,False,True,True,Omega_safe_one_step_QP,False,0.3602294921875,0.0,2.4140585139502817,False,False,False,1.911782164604565,3.271222004599074e-07,1.7996517777119278e-06,0.001965926735094478,0.21255066019482555,3.413948762643814e-05,0.002795356577929067,0.0,0.0,0.0,0.0,6.885500329941195e-07,20.0,14.145028824306246,-32.44859516467624,34.145028824306245,34.145028824306245,0.0,0.0,0.0,0.0,0.0,False,29.619474711156727,-0.5087873920284056,0.026060096677119657,0.08109939250183935
992,27.419043614361726,-4975.99551460762,12.470459426299222,5.340381121898119,40.04668781949248,26.508819772832844,0.1,0.0,0.0,25.450703443505766,50.159398815524916,180.3136853590338,205.75422757360033,0.0,0.0,0.0,0.0,1.1102230246251565e-16,-2.7755575615628914e-17,0.055419921875,0.0,nan,nan,-0.00236490138087154,7.554132872674498e-05,6115.754219619974,False,True,True,Omega_safe_one_step_QP,False,0.33251953125,0.0,0.0,False,False,False,0.5890179276280014,3.628563568267497e-06,1.9962420364599137e-05,1.8594177953294585e-05,0.002010352028486402,2.117181074975434e-07,1.7335573718500417e-05,0.0,0.0,0.0,0.0,8.666684749742562e-35,20.0,0.0,-19.41302972239457,20.0,20.0,0.0,0.0,0.0,0.0,0.0,False,0.1,-0.08733004331588745,-0.011358389630913734,25.38292696747935,50.118526161219144,181.11123266481277,206.77077131012464,-0.8733004331588745,-0.11358389258384705,-0.023963432203634297,0.003922976775484338,-0.023963432203634213,0.003922976775484366,0.0277099609375,0.0,-0.387939453125,-0.0540605250555737,-0.002351505752798198,7.585766596238244e-05,6143.1732632343355,False,True,True,Omega_safe_one_step_QP,False,0.3602294921875,0.0,2.428241812009606,False,False,False,0.4519227095561928,1.2808837047501368e-05,7.046738598159882e-05,8.989317932922188e-06,0.0009719006447368814,1.6536557633213763e-05,0.001354020765106897,0.0,0.0,0.0,0.0,2.2603211977924088e-07,0.0,0.0,0.4495260947282476,0.0,0.0,0.0,0.0,0.0,0.0,0.0,False,27.419043614361726,-0.4483346228401166,-0.003314639340214075,0.08057508909648901
993,7.065990704577416,-4968.9295239030425,11.745937460129898,5.458083218365054,42.14108907603447,22.262606964243165,0.1,0.0,0.0,25.403133067881903,50.158834875652715,189.6962316602229,207.72127019117121,0.0,0.0,0.0,0.0,6.938893903907228e-17,-1.249000902703301e-16,0.055419921875,0.0,nan,nan,-0.001456640059317298,-4.8966917553573165e-05,6277.930263879855,False,True,True,Omega_safe_one_step_QP,False,0.33251953125,0.0,0.0,False,False,False,-0.22186229367140642,3.355481235869299e-06,1.846006710251178e-05,0.008803217509395741,0.9517799722942321,0.000386925665934011,0.03168164728402715,0.0,0.0,0.0,0.0,1.1170393677445967e-34,0.0,0.0,-1.205342373316768,0.0,0.0,0.0,0.0,0.0,0.0,0.0,False,0.1,-0.0936315506696701,-0.0021817192900925875,25.336563792218104,50.11812847633551,189.693407496867,208.07547271001147,-0.9363154768943787,-0.021817192435264587,-0.03179300567845602,-0.0026839849266663274,-0.031793005678455916,-0.0026839849266663968,0.23243288547547625,-0.05033574002966734,-0.32560894130464346,-0.06333873538173591,-0.0014494506887551555,-4.8938562751428625e-05,6284.996254584433,True,True,True,Z_mode_existing_controller,False,0.07831197579104432,0.0,3.190609636349925,False,False,False,-0.2571922471942935,2.8027089776330244e-05,0.00015419009125382303,0.0073653724847944895,0.796324072650976,0.00017022457428666376,0.013938064585623838,0.0,0.0,0.0,0.0,1.0495416373131847e-06,0.0,0.0,-1.0676096240637845,0.0,0.0,0.0,0.0,0.0,0.0,0.0,False,7.065990704577416,-0.11255287025457539,-0.012384165767531383,0.08037896037986672
994,-1.05665611474069,-4969.986180017783,10.811736948478003,4.05207714806606,36.990345085855964,23.504339087503666,0.1,0.0,0.0,25.37694831345524,50.15723901725571,194.8750099201177,208.73112109373795,0.0,0.0,0.0,0.0,1.3135109319661886e-16,-6.938893903907228e-17,0.26014284641297625,-0.05033574002966734,nan,nan,-0.0014926316807398897,-4.5430523644055584e-05,6312.049240695681,True,True,True,Z_mode_existing_controller,False,0.05060201485354432,0.0,0.0,False,False,False,-0.39245717775053435,8.081544556890423e-06,4.446034542448773e-05,0.002681974426515885,0.28996779218946545,0.00010197988454148588,0.008350158742532698,0.0,0.0,0.0,0.0,6.920796458863144e-35,0.0,0.0,-0.6908195890279569,0.0,0.0,0.0,0.0,0.0,0.0,0.0,False,0.1,-0.09343454986810684,-0.0009110731189139187,25.310840345214068,50.11658369267077,194.53989869408719,209.098253449894,-0.9343454837799072,-0.009110731072723866,-0.031751235207499305,-0.00197182571178868,-0.03175123520749941,-0.0019718257117887356,0.23243288547547625,-0.05033574002966734,-0.32560894130464346,-0.05577716301855819,-0.0014895726874876144,-4.5472540167973896e-05,6310.99258458094,True,True,True,Z_mode_existing_controller,False,0.07831197579104432,0.0,3.1812403773365148,False,False,False,-0.38717389717683093,4.5967432763618624e-05,0.0002528882844808288,0.0023488476924732778,0.25395103429848565,0.00010460804418746654,0.008565353634577604,0.0,0.0,0.0,0.0,5.089155195790953e-09,20.0,0.0,-20.64994317848353,20.0,20.0,0.0,0.0,0.0,0.0,0.0,False,-1.05665611474069,0.01674030214986458,-0.00747074176974439,0.08031404797082217
995,-34.961966006377224,-5004.94814602416,10.287516905205152,4.72366303340041,35.80028350775773,27.00969982253082,0.1,0.0,0.0,25.354511649292764,50.15652211186892,199.30455778866798,209.63148641812242,0.0,0.0,0.0,0.0,4.85722573273506e-17,-6.938893903907228e-17,0.26014284641297625,-0.05033574002966734,nan,nan,-0.0005651329374229295,4.8402623376714955e-05,6365.187108517676,True,True,True,Z_mode_existing_controller,False,0.05060201485354432,0.0,0.0,False,False,False,-0.658146516860511,1.0019114758688563e-05,5.511982268774076e-05,0.001962089431977839,0.2121357814019136,8.10657717353946e-05,0.00663770179403463,0.0,0.0,0.0,0.0,6.852335667871254e-35,0.0,0.0,-0.8769751198791469,0.0,0.0,0.0,0.0,0.0,0.0,0.0,False,0.1,-0.09466072171926498,-0.011822192929685116,25.288532218524942,50.11586285292821,197.54318725989214,210.23819053371685,-0.946607232093811,-0.11822192370891571,-0.04336626948500576,0.0008860380684515556,-0.043366269485005667,0.0008860380684516667,0.0277099609375,0.0,-0.387939453125,-0.05191052291710336,-0.0005645032486262594,4.83372303356321e-05,6330.225142511299,False,True,True,Omega_safe_one_step_QP,False,0.3602294921875,0.0,4.337532008533054,False,False,False,-0.4833366868286248,5.1397254559360546e-05,0.00028276026636902705,0.0009019742209494759,0.09751900349038752,0.00012994565550745286,0.01064000862786121,0.0,0.0,0.0,0.0,1.4307640665405527e-06,20.0,0.0,-20.59177988997731,20.0,20.0,0.0,0.0,0.0,0.0,0.0,False,-34.961966006377224,0.549268472557426,0.024551428157264,0.08079591993592182
996,-28.845320529644596,-5033.793466553805,10.75624266166821,4.428498642336198,40.987713070353884,24.854407787309896,0.1,0.0,0.0,25.34965315990369,50.15837153317685,200.23859227339332,209.9328204597707,0.0,0.0,0.0,0.0,3.469446951953614e-17,2.7755575615628914e-17,0.26014284641297625,-0.05033574002966734,nan,nan,-0.0010933808539594727,1.1012991187364521e-05,6436.208037384381,True,True,True,Z_mode_existing_controller,False,0.05060201485354432,0.0,0.0,False,False,False,-1.0132511611940345,1.51809322432468e-05,8.351738787668083e-05,8.724204186561405e-05,0.009432372663872299,9.08022046560928e-06,0.0007434925293937474,0.0,0.0,0.0,0.0,9.62964972193618e-35,20.0,0.0,-21.023510543775178,20.0,20.0,0.0,0.0,0.0,0.0,0.0,False,0.1,-0.09536883980035782,-0.026347005739808083,25.28261044337559,50.117473406688475,198.75390407592656,209.97708738696153,-0.953688383102417,-0.2634700536727905,-0.0450012472999087,-0.005464430804615332,-0.045001247299908814,-0.005464430804615457,0.0277099609375,0.0,-0.387939453125,-0.11482909429303412,-0.0010920298141215163,1.0898107061384406e-05,6407.362716854736,False,True,True,Omega_safe_one_step_QP,False,0.3602294921875,0.0,4.533180188968873,False,False,False,-0.8690245585458115,6.434869623394868e-05,0.0003540121869076992,0.00014658352086285238,0.015848212233394315,6.817485324552888e-06,0.0005582187599138286,0.0,0.0,0.0,0.0,4.3001607363019895e-07,20.0,0.0,-20.8857854317421,20.0,20.0,0.0,0.0,0.0,0.0,0.0,False,-28.845320529644596,0.44817259420606115,0.0463386626311352,0.08117723195733957
997,-24.037368564361714,-5057.830835118167,8.003490955208784,5.303389176616846,38.913661276787956,24.988785979592112,0.1,0.0,0.0,25.3376380091994,50.15961359204136,202.59062062835793,210.5020966741758,0.0,0.0,0.0,0.0,-4.163336342344337e-17,-9.020562075079397e-17,0.055419921875,0.0,nan,nan,0.002165937088729257,-3.335985528030269e-05,6201.42009839499,False,True,True,Omega_safe_one_step_QP,False,0.33251953125,0.0,0.0,False,False,False,0.16068853375291836,3.93607680537099e-06,2.1654194090274715e-05,0.0005532037382557493,0.059810885975287456,3.240754082873774e-05,0.002653543996365138,0.0,0.0,0.0,0.0,1.9740781929969166e-34,0.0,0.0,0.09820244958717549,0.0,0.0,0.0,0.0,0.0,0.0,0.0,False,0.1,-0.09482018649578094,-0.03021453320980072,25.2697712334275,50.11853637994873,201.25983405793144,210.3873296806796,-0.9482018351554871,-0.3021453320980072,-0.047340270981539326,-0.00770497208068846,-0.04734027098153941,-0.007704972080688585,0.0277099609375,0.0,-0.387939453125,-0.1324470399073136,0.00215972074728092,-3.3111518563196996e-05,6177.382729830629,False,True,True,Omega_safe_one_step_QP,False,0.3602294921875,0.0,4.796319267281711,False,False,False,0.28087537657472694,3.0133247708083714e-05,0.0001657770482402131,0.000627968507471101,0.06789424980180007,1.682987395550753e-05,0.0013780376372963578,0.0,0.0,0.0,0.0,1.0491056993016145e-07,0.0,0.0,0.21143720717682032,0.0,0.0,0.0,0.0,0.0,0.0,0.0,False,-24.037368564361714,0.38761071146563514,0.0647815842362111,0.08148338043424319
998,22.109052094098843,-5035.721783024068,12.314361005217735,5.271478016405238,36.039264322774294,24.079010937936832,0.1,0.0,0.0,25.37645426258099,50.16033032135549,194.92804947202563,208.90220284501538,0.0,0.0,0.0,0.0,1.0722759485881639e-16,9.71445146547012e-17,0.26014284641297625,-0.05033574002966734,nan,nan,-0.0023364249357957388,-1.3481598695792895e-05,6467.950715693179,True,True,True,Z_mode_existing_controller,False,0.05060201485354432,0.0,0.0,False,False,False,-1.1719645527380225,1.3606513027432083e-05,7.485577354227848e-05,0.005871499672585559,0.634810600753027,0.00025596602645855523,0.020958613193514396,0.0,0.0,0.0,0.0,5.725965813717005e-34,20.0,0.0,-21.827808622458107,20.0,20.0,0.0,0.0,0.0,0.0,0.0,False,0.1,-0.0939774140715599,-0.0009854338131844997,25.307777910854675,50.11911083240789,195.522123714402,209.42139703718047,-0.9397741556167603,-0.009854338131844997,-0.03189259263138425,-0.002021824642915171,-0.031892592631384185,-0.0020218246429151293,0.23243288547547625,-0.05033574002966734,-0.32560894130464346,-0.056187287347852125,-0.0023260165800014733,-1.3230451806386663e-05,6490.059767787277,True,True,True,Z_mode_existing_controller,False,0.07831197579104432,0.0,3.19566149590052,False,False,False,-1.2825098132085169,6.01771774176416e-05,0.0003310627165172116,0.003292131998624476,0.3559363720248276,9.330258717772447e-05,0.0076396577376596,0.0,0.0,0.0,0.0,2.709289312093254e-06,20.0,0.0,-21.646419614976832,20.0,20.0,0.0,0.0,0.0,0.0,0.0,False,22.109052094098843,-0.34182468398306876,0.04467779807750207,0.08104274879380712
999,-24.38941473296927,-5060.111197757037,9.84346855275079,4.174504064372182,38.30876437611324,28.191295196243203,0.1,0.0,0.0,25.34139553421396,50.16025327626888,201.83835521717089,210.36921692326868,0.0,0.0,0.0,0.0,1.1102230246251565e-16,6.938893903907228e-17,0.055419921875,0.0,nan,nan,-0.0003330862641254544,8.743920314793112e-05,6379.02269931161,False,True,True,Omega_safe_one_step_QP,False,0.33251953125,0.0,0.0,False,False,False,-0.7273244708301809,1.385740778794901e-05,7.623606262430375e-05,0.0047752325491387465,0.5162851762400406,0.00021521303057933785,0.01762173958990865,0.0,0.0,0.0,0.0,7.847717835524674e-36,20.0,0.0,-21.261307622722754,20.0,20.0,0.0,0.0,0.0,0.0,0.0,False,0.1,-0.09472654014825821,-0.02601606585085392,25.273720944495075,50.1191810776329,200.52090407588085,210.43119708200732,-0.9472653865814209,-0.2601606547832489,-0.04651541854180702,-0.005828475190685807,-0.04651541854180708,-0.0058284751906858695,0.0277099609375,0.0,-0.387939453125,-0.11415557361426214,-0.00033414902910322737,8.745618150551293e-05,6354.633284578641,False,True,True,Omega_safe_one_step_QP,False,0.3602294921875,0.0,4.687915619086955,False,False,False,-0.6053773971653346,6.013009501374882e-05,0.000330803694256584,0.0024987805102306623,0.27016136341722113,0.00010196961305323013,0.008349317708461684,0.0,0.0,0.0,0.0,2.2831762599937848e-06,20.0,0.0,-20.884221165161534,20.0,20.0,0.0,0.0,0.0,0.0,0.0,False,-24.38941473296927,0.38233779502934273,0.05677417810474968,0.08135174485990554
