step,delta_l_SAC_minus_baseline,cumulative_delta_SAC_minus_baseline,F1,X1,T1,T200,baseline_stochastic_residual_scale,baseline_scaled_action_0,baseline_scaled_action_1,baseline_state_0,baseline_state_1,baseline_control_0,baseline_control_1,baseline_raw_action_0,baseline_raw_action_1,baseline_residual_0,baseline_residual_1,baseline_applied_residual_0,baseline_applied_residual_1,baseline_interior_anchor_0,baseline_interior_anchor_1,baseline_boundary_target_0,baseline_boundary_target_1,baseline_w_hat_0,baseline_w_hat_1,baseline_economic_cost,baseline_in_Z_before,baseline_in_Omega_before,baseline_qp_feasible,baseline_safety_mode,baseline_collapsed_action,baseline_interior_chebyshev_radius,baseline_final_verification_gap,baseline_applied_displacement_from_baseline,baseline_physical_state_violation,baseline_physical_input_violation,baseline_robust_region_violation,SAC_stochastic_residual_scale,SAC_scaled_action_0,SAC_scaled_action_1,SAC_state_0,SAC_state_1,SAC_control_0,SAC_control_1,SAC_raw_action_0,SAC_raw_action_1,SAC_residual_0,SAC_residual_1,SAC_applied_residual_0,SAC_applied_residual_1,SAC_interior_anchor_0,SAC_interior_anchor_1,SAC_boundary_target_0,SAC_boundary_target_1,SAC_w_hat_0,SAC_w_hat_1,SAC_economic_cost,SAC_in_Z_before,SAC_in_Omega_before,SAC_qp_feasible,SAC_safety_mode,SAC_collapsed_action,SAC_interior_chebyshev_radius,SAC_final_verification_gap,SAC_applied_displacement_from_baseline,SAC_physical_state_violation,SAC_physical_input_violation,SAC_robust_region_violation
0,-103.04215279476648,-103.04215279476648,9.478683255804206,6.399166119362767,39.90946790421798,23.442383595174995,0.2,0.0,0.0,25.39,50.125,194.86144296829238,212.2551197596565,0.0,0.0,0.0,0.0,0.0,1.249000902703301e-16,0.26014284641297625,-0.05033574002966734,nan,nan,0.0012745136634349113,-5.445197638941001e-05,6176.939877100992,True,True,True,Z_mode_existing_controller,False,0.05060201485354432,0.0,0.0,False,False,False,0.2,-0.18463119864463806,-0.01885559968650341,25.39,50.125,190.51624964452446,211.13399448823176,-0.9231559634208679,-0.0942780002951622,-0.043451933237679236,-0.011211252714247347,-0.04345193323767916,-0.011211252714247326,0.26014284641297625,-0.05033574002966734,-0.23534447892152666,-0.10093775488321166,0.00127642995634802,-5.40480558959739e-05,6073.897724306225,True,True,True,Z_mode_existing_controller,False,0.05060201485354432,0.0,4.4874967292628165,False,False,False
1,-122.77532481033086,-225.81747760509734,8.773620860010967,3.5175575042641176,40.09942592199299,24.30768281943912,0.2,0.0,0.0,25.409117522973446,50.12402556084191,191.10534189230376,211.39027753317475,0.0,0.0,0.0,0.0,1.3877787807814457e-16,-2.0816681711721685e-17,0.26014284641297625,-0.05033574002966734,nan,nan,0.0005585721661845991,-3.6750160270773594e-05,6016.412730570479,True,True,True,Z_mode_existing_controller,False,0.05060201485354432,0.0,0.0,False,False,False,0.2,-0.16345475614070892,-0.005705348681658506,25.405627525881734,50.123372196360236,185.8349535928986,210.88989680312096,-0.817273736000061,-0.02852674201130867,-0.05333470116010837,-0.004996146124612619,-0.053334701160108355,-0.00499614612461264,0.26014284641297625,-0.05033574002966734,-0.32560894130464346,-0.0707812643370602,0.0005638758672210839,-3.585651968642458e-05,5893.637405760148,True,True,True,Z_mode_existing_controller,False,0.05060201485354432,0.0,5.356819787837313,False,False,False
2,-133.74196507462057,-359.5594426797179,8.379982827019296,4.625724248054968,35.88165422122357,27.320907841918967,0.2,0.0,0.0,25.41439224547318,50.12282467736804,190.08076197155108,211.09583218630132,0.0,0.0,0.0,0.0,-2.7755575615628914e-17,-9.020562075079397e-17,0.26014284641297625,-0.05033574002966734,nan,nan,0.001427574814726852,3.527095856471509e-05,5952.592830987928,True,True,True,Z_mode_existing_controller,False,0.05060201485354432,0.0,0.0,False,False,False,0.2,-0.18146957457065582,0.0035627323668450117,25.406727830700948,50.1213642360615,184.27569970594993,211.11788356008006,-0.9073478579521179,0.017813662067055702,-0.05936361693959537,0.00025033170345156036,-0.05936361693959538,0.00025033170345166444,0.26014284641297625,-0.05033574002966734,-0.32560894130464346,-0.03883586817524604,0.0014350024163539835,3.651322191469282e-05,5818.850865913308,True,True,True,Z_mode_existing_controller,False,0.05060201485354432,0.0,5.936414475180077,False,False,False
3,-44.89243410506242,-404.4518767847803,11.973629905237743,3.573174704312197,39.78654596474505,22.943368644605748,0.2,0.0,0.0,25.431858153719833,50.12290839219267,186.63764856014248,210.35869023547932,0.0,0.0,0.0,0.0,6.938893903907228e-17,4.163336342344337e-17,0.055419921875,0.0,nan,nan,-0.0030178937956215606,-3.700758089360284e-05,6230.727274022404,False,True,True,Omega_safe_one_step_QP,False,0.33251953125,0.0,0.0,False,False,False,0.2,-0.06644172221422195,-0.028235340490937233,25.419635000806913,50.12054984048284,184.79653601605668,209.4946694470987,-0.3322086036205292,-0.14117670059204102,-0.020446573413089225,-0.008582577108593413,-0.020446573413089086,-0.008582577108593371,0.055419921875,0.0,-0.387939453125,-0.188411776452937,-0.003019522029061099,-3.7368751697732026e-05,6185.834839917342,False,True,True,Omega_safe_one_step_QP,False,0.33251953125,0.0,2.217482793984649,False,False,False
4,-139.77145529378504,-544.2233320785654,11.26640351757245,5.452995317918534,33.41588545115754,29.450639301392723,0.2,0.0,0.0,25.37979408048958,50.12101195100031,196.92473064114006,212.44026237096992,0.0,0.0,0.0,0.0,1.0061396160665481e-16,8.326672684688674e-17,0.26014284641297625,-0.05033574002966734,nan,nan,-0.001217144322380962,0.00012389008688210167,6413.904354201962,True,True,True,Z_mode_existing_controller,False,0.05060201485354432,0.0,0.0,False,False,False,0.2,-0.19304855167865753,-0.0015102922916412354,25.36610464327867,50.11838344540928,191.13309966480497,212.2054526210378,-0.9652427434921265,-0.007551461458206177,-0.0633176236066526,-0.002838385469120415,-0.06331762360665262,-0.002838385469120415,0.26014284641297625,-0.05033574002966734,-0.32560894130464346,-0.05491829919477087,-0.0012221422910464804,0.00012290752091899905,6274.132898908177,True,True,True,Z_mode_existing_controller,False,0.05060201485354432,0.0,6.338121086935033,False,False,False
5,-118.1854679992557,-662.4088000778211,11.791018534365037,3.783598547326224,40.19665697572601,26.199343281912594,0.2,0.0,0.0,25.363254963426645,50.12393559190613,200.15172100711501,213.2910506030918,0.0,0.0,0.0,0.0,8.326672684688674e-17,-5.898059818321144e-17,0.26014284641297625,-0.05033574002966734,nan,nan,-0.002635257000256139,6.342636554533936e-05,6547.885311868215,True,True,True,Z_mode_existing_controller,False,0.05060201485354432,0.0,0.0,False,False,False,0.2,-0.16622434556484222,-0.00652921712026,25.344855484905597,50.12037712495797,195.28469996669835,212.78354798063634,-0.8311217427253723,-0.03264608606696129,-0.0546784422213737,-0.005506757895304484,-0.05467844222137376,-0.005506757895304595,0.26014284641297625,-0.05033574002966734,-0.32560894130464346,-0.07334380535002014,-0.0026406451609998307,6.228778756029292e-05,6429.699843868959,True,True,True,Z_mode_existing_controller,False,0.05060201485354432,0.0,5.495504004432733,False,False,False
6,-218.4170834935794,-880.8258835714005,9.607566104704444,4.369877755470039,36.09153406502538,20.432262748151544,0.2,0.0,0.0,25.328104405041515,50.12614369421594,207.05607174265361,214.88613101991476,0.0,0.0,0.0,0.0,9.71445146547012e-17,-1.1102230246251565e-16,0.055419921875,0.0,nan,nan,-3.126514771459657e-05,-0.00015795671370372012,6484.282957326618,False,True,True,Omega_safe_one_step_QP,False,0.33251953125,0.0,0.0,False,False,False,0.2,-0.19199909269809723,-0.050956517457962036,25.305756742928793,50.12180996631392,197.79384147522848,212.9248597336471,-0.959995448589325,-0.2547825872898102,-0.09915112820470123,-0.019995814306386837,-0.09915112820470123,-0.0199958143063869,0.055419921875,0.0,-0.387939453125,-0.11766748173056617,-2.7525938987466372e-05,-0.00015719375082686653,6265.865873833039,False,True,True,Omega_safe_one_step_QP,False,0.33251953125,0.0,10.114731244101641,False,False,False
7,-176.7450598242458,-1057.5709433956463,9.671567323986146,3.1572012371936684,39.657263086299274,24.36165723728903,0.2,0.0,0.0,25.337717520397764,50.124990619234275,205.1752941009,214.41158862254053,0.0,0.0,0.0,0.0,1.3877787807814457e-17,-7.28583859910259e-17,0.055419921875,0.0,nan,nan,-0.000661343851622663,-2.5381435770923598e-05,6445.64892702161,False,True,True,Omega_safe_one_step_QP,False,0.33251953125,0.0,0.0,False,False,False,0.2,-0.18895424902439117,-0.06633860617876053,25.308015225901656,50.11926181088884,197.6761672491776,212.05373782564976,-0.9447712302207947,-0.33169302344322205,-0.09693824184967056,-0.026425715613125032,-0.09693824184967052,-0.02642571561312502,0.055419921875,0.0,-0.387939453125,-0.1556558962058047,-0.0006590898176634247,-2.4941696965227506e-05,6268.903867197364,False,True,True,Omega_safe_one_step_QP,False,0.33251953125,0.0,10.047557503478622,False,False,False
8,-148.0758964086035,-1205.6468398042498,7.79589283480089,5.420215948004706,40.1938184294188,23.562117044955574,0.2,0.0,0.0,25.33632733300912,50.126200175766094,205.4358124435675,214.53024346118153,0.0,0.0,0.0,0.0,-1.5265566588595902e-16,1.1796119636642288e-16,0.055419921875,0.0,nan,nan,0.002446804257806988,-7.665942976936448e-05,6249.627542040585,False,True,True,Omega_safe_one_step_QP,False,0.33251953125,0.0,0.0,False,False,False,0.2,-0.1886320412158966,-0.06006772071123123,25.300705314568088,50.119366330101876,198.92155355534157,212.59115871759622,-0.9431601762771606,-0.30033859610557556,-0.09962986523187414,-0.024254794452187662,-0.09962986523187428,-0.024254794452187704,0.055419921875,0.0,-0.387939453125,-0.1411827330104813,0.002455144416207449,-7.466303484108102e-05,6101.551645631981,False,True,True,Omega_safe_one_step_QP,False,0.33251953125,0.0,10.253977325915686,False,False,False
9,-25.928712628293397,-1231.5755524325432,12.076704061154881,4.563097549466943,38.77592311017503,24.05276725779986,0.2,0.0,0.0,25.38177123324705,50.12642172083214,196.47512666945752,212.62258589554338,0.0,0.0,0.0,0.0,-4.163336342344337e-17,1.3877787807814457e-17,0.26014284641297625,-0.05033574002966734,nan,nan,-0.002478844176171314,-4.518576767303066e-06,6486.1296393040075,True,True,True,Z_mode_existing_controller,False,0.05060201485354432,0.0,0.0,False,False,False,0.2,-0.12759651243686676,0.020795144140720367,25.341141994259566,50.11866228674421,195.26189853626113,214.58593858913443,-0.6379825472831726,0.10397572070360184,-0.05732518187621711,0.01304100171495558,-0.0573251818762171,0.013041001714955529,0.055419921875,0.0,-0.387939453125,0.07225685038865386,-0.0024763265773136453,-4.915999678712995e-06,6460.200926675714,False,True,True,Omega_safe_one_step_QP,False,0.33251953125,0.0,5.878983077770201,False,False,False
10,-106.05611426618361,-1337.6316666987268,9.133607078795468,6.988774771180294,38.54582250816583,20.785530415201606,0.2,0.0,0.0,25.345918651423773,50.12669452157706,203.5403637109674,214.14077458240249,0.0,0.0,0.0,0.0,4.163336342344337e-17,-8.326672684688674e-17,0.055419921875,0.0,nan,nan,0.0018640253105941572,-0.00014518794321983003,6347.923787734124,False,True,True,Omega_safe_one_step_QP,False,0.33251953125,0.0,0.0,False,False,False,0.2,-0.17995063960552216,-0.013918757438659668,25.304507729250826,50.118698939669194,198.89060295317563,214.4753719713232,-0.899753212928772,-0.06959378719329834,-0.09397050422003636,-0.003572460511428264,-0.09397050422003632,-0.0035724605114283194,0.055419921875,0.0,-0.387939453125,-0.034292801694445214,0.0018655075662035105,-0.0001447157368843474,6241.86767346794,False,True,True,Omega_safe_one_step_QP,False,0.33251953125,0.0,9.403838651036928,False,False,False
11,112.70416275987736,-1224.9275039388494,12.602461977567653,6.1227465913448675,40.34199314269626,24.16474119378805,0.2,0.0,0.0,25.381051717098806,50.12525033036933,196.6317958049448,212.57565306266375,0.0,0.0,0.0,0.0,8.326672684688674e-17,8.326672684688674e-17,0.26014284641297625,-0.05033574002966734,nan,nan,-0.0018967104979674596,1.3444529521794646e-05,6543.501964029612,True,True,True,Z_mode_existing_controller,False,0.05060201485354432,0.0,0.0,False,False,False,0.2,-0.03298453241586685,0.032939229160547256,25.33606405085708,50.116534508799354,201.00605557296637,214.58289188171452,-0.16492265462875366,0.16469614207744598,-0.011563266664319588,0.011919851331825167,-0.011563266664319602,0.01191985133182523,0.055419921875,0.0,-0.27755694300444067,0.33251953125,-0.0018811215375495777,1.4913044607198331e-05,6656.20612678949,False,True,True,Omega_safe_one_step_QP,False,0.33251953125,0.0,1.6606986232395777,False,False,False
12,-41.04736418987795,-1265.9748681287274,9.333535921073922,5.124140089851232,35.347822685622646,23.449142440457376,0.2,0.0,0.0,25.354064172400577,50.12591007236758,201.9447166618316,213.7418307884908,0.0,0.0,0.0,0.0,1.249000902703301e-16,3.8163916471489756e-17,0.055419921875,0.0,nan,nan,0.0006390342135396457,-7.303847238830552e-05,6332.336548131235,False,True,True,Omega_safe_one_step_QP,False,0.33251953125,0.0,0.0,False,False,False,0.2,-0.13131265342235565,-0.03332233056426048,25.31303345354102,50.11788820956185,200.09944106416566,213.2044906065085,-0.6565632224082947,-0.1666116565465927,-0.0665596356050951,-0.012363054527115051,-0.06655963560509498,-0.012363054527115114,0.055419921875,0.0,-0.387939453125,-0.11250833234627736,0.0006384124920825809,-7.285129393157474e-05,6291.289183941357,False,True,True,Omega_safe_one_step_QP,False,0.33251953125,0.0,6.769808128095982,False,False,False
13,17.38574490812789,-1248.5891232205995,9.129216151814674,5.15058523154045,35.0776392539009,20.47871442513303,0.2,0.0,0.0,25.369504975201256,50.125663509426396,198.904014502756,213.07169597523855,0.0,0.0,0.0,0.0,6.938893903907228e-18,3.469446951953614e-17,0.26014284641297625,-0.05033574002966734,nan,nan,0.0008610470575447132,-0.0001656509216278314,6238.534189041267,True,True,True,Z_mode_existing_controller,False,0.05060201485354432,0.0,0.0,False,False,False,0.2,-0.09546934813261032,0.032447751611471176,25.327135744118422,50.11738797625151,199.4678148432507,215.49765538965465,-0.4773467183113098,0.16223876178264618,-0.04580718168125297,0.016726596568375857,-0.04580718168125309,0.01672659656837587,0.055419921875,0.0,-0.387939453125,0.1506872640906107,0.0008583317740616459,-0.00016607417312487847,6255.919933949395,False,True,True,Omega_safe_one_step_QP,False,0.33251953125,0.0,4.876553010416826,False,False,False
14,222.11447537312415,-1026.4746478474754,10.93440776738986,4.8315083729433335,39.411031238479445,25.64298634139226,0.2,0.0,0.0,25.385761831175852,50.1230934299085,195.72971317366685,212.23943593406827,0.0,0.0,0.0,0.0,3.469446951953614e-17,4.163336342344337e-17,0.26014284641297625,-0.05033574002966734,nan,nan,-0.0010867091733740776,3.0161510879558172e-05,6349.014196803417,True,True,True,Z_mode_existing_controller,False,0.05060201485354432,0.0,0.0,False,False,False,0.2,0.014020931906998158,-0.1530774086713791,25.343979023487343,50.11485270736495,204.82314296475943,212.05212187633273,0.07010465860366821,-0.7653869986534119,0.03999280076714647,-0.009295230308070092,0.03999280076714653,-0.00929523030807005,0.26014284641297625,-0.05033574002966734,0.2647776740519883,-0.10093775488321166,-0.0010781447163613215,3.1314884412314385e-05,6571.128672176541,True,True,True,Z_mode_existing_controller,False,0.05060201485354432,0.0,4.105880441124344,False,False,False
15,76.7800318291911,-949.6946160182843,9.678514627139794,5.9674423157810645,39.09481204909435,25.526705768412945,0.2,0.0,0.0,25.370184602043846,50.12395351206693,198.7906873430452,212.9361645110054,0.0,0.0,0.0,0.0,-1.3877787807814457e-16,2.7755575615628914e-17,0.26014284641297625,-0.05033574002966734,nan,nan,0.0008289133077200059,7.870145492758904e-06,6292.086988583408,True,True,True,Z_mode_existing_controller,False,0.05060201485354432,0.0,0.0,False,False,False,0.2,-0.03009972535073757,0.04381636157631874,25.33606239094644,50.11721449535667,201.88933970269244,215.12612444412903,-0.150498628616333,0.2190818041563034,-0.011148293533764037,0.01576466630483018,-0.011148293533764092,0.015764666304830102,0.055419921875,0.0,-0.17300494509958667,0.33251953125,0.0008268847317363195,7.708759443062299e-06,6368.867020412599,False,True,True,Omega_safe_one_step_QP,False,0.33251953125,0.0,1.930826642704131,False,False,False
16,104.32861023134137,-845.3660057869429,9.850318159272812,5.431197387439506,41.83562188699776,27.778242982588196,0.2,0.0,0.0,25.385870785170965,50.12484098774725,195.68808513523962,212.31802598779575,0.0,0.0,0.0,0.0,-1.3357370765021415e-16,4.163336342344337e-17,0.26014284641297625,-0.05033574002966734,nan,nan,0.00043682924145778694,8.834425126303499e-05,6234.850953898731,True,True,True,Z_mode_existing_controller,False,0.05060201485354432,0.0,0.0,False,False,False,0.2,0.01801593415439129,0.01776905357837677,25.35436503491458,50.11854894896184,199.98684954748737,212.92677550717178,0.090079665184021,0.08884526789188385,0.005548650733432511,0.0007168214067173467,0.0055486507334324,0.0007168214067173259,0.26014284641297625,-0.05033574002966734,0.31074486126652057,-0.00042714770239781624,0.00043561671671172816,8.827644616397242e-05,6339.179564130072,True,True,True,Z_mode_existing_controller,False,0.05060201485354432,0.0,0.5594761647358111,False,False,False
17,105.69046607407654,-739.6755397128663,10.647860129502064,4.82589184130166,40.3310280428732,24.385768423101737,0.2,0.0,0.0,25.393107011611527,50.12685417710309,194.2379835021809,212.11756602875445,0.0,0.0,0.0,0.0,-5.898059818321144e-17,8.326672684688674e-17,0.26014284641297625,-0.05033574002966734,nan,nan,-0.0007661002937253984,-8.037201341618512e-06,6282.620799129876,True,True,True,Z_mode_existing_controller,False,0.05060201485354432,0.0,0.0,False,False,False,0.2,-0.07647653669118881,-0.036746542900800705,25.365191404456002,50.12124623095241,198.56142413682596,212.09984472691102,-0.38238266110420227,-0.18373270332813263,0.011640793649475407,-0.004643840184375185,0.011640793649475518,-0.00464384018437515,0.26014284641297625,-0.05033574002966734,0.15483044039856342,-0.10093775488321166,-0.0007628931828279944,-7.655060096023203e-06,6388.311265203953,True,True,True,Z_mode_existing_controller,False,0.05060201485354432,0.0,1.2532889868170416,False,False,False
18,82.99207031579226,-656.6834693970741,11.556690746876077,3.6831272392791305,38.589908486872226,22.75403879821384,0.2,0.0,0.0,25.38109398981409,50.12670965680316,196.60796214915763,212.60896012048406,0.0,0.0,0.0,0.0,-1.3530843112619095e-16,1.3877787807814457e-17,0.26014284641297625,-0.05033574002966734,nan,nan,-0.0024958391399529894,-5.1435650792996815e-05,6435.887012308024,True,True,True,Z_mode_existing_controller,False,0.05060201485354432,0.0,0.0,False,False,False,0.2,-0.155954048037529,-0.037125445902347565,25.35684038297061,50.1218147069696,199.95944903530088,212.03091324754718,-0.7797702550888062,-0.18562722206115723,0.007048690102650926,-0.009469906804449944,0.0070486901026509605,-0.009469906804449965,0.26014284641297625,-0.05033574002966734,0.04757734414202858,-0.10093775488321166,-0.002489603300003444,-5.0663965879546834e-05,6518.879082623816,True,True,True,Z_mode_existing_controller,False,0.05060201485354432,0.0,1.1805217789104023,False,False,False
19,-147.4664188215138,-804.1498882185879,8.050799984603128,5.397055175183336,38.01042984080198,23.944722461301094,0.2,0.0,0.0,25.345095443771253,50.12606566915111,203.71220980160615,214.08280889100038,0.0,0.0,0.0,0.0,9.71445146547012e-17,-3.122502256758253e-17,0.055419921875,0.0,nan,nan,0.0021398210667209726,-6.736764231470394e-05,6237.028327007944,False,True,True,Omega_safe_one_step_QP,False,0.33251953125,0.0,0.0,False,False,False,0.2,-0.17355959117412567,-0.04209930822253227,25.323747437329132,50.121750435606195,197.2723266359237,212.84713189151543,-0.8677979707717896,-0.21049654483795166,-0.08653368344308693,-0.015382669039084973,-0.0865336834430869,-0.015382669039084834,0.055419921875,0.0,-0.387939453125,-0.10754302228534446,0.0021487868295107407,-6.565069467826378e-05,6089.561908186431,False,True,True,Omega_safe_one_step_QP,False,0.33251953125,0.0,8.789030024407921,False,False,False
20,80.76382128839941,-723.3860669301885,9.06482436967708,5.137957134339097,35.371938760077995,21.990547493393258,0.2,0.0,0.0,25.384509399394755,50.126207830223905,195.94051276341895,212.42458650336073,0.0,0.0,0.0,0.0,-3.469446951953614e-17,-1.3183898417423734e-16,0.26014284641297625,-0.05033574002966734,nan,nan,0.0009314952535585553,-0.00011950565424541287,6161.175644578334,True,True,True,Z_mode_existing_controller,False,0.05060201485354432,0.0,0.0,False,False,False,0.2,-0.11527233570814133,0.02344517782330513,25.358167236316174,50.1209459346904,199.2960041425432,213.35927830597677,-0.5763616561889648,0.11722588539123535,0.001057250813805928,0.004666410000694586,0.0010572508138060252,0.0046664100006946,0.26014284641297625,-0.05033574002966734,0.011349150427102966,0.00026627482387697743,0.0009272641003755968,-0.00012004417743642328,6241.939465866733,True,True,True,Z_mode_existing_controller,False,0.05060201485354432,0.0,0.478467988248714,False,False,False
21,104.09667556135628,-619.2893913688322,10.26582774207018,6.715238056896551,36.86200878849806,28.402439756909793,0.2,0.0,0.0,25.39937033271367,50.12410046696539,193.03555299528097,211.67648906959468,0.0,0.0,0.0,0.0,1.3183898417423734e-16,-4.163336342344337e-17,0.26014284641297625,-0.05033574002966734,nan,nan,0.0006174178163413635,9.371838513598331e-05,6214.028687457318,True,True,True,Z_mode_existing_controller,False,0.05060201485354432,0.0,0.0,False,False,False,0.2,0.04977953061461449,-0.028399068862199783,25.375788350204605,50.119350682446886,197.32655032292553,211.87289072276684,0.24889764189720154,-0.14199534058570862,0.015363305291323437,-0.0019408389941564588,0.015363305291323301,-0.0019408389941563686,0.26014284641297625,-0.05033574002966734,0.31074486126652057,-0.07920403361638843,0.0006188423668529951,9.388086233630958e-05,6318.125363018674,True,True,True,Z_mode_existing_controller,False,0.05060201485354432,0.0,1.5485412667269791,False,False,False
22,92.87365401500847,-526.4157373538237,11.099446951956908,4.981993105068235,35.63474735268291,27.011130538813592,0.2,0.0,0.0,25.407123760753613,50.125812134273026,191.48676283467617,211.43763556995196,0.0,0.0,0.0,0.0,4.85722573273506e-17,-4.85722573273506e-17,0.26014284641297625,-0.05033574002966734,nan,nan,-0.0012795576346363601,5.709238850496104e-05,6262.39100777527,True,True,True,Z_mode_existing_controller,False,0.05060201485354432,0.0,0.0,False,False,False,0.2,0.03779890760779381,-0.04993428662419319,25.3871333029749,50.12175736786737,195.26891908778939,211.45739189447505,0.18899454176425934,-0.24967142939567566,0.014811231365251119,-0.0030321305963408388,0.01481123136525123,-0.003032130596340714,0.26014284641297625,-0.05033574002966734,0.2984472062732136,-0.10093775488321166,-0.0012745743530185399,5.76556858324909e-05,6355.264661790278,True,True,True,Z_mode_existing_controller,False,0.05060201485354432,0.0,1.5118412301173294,False,False,False
23,-74.49852605444994,-600.9142634082737,9.323477271401504,5.631256986184555,38.87004055837622,21.682435236789246,0.2,0.0,0.0,25.38513652897028,50.12654664769239,195.81242008708514,212.3972959370755,0.0,0.0,0.0,0.0,-8.847089727481716e-17,6.245004513516506e-17,0.26014284641297625,-0.05033574002966734,nan,nan,0.0010010134036580677,-0.00011325850991762077,6184.051556605768,True,True,True,Z_mode_existing_controller,False,0.05060201485354432,0.0,0.0,False,False,False,0.2,-0.18166771531105042,-0.017038198187947273,25.368364483999606,50.12311685448505,192.61689013244697,211.55897981053477,-0.9083385467529297,-0.08519098907709122,-0.05104082276802776,-0.011031302842225664,-0.051040822768027835,-0.011031302842225754,0.26014284641297625,-0.05033574002966734,-0.2793949807195979,-0.10093775488321166,0.0010023656676531544,-0.0001128640642134394,6109.553030551318,True,True,True,Z_mode_existing_controller,False,0.05060201485354432,0.0,5.2219299413474785,False,False,False
24,-26.809775041691864,-627.7240384499655,8.460965902086995,3.5391927128352347,38.435967371553204,24.94728482352824,0.2,0.0,0.0,25.400933295616824,50.12454403085543,192.72158406479096,211.61553323791497,0.0,0.0,0.0,0.0,2.42861286636753e-17,3.469446951953614e-17,0.26014284641297625,-0.05033574002966734,nan,nan,0.0008814679978327666,-2.74221741043834e-05,6022.779820187494,True,True,True,Z_mode_existing_controller,False,0.05060201485354432,0.0,0.0,False,False,False,0.2,-0.08862638473510742,-8.843727118801326e-05,25.381661765680647,50.12064510945775,191.50727966319178,211.7390250786015,-0.4431319236755371,-0.00044218634138815105,-0.02906496075929365,-0.0009487369818966321,-0.029064960759293657,-0.0009487369818965904,0.26014284641297625,-0.05033574002966734,-0.32560894130464346,-0.05092024192325216,0.0008815914381265126,-2.7196225213372665e-05,5995.970045145802,True,True,True,Z_mode_existing_controller,False,0.05060201485354432,0.0,2.90804409492033,False,False,False
25,61.55801391701243,-566.1660245329531,10.206357409788657,5.143088684915317,40.82481987584687,25.98962657955888,0.2,0.0,0.0,25.412386497326782,50.12378356542505,190.47236324945925,211.08495075418261,0.0,0.0,0.0,0.0,4.85722573273506e-17,-1.1796119636642288e-16,0.26014284641297625,-0.05033574002966734,nan,nan,-0.00011279723621401166,3.581142140255263e-05,6145.788701544299,True,True,True,Z_mode_existing_controller,False,0.05060201485354432,0.0,0.0,False,False,False,0.2,-0.050350554287433624,-0.049550410360097885,25.392211465532135,50.119702200764024,193.0012484769219,210.9594453086867,-0.2517527639865875,-0.24775205552577972,0.010370627906955646,-0.003057407375149708,0.010370627906955615,-0.0030574073751497427,0.26014284641297625,-0.05033574002966734,0.2087237062399488,-0.10093775488321166,-0.00011194171781890038,3.588656135691991e-05,6207.346715461312,True,True,True,Z_mode_existing_controller,False,0.05060201485354432,0.0,1.0811922263970741,False,False,False
26,-84.94281130680156,-651.1088358397546,10.310943117358992,4.622780352402923,40.199225964426525,24.609899962365464,0.2,0.0,0.0,25.40706772510433,50.12394069449955,191.5186840735462,211.31100896480785,0.0,0.0,0.0,0.0,-1.1102230246251565e-16,-4.163336342344337e-17,0.26014284641297625,-0.05033574002966734,nan,nan,-0.0005342120389195881,-6.579712149276784e-06,6182.1881343220575,True,True,True,Z_mode_existing_controller,False,0.05060201485354432,0.0,0.0,False,False,False,0.2,-0.14806516468524933,-0.008851495571434498,25.38903501041434,50.12027877556532,187.92598856211384,210.79051232922785,-0.7403258085250854,-0.044257476925849915,-0.04858695235707543,-0.006683258428742511,-0.048586952357075525,-0.006683258428742497,0.26014284641297625,-0.05033574002966734,-0.32560894130464346,-0.08535261497094024,-0.0005346876784852244,-6.689865197762707e-06,6097.245323015256,True,True,True,Z_mode_existing_controller,False,0.05060201485354432,0.0,4.90444480300685,False,False,False
27,-113.80646181413067,-764.9152976538853,10.850295038622388,3.952125111046316,43.338587526761074,23.286901569913102,0.2,0.0,0.0,25.39629264808884,50.1234122303779,193.64866641040075,211.72910539724066,0.0,0.0,0.0,0.0,1.3530843112619095e-16,-1.3877787807814457e-17,0.26014284641297625,-0.05033574002966734,nan,nan,-0.0014205341107998678,-2.5859488291050657e-05,6288.925324341907,True,True,True,Z_mode_existing_controller,False,0.05060201485354432,0.0,0.0,False,False,False,0.2,-0.18096081912517548,0.0008275159634649754,25.375416451748023,50.119199310636915,188.8692463827701,211.7158550104172,-0.9048040509223938,0.004137579817324877,-0.059511879596401425,-0.0013466773847028782,-0.05951187959640141,-0.0013466773847029129,0.26014284641297625,-0.05033574002966734,-0.32560894130464346,-0.04765715492319087,-0.0014228613952820862,-2.6388817601101424e-05,6175.118862527776,True,True,True,Z_mode_existing_controller,False,0.05060201485354432,0.0,5.952711443598674,False,False,False
28,-119.0444124124333,-883.9597100663186,9.844175669200691,5.525829685492143,41.424162777083204,25.429559319731403,0.2,0.0,0.0,25.37398595239598,50.122830390396416,198.05254550669704,212.62980678422468,0.0,0.0,0.0,0.0,6.245004513516506e-17,2.7755575615628914e-17,0.26014284641297625,-0.05033574002966734,nan,nan,0.00048395727245733217,1.601827927761889e-05,6291.362673941779,True,True,True,Z_mode_existing_controller,False,0.05060201485354432,0.0,0.0,False,False,False,0.2,-0.1882098764181137,-0.005765042267739773,25.349288953513536,50.11785575978745,192.97291613463264,212.20172273022973,-0.9410493969917297,-0.02882521040737629,-0.062061363930650176,-0.00528164353235009,-0.062061363930650204,-0.005281643532350146,0.26014284641297625,-0.05033574002966734,-0.32560894130464346,-0.0682778580463349,0.0004846194262622624,1.6134331515587936e-05,6172.318261529345,True,True,True,Z_mode_existing_controller,False,0.05060201485354432,0.0,6.228570182100714,False,False,False
29,-121.85462244200698,-1005.8143325083256,10.953151135499127,6.205168835458612,43.90692065208394,25.09804001450994,0.2,0.0,0.0,25.383890663921846,50.12377149284581,196.0883804193867,212.2579587697878,0.0,0.0,0.0,0.0,-5.377642775528102e-17,2.7755575615628914e-17,0.26014284641297625,-0.05033574002966734,nan,nan,-0.00014579925890585715,3.259428332544513e-05,6358.0418200333825,True,True,True,Z_mode_existing_controller,False,0.05060201485354432,0.0,0.0,False,False,False,0.2,-0.18767979741096497,-0.010191931389272213,25.355190001939583,50.118014011803496,190.97935176286734,211.55208739133928,-0.9383989572525024,-0.05095965415239334,-0.06205592137098885,-0.007869337136367019,-0.06205592137098883,-0.007869337136367054,0.26014284641297625,-0.05033574002966734,-0.32560894130464346,-0.08214492841284243,-0.00014836891630358928,3.1993743795921085e-05,6236.1871975913755,True,True,True,Z_mode_existing_controller,False,0.05060201485354432,0.0,6.25528883759027,False,False,False
30,-117.68366610938028,-1123.497998617706,8.420614311056617,4.488387617374018,42.331775929736246,27.434818776996384,0.2,0.0,0.0,25.382721748164887,50.12473695672798,196.30691200595135,212.3537063377108,0.0,0.0,0.0,0.0,-1.0928757898653885e-16,6.245004513516506e-17,0.26014284641297625,-0.05033574002966734,nan,nan,0.0014479276343324922,5.842130340136537e-05,6101.777586475542,True,True,True,Z_mode_existing_controller,False,0.05060201485354432,0.0,0.0,False,False,False,0.2,-0.18873105943202972,-0.006637843791395426,25.34996123860161,50.118187639073774,191.14428000556126,211.84034254830652,-0.9436553120613098,-0.03318921849131584,-0.06257041848232724,-0.00579816316706961,-0.0625704184823272,-0.005798163167069721,0.26014284641297625,-0.05033574002966734,-0.32560894130464346,-0.07093716556662544,0.0014523744074239687,5.946700524851284e-05,5984.093920366162,True,True,True,Z_mode_existing_controller,False,0.05060201485354432,0.0,6.283849111146378,False,False,False
31,-109.75678908846385,-1233.2547877061697,8.718825910352955,4.434907119173752,36.482985591853705,26.427855877198546,0.2,0.0,0.0,25.40563662135966,50.126250612462066,191.7711291452737,211.4655275354761,0.0,0.0,0.0,0.0,6.245004513516506e-17,-3.469446951953614e-17,0.26014284641297625,-0.05033574002966734,nan,nan,0.0009821148209980747,1.412460870130256e-05,6026.58019153782,True,True,True,Z_mode_existing_controller,False,0.05060201485354432,0.0,0.0,False,False,False,0.2,-0.1773146390914917,-0.0052983080968260765,25.368894444221578,50.11893049233718,186.96221966782636,211.02732776583954,-0.8865731954574585,-0.026491539552807808,-0.058940664495741896,-0.004897988969463814,-0.05894066449574188,-0.004897988969463821,0.26014284641297625,-0.05033574002966734,-0.32560894130464346,-0.06783848800070913,0.000985458349830093,1.492522673567163e-05,5916.823402449356,True,True,True,Z_mode_existing_controller,False,0.05060201485354432,0.0,5.91438266190529,False,False,False
32,-55.930078722911276,-1289.184866429081,9.704915742667804,5.869753175182753,45.63470396972116,27.312055143206976,0.2,0.0,0.0,25.417808426070906,50.126170462449814,189.3719182135328,210.9420530988672,0.0,0.0,0.0,0.0,-1.3183898417423734e-16,0.0,0.055419921875,0.0,nan,nan,0.0009158475280782975,8.633093784321416e-05,6067.062336486339,False,True,True,Omega_safe_one_step_QP,False,0.33251953125,0.0,0.0,False,False,False,0.2,-0.10415259748697281,0.002534144092351198,25.377370476171677,50.11813104430672,186.87762098721242,211.64559543576698,-0.5207629799842834,0.012670719996094704,-0.0358203234709353,0.006638299999231358,-0.03582032347093524,0.006638299999231413,0.055419921875,0.0,-0.387939453125,0.010787407784863928,0.0009161384011169911,8.642656901775491e-05,6011.132257763427,False,True,True,Omega_safe_one_step_QP,False,0.33251953125,0.0,3.6430242936909356,False,False,False
33,0.5623848880668447,-1288.6224815410142,9.129847347049118,5.173915857400679,44.15393719201393,23.463553341792554,0.2,0.0,0.0,25.42700216164129,50.127162340779,187.54714108423266,210.602911151383,0.0,0.0,0.0,0.0,-1.249000902703301e-16,1.3877787807814457e-17,0.055419921875,0.0,nan,nan,0.001095144084876465,-4.291444819776189e-05,5966.380325724494,False,True,True,Omega_safe_one_step_QP,False,0.33251953125,0.0,0.0,False,False,False,0.2,-0.051506634801626205,0.004014824982732534,25.384711911651593,50.11872830184997,187.43961014162886,211.18760681207874,-0.25753316283226013,0.02007412351667881,-0.01703619656238252,0.004640208515618249,-0.017036196562382408,0.004640208515618145,0.055419921875,0.0,-0.387939453125,0.03455885444533997,0.0010936878527619026,-4.2980759456769416e-05,5966.94271061256,False,True,True,Omega_safe_one_step_QP,False,0.33251953125,0.0,1.7656826679234956,False,False,False
34,-4.550433881169738,-1293.172915422184,9.516399336960182,4.9213315927021775,40.857187731785366,25.21152688654807,0.2,0.0,0.0,25.437373201830738,50.12528366371144,185.5240058128702,210.05635864195673,0.0,0.0,0.0,0.0,-8.326672684688674e-17,0.0,0.055419921875,0.0,nan,nan,0.00048542619337201,3.510373289813921e-06,5957.380088291667,False,True,True,Omega_safe_one_step_QP,False,0.33251953125,0.0,0.0,False,False,False,0.2,-0.065835140645504,0.008283286355435848,25.395144774768706,50.116837035489986,185.19136023459717,210.96535868421233,-0.3291757106781006,0.041416432708501816,-0.02052500230356387,0.007674417427728869,-0.020525002303563925,0.0076744174277288,0.055419921875,0.0,-0.387939453125,0.05578286345990917,0.0004852442796268575,3.46733741261472e-06,5952.829654410497,False,True,True,Omega_safe_one_step_QP,False,0.33251953125,0.0,2.1912836475827056,False,False,False
35,-41.707751993340935,-1334.8806674155248,10.54034533302762,5.983136772726306,35.73281149773026,18.808651324631214,0.2,0.0,0.0,25.43693079006572,50.12402435626827,185.6252805177243,209.9991635281689,0.0,0.0,0.0,0.0,1.3877787807814457e-17,8.326672684688674e-17,0.055419921875,0.0,nan,nan,-0.00010731426725421947,-0.00019582085374809794,6062.693917857732,False,True,True,Omega_safe_one_step_QP,False,0.33251953125,0.0,0.0,False,False,False,0.2,-0.11967883259057999,0.00838037021458149,25.39460084945172,50.11552042985839,183.73725660674089,211.2684667919772,-0.5983941555023193,0.0419018492102623,-0.037616776375572036,0.011029219167303525,-0.03761677637557197,0.011029219167303532,0.055419921875,0.0,-0.387939453125,0.031045721454488154,-0.00010588815087752673,-0.00019623550772686024,6020.986165864391,False,True,True,Omega_safe_one_step_QP,False,0.33251953125,0.0,3.920032576816434,False,False,False
36,-12.807493242657074,-1347.688160658182,10.66271554081427,4.21097918459987,38.177548917769776,26.671639735592393,0.2,0.0,0.0,25.427684780628287,50.11879754171389,187.50871640396915,210.09449540541175,0.0,0.0,0.0,0.0,1.249000902703301e-16,1.3877787807814457e-16,0.055419921875,0.0,nan,nan,-0.0012096748139022607,5.169633681596412e-05,6120.898460108044,False,True,True,Omega_safe_one_step_QP,False,0.33251953125,0.0,0.0,False,False,False,0.2,-0.14033062756061554,-0.1746227741241455,25.38401846192165,50.10997050395,186.96890523017694,205.55577249207974,-0.7016531229019165,-0.8731138706207275,-0.02811190437827274,-0.04766836535849987,-0.028111904378272795,-0.04766836535849979,0.055419921875,0.0,-0.2117999452386679,-0.33251953125,-0.001207594000058899,5.1887382880426826e-05,6108.090966865387,False,True,True,Omega_safe_one_step_QP,False,0.33251953125,0.0,5.534033089641399,False,False,False
37,-72.70370393270787,-1420.3918645908898,11.630986631675226,5.455058937515838,40.25615518057776,20.54626865791689,0.2,0.0,0.0,25.403476608368795,50.11882698869864,192.27987411313563,211.10882340394352,0.0,0.0,0.0,0.0,1.1449174941446927e-16,1.1102230246251565e-16,0.26014284641297625,-0.05033574002966734,nan,nan,-0.001394421160934199,-0.0001103501132202723,6335.519940206073,True,True,True,Z_mode_existing_controller,False,0.05060201485354432,0.0,0.0,False,False,False,0.2,-0.16696225106716156,0.004154478199779987,25.359580811581345,50.110070371827625,189.17224372998388,211.44761660318537,-0.834811270236969,0.020772390067577362,-0.05551306405594214,0.0007437678370942613,-0.055513064055942155,0.000743767837094185,0.26014284641297625,-0.05033574002966734,-0.32560894130464346,-0.0357606308837316,-0.001394394760327853,-0.00011104544775241321,6262.816236273366,True,True,True,Z_mode_existing_controller,False,0.05060201485354432,0.0,5.551804635859065,False,False,False
38,-73.55561045653394,-1493.9474750474237,13.905626659651084,6.232439658738663,39.070102800825254,30.26749244290949,0.2,0.0,0.0,25.38044323472405,50.116356356787584,196.84881202873459,211.93621718288205,0.0,0.0,0.0,0.0,3.469446951953614e-18,2.7755575615628914e-17,0.26014284641297625,-0.05033574002966734,nan,nan,-0.0031207573478522427,0.0002090796956189358,6684.770128883484,True,True,True,Z_mode_existing_controller,False,0.05060201485354432,0.0,0.0,False,False,False,0.2,-0.1578008383512497,-0.002651648363098502,25.33420852983751,50.10710369048825,193.8176411252005,211.8386789067093,-0.7890042066574097,-0.01325824111700058,-0.05258452417530019,-0.003150215779712598,-0.05258452417530023,-0.0031502157797126396,0.26014284641297625,-0.05033574002966734,-0.32560894130464346,-0.060178576007674976,-0.0031208096394667656,0.0002075923713458326,6611.21451842695,True,True,True,Z_mode_existing_controller,False,0.05060201485354432,0.0,5.267880069061434,False,False,False
39,-189.3693974827329,-1683.3168725301566,11.087786119205116,6.355083272521067,43.142718703444615,22.209112557569686,0.2,0.0,0.0,25.335300979404515,50.12099014817887,205.69261527396608,214.0851434573777,0.0,0.0,0.0,0.0,-9.71445146547012e-17,3.122502256758253e-17,0.055419921875,0.0,nan,nan,-0.0001935228052993166,-5.418933721305195e-05,6608.338120872299,False,True,True,Omega_safe_one_step_QP,False,0.33251953125,0.0,0.0,False,False,False,0.2,-0.1930534988641739,-0.046468622982501984,25.286797617942035,50.11125150296817,197.76919558159227,212.5911185354138,-0.9652674794197083,-0.23234310746192932,-0.09976694467131017,-0.016713927642747844,-0.09976694467131003,-0.016713927642747886,0.055419921875,0.0,-0.387939453125,-0.10671808469593094,-0.00019783724472500867,-5.51491727417263e-05,6418.968723389567,False,True,True,Omega_safe_one_step_QP,False,0.33251953125,0.0,10.115729645604052,False,False,False
40,-152.40982653518404,-1835.7266990653407,9.670887819204152,6.50321070799151,41.52364122103968,27.11077387342075,0.2,0.0,0.0,25.341367930174805,50.12171996709228,204.48705504090955,213.86321511863088,0.0,0.0,0.0,0.0,-2.7755575615628914e-17,6.938893903907228e-17,0.055419921875,0.0,nan,nan,0.0011809692841845722,6.404670197073544e-05,6427.272531599412,False,True,True,Omega_safe_one_step_QP,False,0.33251953125,0.0,0.0,False,False,False,0.2,-0.1928115040063858,-0.06647494435310364,25.28657949084387,50.11076624084281,197.94244870151022,211.7059323491061,-0.9640575051307678,-0.3323747217655182,-0.10002585928061232,-0.02559428643872481,-0.10002585928061238,-0.025594286438724734,0.055419921875,0.0,-0.387939453125,-0.15285545296392533,0.001181856102592852,6.428496665372902e-05,6274.862705064228,False,True,True,Omega_safe_one_step_QP,False,0.33251953125,0.0,10.324843835687002,False,False,False
41,-71.04215563774869,-1906.7688547030893,8.962720434626265,5.041011342796037,36.80914222172308,27.017692152902143,0.2,0.0,0.0,25.367053034469258,50.124625662677815,199.38838220997056,212.93488662576496,0.0,0.0,0.0,0.0,-1.1796119636642288e-16,-1.3183898417423734e-16,0.26014284641297625,-0.05033574002966734,nan,nan,0.0010180454743091844,3.48436486038107e-05,6231.894906363562,True,True,True,Z_mode_existing_controller,False,0.05060201485354432,0.0,0.0,False,False,False,0.2,-0.16402101516723633,0.011414667591452599,25.307199304239965,50.11272306123674,196.14179668393905,214.48203542059758,-0.8201050758361816,0.057073336094617844,-0.07862670387613788,0.009574822854618092,-0.07862670387613774,0.009574822854618109,0.055419921875,0.0,-0.387939453125,0.03085458216448162,0.0010176427266300218,3.5296675510695756e-05,6160.852750725813,False,True,True,Omega_safe_one_step_QP,False,0.33251953125,0.0,7.9207548851881375,False,False,False
42,28.733587459136288,-1878.035267243953,7.833700744518895,5.621268265083532,41.46524203324344,22.291187020616704,0.2,0.0,0.0,25.386068735246155,50.12614848592217,195.62073498802536,212.2113377256434,0.0,0.0,0.0,0.0,-1.2836953722228372e-16,-5.551115123125783e-17,0.26014284641297625,-0.05033574002966734,nan,nan,0.0025471413599097693,-0.00010751348031137943,6024.925074399804,True,True,True,Z_mode_existing_controller,False,0.05060201485354432,0.0,0.0,False,False,False,0.2,-0.1826629489660263,-0.019285356625914574,25.323821493093785,50.113724672334435,196.71440738665027,211.7898450311798,-0.913314700126648,-0.09642678499221802,-0.041458358112399014,-0.011091735835661053,-0.041458358112398896,-0.011091735835661094,0.26014284641297625,-0.05033574002966734,-0.21913858125586433,-0.10093775488321166,0.002537321066818453,-0.0001078487469529612,6053.65866185894,True,True,True,Z_mode_existing_controller,False,0.05060201485354432,0.0,4.29164544344474,False,False,False
43,131.69286477788683,-1746.3424024660662,12.753618116131044,4.134285157711327,36.50538707820866,27.491502440058742,0.2,0.0,0.0,25.424900277881747,50.124235527041456,187.9870304199057,210.46451420044613,0.0,0.0,0.0,0.0,1.3877787807814457e-17,-4.163336342344337e-17,0.055419921875,0.0,nan,nan,-0.003601011705607046,9.41379531241794e-05,6342.8786757520675,False,True,True,Omega_safe_one_step_QP,False,0.33251953125,0.0,0.0,False,False,False,0.2,0.017701199278235435,0.0070807188749313354,25.363642666950057,50.11202475643994,193.10322430766382,211.05881130541457,0.08850599825382233,0.03540359437465668,0.005353087063218045,0.00017915537894473005,0.005353087063218097,0.000179155378944848,0.26014284641297625,-0.05033574002966734,0.31074486126652057,-0.030094250396612125,-0.0035788274181648306,9.609836208089812e-05,6474.571540529954,True,True,True,Z_mode_existing_controller,False,0.05060201485354432,0.0,0.5356084181209092,False,False,False
44,-99.748011289018,-1846.0904137550842,9.945280461142422,4.978202801248867,39.9093059109369,23.062423621179352,0.2,0.0,0.0,25.36520163185463,50.125175494162626,199.74373032927733,213.02322541029588,0.0,0.0,0.0,0.0,6.245004513516506e-17,-2.7755575615628914e-17,0.26014284641297625,-0.05033574002966734,nan,nan,4.201650465527587e-05,-5.9390838795108965e-05,6343.180889317688,True,True,True,Z_mode_existing_controller,False,0.05060201485354432,0.0,0.0,False,False,False,0.2,-0.17367103695869446,0.00611885217949748,25.308667116715608,50.11383609129952,195.35567229485758,214.2446184211546,-0.8683551549911499,0.03059425950050354,-0.08257265973914148,0.007553779619333099,-0.08257265973914138,0.007553779619333064,0.055419921875,0.0,-0.387939453125,0.015620626936572096,4.217445902450663e-05,-5.945820961647248e-05,6243.43287802867,False,True,True,Omega_safe_one_step_QP,False,0.33251953125,0.0,8.291745125685836,False,False,False
45,-96.07739527104513,-1942.1678090261294,9.320649844812527,6.420505461683777,44.39140971413859,21.78927175619813,0.2,0.0,0.0,25.369869217587226,50.12486794729158,198.82607051359483,212.80316056027462,0.0,0.0,0.0,0.0,-4.163336342344337e-17,-4.163336342344337e-17,0.26014284641297625,-0.05033574002966734,nan,nan,0.0015412488897275642,-9.099621884407084e-05,6254.313745794535,True,True,True,Z_mode_existing_controller,False,0.05060201485354432,0.0,0.0,False,False,False,0.2,-0.18889014422893524,-0.0022723961155861616,25.31001214843209,50.11282237641328,194.54511878804146,213.83973686372477,-0.9444507360458374,-0.011361979879438877,-0.08960615326696583,0.0044329472903381455,-0.08960615326696597,0.004432947290338225,0.055419921875,0.0,-0.387939453125,-0.005333725196046389,0.0015413752292605452,-9.075266833901568e-05,6158.23635052349,False,True,True,Omega_safe_one_step_QP,False,0.33251953125,0.0,8.971573844639476,False,False,False
46,-3.523512112265962,-1945.6913211383953,11.363556209813275,4.952832614499683,43.872837643625154,26.506596828885097,0.2,0.0,0.0,25.396267254315774,50.12378679033063,193.63359140380973,211.6255822973123,0.0,0.0,0.0,0.0,6.418476861114186e-17,4.85722573273506e-17,0.26014284641297625,-0.05033574002966734,nan,nan,-0.0013329084713684528,8.087042603473098e-05,6340.391598967413,True,True,True,Z_mode_existing_controller,False,0.05060201485354432,0.0,0.0,False,False,False,0.2,-0.17422084510326385,0.00587074551731348,25.333187432709032,50.111065441035635,193.29262672263124,212.51064098530475,-0.8711042404174805,0.029353726655244827,-0.05808134201633929,0.0016756145927742591,-0.058081342016339264,0.0016756145927742244,0.26014284641297625,-0.05033574002966734,-0.32560894130464346,-0.030597575632844824,-0.0013286572165105023,8.084732753117969e-05,6336.868086855147,True,True,True,Z_mode_existing_controller,False,0.05060201485354432,0.0,5.810550726637266,False,False,False
47,-90.55963262936984,-2036.2509537677652,10.177544693692191,4.182275812962204,36.95164445727239,28.182484992910144,0.2,0.0,0.0,25.375261629268184,50.12533975312494,197.75513228169544,212.58879484578495,0.0,0.0,0.0,0.0,-1.3877787807814457e-16,0.0,0.26014284641297625,-0.05033574002966734,nan,nan,-0.0007247762435275134,8.668308670601224e-05,6320.116957017108,True,True,True,Z_mode_existing_controller,False,0.05060201485354432,0.0,0.0,False,False,False,0.2,-0.18852131068706512,-0.00234238407574594,25.31222459562971,50.112572089824965,193.75433307251214,213.66017483280174,-0.942606508731842,-0.011711920611560345,-0.08755339729775533,0.004798772905005213,-0.08755339729775534,0.004798772905005178,0.055419921875,0.0,-0.387939453125,-0.005508756203995179,-0.0007243040598876567,8.664692405647718e-05,6229.557324387738,False,True,True,Omega_safe_one_step_QP,False,0.33251953125,0.0,8.768480826102316,False,False,False
48,-82.25333389651405,-2118.504287664279,10.885335488116924,4.8328634204412815,38.234935310560495,22.377079420364385,0.2,0.0,0.0,25.366782191661986,50.12764507997716,199.39840733532088,213.0659493437552,0.0,0.0,0.0,0.0,-1.0408340855860843e-16,-3.469446951953614e-17,0.26014284641297625,-0.05033574002966734,nan,nan,-0.0010635600948382387,-7.323171648286503e-05,6433.867379432336,True,True,True,Z_mode_existing_controller,False,0.05060201485354432,0.0,0.0,False,False,False,0.2,-0.18714898824691772,0.010997381061315536,25.30076757502511,50.1142415360944,195.7633210938261,214.7311855222767,-0.9357449412345886,0.05498690530657768,-0.09139477083302193,0.009556634088444864,-0.09139477083302204,0.009556634088444767,0.055419921875,0.0,-0.387939453125,0.02605299681101533,-0.0010629745622273068,-7.378631602618358e-05,6351.614045535822,False,True,True,Omega_safe_one_step_QP,False,0.33251953125,0.0,9.189305409399045,False,False,False
49,-82.8931092426119,-2201.397396906891,9.095266566301344,3.9647375915292526,44.51833413065605,28.12819328305149,0.2,0.0,0.0,25.354573277279865,50.127001543363754,201.81156774607192,213.53799255662383,0.0,0.0,0.0,0.0,-9.71445146547012e-17,1.1102230246251565e-16,0.055419921875,0.0,nan,nan,0.0005137244230921452,9.636072254950016e-05,6302.154158211357,False,True,True,Omega_safe_one_step_QP,False,0.33251953125,0.0,0.0,False,False,False,0.2,-0.19121985137462616,-0.018498141318559647,25.285891108485767,50.112994813914035,198.07046520683016,213.90137991159133,-0.9560992121696472,-0.09249070286750793,-0.09930759584114138,-0.004524504890969325,-0.09930759584114127,-0.0045245048909693455,0.055419921875,0.0,-0.387939453125,-0.042889502918767315,0.0005126732455420077,9.679687344392072e-05,6219.261048968745,False,True,True,Omega_safe_one_step_QP,False,0.33251953125,0.0,9.941061178896279,False,False,False
50,-49.39987880104127,-2250.7972757079324,10.798956254563622,4.296254621679765,41.90174244063164,25.566986659745606,0.2,0.0,0.0,25.368021406134478,50.130126332195566,199.1223929868772,213.1369246335409,0.0,0.0,0.0,0.0,2.0816681711721685e-17,5.551115123125783e-17,0.26014284641297625,-0.05033574002966734,nan,nan,-0.0011938053148214337,3.655497806064246e-05,6417.15446329802,True,True,True,Z_mode_existing_controller,False,0.05060201485354432,0.0,0.0,False,False,False,0.2,-0.1839490830898285,0.012462198734283447,25.29657221896215,50.11555790204092,196.8259109708471,215.0243213214514,-0.9197453856468201,0.062310993671417236,-0.09187506076077201,0.009593624673430556,-0.09187506076077191,0.00959362467343063,0.055419921875,0.0,-0.387939453125,0.030036750111222595,-0.0011926253945204867,3.6323745560135274e-05,6367.754584496979,False,True,True,Omega_safe_one_step_QP,False,0.33251953125,0.0,9.237458754533197,False,False,False
51,-46.44925208393033,-2297.2465277918627,10.297017261010561,6.41603757637958,41.67284985624101,25.842393341640815,0.2,0.0,0.0,25.353623214000912,50.13162972007751,201.94182302577266,213.81918909225408,0.0,0.0,0.0,0.0,-9.71445146547012e-17,8.673617379884035e-17,0.055419921875,0.0,nan,nan,0.0005464457306836857,3.623989924384847e-05,6431.996088297511,False,True,True,Omega_safe_one_step_QP,False,0.33251953125,0.0,0.0,False,False,False,0.2,-0.17882423102855682,-0.008627134375274181,25.280621583227727,50.11667482515074,199.7723251024887,214.69584738028402,-0.8941211700439453,-0.04313567280769348,-0.0951742910069114,-0.0012153993644230116,-0.09517429100691147,-0.0012153993644228867,0.055419921875,0.0,-0.387939453125,-0.021389276400980393,0.0005462588066052218,3.61654433415764e-05,6385.546836213581,False,True,True,Omega_safe_one_step_QP,False,0.33251953125,0.0,9.518205116661075,False,False,False
52,-34.65395460189029,-2331.900482393753,7.114547379762421,4.774106974833009,41.62712285630594,25.034038667977722,0.2,0.0,0.0,25.367656207829267,50.133560885599785,199.1513354470973,213.32785928641727,0.0,0.0,0.0,0.0,-1.0408340855860843e-16,1.249000902703301e-16,0.26014284641297625,-0.05033574002966734,nan,nan,0.0029230190780104408,-3.644941771597588e-05,6031.4736122685745,True,True,True,Z_mode_existing_controller,False,0.05060201485354432,0.0,0.0,False,False,False,0.2,-0.18779973685741425,-0.006337993778288364,25.293190926107197,50.11827262748091,197.38221301480905,214.4672804725278,-0.9389986991882324,-0.03168996796011925,-0.0955293050847016,0.0007239456333102169,-0.09552930508470149,0.0007239456333103314,0.055419921875,0.0,-0.387939453125,-0.014962794982131947,0.0029151104912964704,-3.591332644523412e-05,5996.819657666684,False,True,True,Omega_safe_one_step_QP,False,0.33251953125,0.0,9.553204816838155,False,False,False
53,202.78719480613563,-2129.1132875876174,7.068398078388382,2.477111830268506,40.5606459067321,22.279965738682815,0.2,0.0,0.0,25.41502417609448,50.13360029186008,189.81150092111596,211.32892112101962,0.0,0.0,0.0,0.0,-9.71445146547012e-17,-2.7755575615628914e-17,0.055419921875,0.0,nan,nan,0.0020816668731927336,-0.00011887387578676258,5813.036584454466,False,True,True,Omega_safe_one_step_QP,False,0.33251953125,0.0,0.0,False,False,False,0.2,0.005614041816443205,0.020805945619940758,25.339309690129753,50.11804810353122,198.53913452886462,212.54328382698029,0.028070207685232162,0.10402972251176834,0.0055388462322949784,0.0008422582236957479,0.00553884623229484,0.0008422582236956855,0.26014284641297625,-0.05033574002966734,0.2737967236542879,0.00026627482387697743,0.0020470254635253683,-0.00012253437597781576,6015.823779260601,True,True,True,Z_mode_existing_controller,False,0.05060201485354432,0.0,0.5602518763948128,False,False,False
54,222.97805416850406,-1906.1352334191133,13.790573304581137,5.221484388779501,38.08304555910704,25.360179618320636,0.2,0.0,0.0,25.44204709889405,50.13054124609475,184.5188681560717,210.01625584514116,0.0,0.0,0.0,0.0,-4.163336342344337e-17,-1.3877787807814457e-17,0.055419921875,0.0,nan,nan,-0.0038702749498138378,4.8672168061282106e-05,6356.868265613702,False,True,True,Omega_safe_one_step_QP,False,0.33251953125,0.0,0.0,False,False,False,0.2,0.052458565682172775,-0.022414151579141617,25.37318766945086,50.11631477706399,193.13565588385822,210.8028245113683,0.2622928321361542,-0.11207075417041779,0.01591585403372451,-0.0016651030342954634,0.01591585403372463,-0.0016651030342955675,0.26014284641297625,-0.05033574002966734,0.31074486126652057,-0.07195663675812591,-0.003826482267104565,5.3100357057345973e-05,6579.846319782206,True,True,True,Z_mode_existing_controller,False,0.05060201485354432,0.0,1.6002717823471533,False,False,False
55,-68.51146929342849,-1974.6467027125418,9.587846720669601,6.168418616607837,41.9558243026161,23.261123435702572,0.2,0.0,0.0,25.375422630288178,50.13001939992934,197.65777856708795,212.78617350402865,0.0,0.0,0.0,0.0,1.249000902703301e-16,-6.938893903907228e-17,0.26014284641297625,-0.05033574002966734,nan,nan,0.0010957900049937603,-5.114648026987732e-05,6254.4637520045135,True,True,True,Z_mode_existing_controller,False,0.05060201485354432,0.0,0.0,False,False,False,0.2,-0.18804019689559937,-0.004149183165282011,25.31447744641426,50.117271308243915,194.55702057676788,213.87965793149277,-0.9402009844779968,-0.020745916292071342,-0.08913714005060572,0.0032855517370467685,-0.08913714005060583,0.003285551737046713,0.055419921875,0.0,-0.387939453125,-0.009782904322001403,0.0010954538571617285,-5.1075697180755274e-05,6185.952282711085,False,True,True,Omega_safe_one_step_QP,False,0.33251953125,0.0,8.919767141925906,False,False,False
56,4.792738333117995,-1969.8539643794238,11.1790724788946,5.664585317917696,39.94095803619727,23.82475807596809,0.2,0.0,0.0,25.394157467124856,50.1295425618057,193.9686042260775,211.96445809384397,0.0,0.0,0.0,0.0,1.214306433183765e-17,1.3183898417423734e-16,0.26014284641297625,-0.05033574002966734,nan,nan,-0.0008135379241834502,-1.921707814824504e-05,6330.116376269356,True,True,True,Z_mode_existing_controller,False,0.05060201485354432,0.0,0.0,False,False,False,0.2,-0.19163869321346283,-0.011258493177592754,25.330944236830508,50.11630297850785,193.99012272137395,211.96691051922295,-0.9581934213638306,-0.056292466819286346,-0.06370533537334362,-0.00853414322985687,-0.0637053353733436,-0.008534143229856947,0.26014284641297625,-0.05033574002966734,-0.32560894130464346,-0.08474780157736264,-0.0008092993343080911,-1.9175407434662904e-05,6334.909114602474,True,True,True,Z_mode_existing_controller,False,0.05060201485354432,0.0,6.427442225098477,False,False,False
57,-67.42580166678272,-2037.2797660462065,10.49272812528159,6.459296450483245,34.609078580416764,25.596614079384075,0.2,0.0,0.0,25.38120262982232,50.12913295175769,196.52583947398878,212.48074981367188,0.0,0.0,0.0,0.0,-6.938893903907228e-18,1.457167719820518e-16,0.26014284641297625,-0.05033574002966734,nan,nan,0.00019417428348099923,3.5041765438734184e-06,6322.5656223730575,True,True,True,Z_mode_existing_controller,False,0.05060201485354432,0.0,0.0,False,False,False,0.2,-0.18555022776126862,-0.010035608895123005,25.318327590575883,50.11593187398927,193.51528052549568,213.3127869563268,-0.9277511239051819,-0.05017804354429245,-0.085314587559259,0.0012893119751817318,-0.08531458755925889,0.001289311975181645,0.055419921875,0.0,-0.387939453125,-0.023979390061492183,0.00019514915639384442,3.305201600861652e-06,6255.139820706275,False,True,True,Omega_safe_one_step_QP,False,0.33251953125,0.0,8.532432933094633,False,False,False
58,-56.20819359159577,-2093.4879596378023,7.306498045694733,4.70136921266974,43.00665068586354,27.21917276405906,0.2,0.0,0.0,25.385479720588563,50.129576015038495,195.67595607672968,212.31836184127351,0.0,0.0,0.0,0.0,9.8879238130678e-17,-6.938893903907228e-17,0.26014284641297625,-0.05033574002966734,nan,nan,0.0027298059995184013,3.7282805683645694e-05,5971.291203427221,True,True,True,Z_mode_existing_controller,False,0.05060201485354432,0.0,0.0,False,False,False,0.2,-0.19194889068603516,-0.01382750179618597,25.32043733710976,50.11590098737238,192.99693360254665,213.10601355747198,-0.9597444534301758,-0.06913750618696213,-0.08772420682224744,-5.5125655169484256e-05,-0.08772420682224741,-5.512565516952589e-05,0.055419921875,0.0,-0.387939453125,-0.031938463057835244,0.0027264498441298083,3.816315042366779e-05,5915.0830098356255,False,True,True,Omega_safe_one_step_QP,False,0.33251953125,0.0,8.772422414265234,False,False,False
59,169.86821663625324,-1923.619743001549,11.505758706267535,5.589159734388572,34.89951209436008,24.203381911569657,0.2,0.0,0.0,25.427087087872632,50.13056175716116,187.46046165363546,210.61399639427015,0.0,0.0,0.0,0.0,9.71445146547012e-17,-1.1102230246251565e-16,0.055419921875,0.0,nan,nan,-0.001348795088306179,-2.647197073633845e-05,6203.857753166215,False,True,True,Omega_safe_one_step_QP,False,0.33251953125,0.0,0.0,False,False,False,0.2,-0.022392496466636658,-0.006067323032766581,25.36008974884523,50.11648973123156,194.22858727466428,211.3560415485304,-0.11196248233318329,-0.030336614698171616,0.001477732653845494,-0.001359726517691895,0.0014777326538454828,-0.001359726517691985,0.26014284641297625,-0.05033574002966734,0.07338743011268198,-0.10093775488321166,-0.00133347338145527,-2.5126140486158178e-05,6373.725969802468,True,True,True,Z_mode_existing_controller,False,0.05060201485354432,0.0,0.2008121012079832,False,False,False
60,-13.168400732007285,-1936.7881437335564,9.728740815155618,5.226628886888652,38.76324542526056,21.543660980841302,0.2,0.0,0.0,25.40071777661819,50.128994586706796,192.67573946706312,211.63145913043664,0.0,0.0,0.0,0.0,-6.245004513516506e-17,1.3877787807814457e-16,0.26014284641297625,-0.05033574002966734,nan,nan,0.00037375311135510536,-0.00011204235873815861,6150.558228717877,True,True,True,Z_mode_existing_controller,False,0.05060201485354432,0.0,0.0,False,False,False,0.2,-0.1899484544992447,-0.0013341858284547925,25.339703761032293,50.11604476520389,191.9369107039663,212.07627575187166,-0.9497422575950623,-0.006670929025858641,-0.06322180120741584,-0.0027038565620061614,-0.06322180120741594,-0.0027038565620060295,0.26014284641297625,-0.05033574002966734,-0.32560894130464346,-0.05445002322415375,0.00037343326671983096,-0.00011208787135029652,6137.3898279858695,True,True,True,Z_mode_existing_controller,False,0.05060201485354432,0.0,6.327959377412216,False,False,False
61,33.41416643901812,-1903.3739772945382,8.901056600357395,4.28777108119321,41.385398303651975,26.33437205953633,0.2,0.0,0.0,25.404504747500315,50.12652987864507,191.95661660573646,211.3298212288456,0.0,0.0,0.0,0.0,-4.5102810375396984e-17,-8.326672684688674e-17,0.26014284641297625,-0.05033574002966734,nan,nan,0.0008238528293911901,3.0032183459658597e-05,6048.586696625547,True,True,True,Z_mode_existing_controller,False,0.05060201485354432,0.0,0.0,False,False,False,0.2,-0.10827703773975372,-0.0023555385414510965,25.34313643975456,50.11348184494919,193.2080121039582,211.66980033438682,-0.5413851737976074,-0.011777692474424839,-0.03613183170559042,-0.0024755681231391005,-0.036131831705590485,-0.0024755681231390866,0.26014284641297625,-0.05033574002966734,-0.32560894130464346,-0.06307861645568318,0.0008190903671531219,2.9807224844514394e-05,6082.000863064565,True,True,True,Z_mode_existing_controller,False,0.05060201485354432,0.0,3.621653903858582,False,False,False
62,55.68050472557752,-1847.6934725689607,10.699185821624248,3.2882915467772937,37.80167837296939,24.40177976517636,0.2,0.0,0.0,25.414455789206528,50.126801480277194,189.99010549285478,210.9190925332812,0.0,0.0,0.0,0.0,1.3877787807814457e-16,-2.7755575615628914e-17,0.055419921875,0.0,nan,nan,-0.0018047126352300396,-1.7270330558763524e-05,6185.255946434246,False,True,True,Omega_safe_one_step_QP,False,0.33251953125,0.0,0.0,False,False,False,0.2,-0.1501922458410263,-0.019450010731816292,25.354279725077074,50.113972440883984,192.1482987926369,210.4907091379451,-0.7509612441062927,-0.09725005179643631,-0.020892948539378273,-0.009120036246338982,-0.020892948539378203,-0.00912003624633912,0.26014284641297625,-0.05033574002966734,-0.13060399479584,-0.10093775488321166,-0.001800552631897527,-1.7015390724604688e-05,6240.936451159823,True,True,True,Z_mode_existing_controller,False,0.05060201485354432,0.0,2.2796718180554914,False,False,False
63,-54.351394598182196,-1902.044867167143,11.76766211018536,4.08254643463934,42.95677655718197,24.340632021023833,0.2,0.0,0.0,25.383351134069557,50.125821213903855,196.1319224744713,212.1682045164911,0.0,0.0,0.0,0.0,-7.979727989493313e-17,-3.469446951953614e-17,0.26014284641297625,-0.05033574002966734,nan,nan,-0.0023392802570711513,1.8496878039413685e-05,6444.522577248463,True,True,True,Z_mode_existing_controller,False,0.05060201485354432,0.0,0.0,False,False,False,0.2,-0.1816597431898117,-0.0035789336543530226,25.325230677576343,50.11338674781321,193.74728730368486,212.16661538896187,-0.908298671245575,-0.017894668504595757,-0.06072487180789894,-0.003934836518730167,-0.06072487180789881,-0.003934836518730049,0.26014284641297625,-0.05033574002966734,-0.32560894130464346,-0.06187581351732826,-0.0023372758808675956,1.799109975253346e-05,6390.171182650281,True,True,True,Z_mode_existing_controller,False,0.05060201485354432,0.0,6.085222259305644,False,False,False
64,-147.11815947588912,-2049.163026643032,10.172120611716561,5.665287949920562,42.472198680947216,23.90797652057449,0.2,0.0,0.0,25.349310593977016,50.12651251458933,202.83282316309567,213.63284132448692,0.0,0.0,0.0,0.0,-8.326672684688674e-17,-8.326672684688674e-17,0.055419921875,0.0,nan,nan,0.0002620718855787514,-2.0791185602872194e-05,6440.790112719947,False,True,True,Omega_safe_one_step_QP,False,0.33251953125,0.0,0.0,False,False,False,0.2,-0.19213411211967468,-0.03124023973941803,25.28952644716887,50.113719233859456,196.50781569364747,213.01088711870574,-0.960670530796051,-0.15620119869709015,-0.09617889202411245,-0.00937779652382403,-0.0961788920241125,-0.009377796523823947,0.055419921875,0.0,-0.387939453125,-0.07208846473390096,0.00026173905371711104,-2.0892889211317645e-05,6293.6719532440575,False,True,True,Omega_safe_one_step_QP,False,0.33251953125,0.0,9.663499541381546,False,False,False
65,-105.81732035715777,-2154.98034700019,9.54472982874563,5.098102609466013,36.62768660407267,22.94360509464811,0.2,0.0,0.0,25.359830407100556,50.12745681610755,200.74620404342608,213.23514677293267,0.0,0.0,0.0,0.0,-3.469446951953614e-17,-1.0408340855860843e-16,0.055419921875,0.0,nan,nan,0.0004387300918468136,-8.074439886220457e-05,6325.533580026829,False,True,True,Omega_safe_one_step_QP,False,0.33251953125,0.0,0.0,False,False,False,0.2,-0.18531782925128937,-0.025536522269248962,25.295163414437656,50.11370260190401,196.08241215379863,213.07325784595523,-0.9265891313552856,-0.1276826113462448,-0.09102294561855308,-0.006610422380954734,-0.09102294561855312,-0.006610422380954651,0.055419921875,0.0,-0.387939453125,-0.0610942649107737,0.0004392054342377905,-8.046440049269861e-05,6219.716259669672,False,True,True,Omega_safe_one_step_QP,False,0.33251953125,0.0,9.12626665900832,False,False,False
66,-57.897069809948334,-2212.877416810138,13.034947545611065,5.624233027276603,40.48208412876912,24.61055964113033,0.2,0.0,0.0,25.371271546809645,50.126875873599914,198.49588112083768,212.71479380152428,0.0,0.0,0.0,0.0,-2.0816681711721685e-17,1.3877787807814457e-16,0.26014284641297625,-0.05033574002966734,nan,nan,-0.0026653127411818836,3.4547818032856114e-05,6635.5902668852,True,True,True,Z_mode_existing_controller,False,0.05060201485354432,0.0,0.0,False,False,False,0.2,-0.16400893032550812,-0.013017679564654827,25.303098756485177,50.11242293339097,195.97315448532927,213.25544147485599,-0.8200446367263794,-0.06508839875459671,-0.07828892350605521,-0.0009766285448269615,-0.07828892350605533,-0.0009766285448268332,0.055419921875,0.0,-0.387939453125,-0.035190219607438046,-0.0026606610331645067,3.36150621244773e-05,6577.693197075252,False,True,True,Omega_safe_one_step_QP,False,0.33251953125,0.0,7.829501482886103,False,False,False
67,-115.26323913300894,-2328.140655943147,10.529287105714936,6.106758710047578,34.98580466314473,24.119540323804536,0.2,0.0,0.0,25.33429262819266,50.12825306767121,205.76791244572925,214.34086134524557,0.0,0.0,0.0,0.0,5.551115123125783e-17,-2.42861286636753e-17,0.055419921875,0.0,nan,nan,-3.211479669695209e-05,-3.8395889163744465e-05,6551.551883540834,False,True,True,Omega_safe_one_step_QP,False,0.33251953125,0.0,0.0,False,False,False,0.2,-0.1940988153219223,-0.056556619703769684,25.26442467986816,50.113400659986404,200.80342704691668,212.7870089923492,-0.9704940319061279,-0.2827830910682678,-0.10774510649976213,-0.02270942052635337,-0.10774510649976221,-0.02270942052635347,0.055419921875,0.0,-0.387939453125,-0.12918629885704383,-3.243237347394165e-05,-3.8643875039067886e-05,6436.288644407825,False,True,True,Omega_safe_one_step_QP,False,0.33251953125,0.0,11.011233243959477,False,False,False
68,-76.71145237069322,-2404.8521083138403,10.081644544776848,5.026714474229804,39.887604685095695,22.741051146057647,0.2,0.0,0.0,25.34282207965995,50.129297071550084,204.0724325217682,214.03244986375802,0.0,0.0,0.0,0.0,6.938893903907228e-17,1.3877787807814457e-17,0.055419921875,0.0,nan,nan,-7.250967756719604e-05,-6.720206778859078e-05,6461.853142092097,False,True,True,Omega_safe_one_step_QP,False,0.33251953125,0.0,0.0,False,False,False,0.2,-0.1849432736635208,-0.04878256842494011,25.269214067114188,50.11372989188965,200.6693466158808,212.98893042330835,-0.9247163534164429,-0.24391283094882965,-0.10120537248004141,-0.01907571074344194,-0.10120537248004144,-0.019075710743442015,0.055419921875,0.0,-0.387939453125,-0.11694509683615623,-7.308973292524494e-05,-6.714290308656393e-05,6385.141689721404,False,True,True,Omega_safe_one_step_QP,False,0.33251953125,0.0,10.298742718988283,False,False,False
69,-28.05399103173022,-2432.9060993455705,11.713410725657813,4.982385265780702,37.68961623052321,23.604184811161133,0.2,0.0,0.0,25.349340265059364,50.1294992437109,202.78333349818115,213.76243546723055,0.0,0.0,0.0,0.0,-5.551115123125783e-17,-7.28583859910259e-17,0.055419921875,0.0,nan,nan,-0.0018418940894460714,-2.6479026419179332e-05,6604.681349390854,False,True,True,Omega_safe_one_step_QP,False,0.33251953125,0.0,0.0,False,False,False,0.2,-0.16116799414157867,-0.03763018175959587,25.273267677889898,50.113460021166496,201.43422024150652,213.3130146195931,-0.8058399558067322,-0.18815091252326965,-0.08716481522941641,-0.014195043152073556,-0.08716481522941648,-0.014195043152073452,0.055419921875,0.0,-0.387939453125,-0.10351741333589451,-0.001837538106093304,-2.6687729089197717e-05,6576.627358359124,False,True,True,Omega_safe_one_step_QP,False,0.33251953125,0.0,8.83131035807685,False,False,False
70,-79.79357116795836,-2512.699670513529,9.228225851172926,3.515611916196808,38.280653647490674,24.113836065141502,0.2,0.0,0.0,25.32825094311598,50.13031540648615,206.92946853435228,214.6886103140508,0.0,0.0,0.0,0.0,-1.3877787807814457e-16,1.2836953722228372e-16,0.055419921875,0.0,nan,nan,-1.17542274430389e-05,-4.462255329039632e-05,6439.52347377016,False,True,True,Omega_safe_one_step_QP,False,0.33251953125,0.0,0.0,False,False,False,0.2,-0.1923438012599945,-0.04715866222977638,25.251461020945978,50.11411091638181,203.3380458935036,213.72612140185237,-0.9617189764976501,-0.2357933074235916,-0.11257509011717746,-0.019813436257920557,-0.11257509011717756,-0.01981343625792051,0.055419921875,0.0,-0.387939453125,-0.10870241138557792,-1.351895799135347e-05,-4.424225723355439e-05,6359.729902602202,False,True,True,Omega_safe_one_step_QP,False,0.33251953125,0.0,11.430539432256612,False,False,False
71,-50.402615760977824,-2563.1022862745067,12.390464333103385,3.4655901708415073,33.486507594120425,25.346603943402226,0.2,0.0,0.0,25.338040459633365,50.13141050487557,204.98492222349742,214.32994873868816,0.0,0.0,0.0,0.0,5.551115123125783e-17,-1.249000902703301e-16,0.055419921875,0.0,nan,nan,-0.0037104121814190857,1.672151714155883e-05,6733.631066560078,False,True,True,Omega_safe_one_step_QP,False,0.33251953125,0.0,0.0,False,False,False,0.2,-0.18509994447231293,-0.03242744132876396,25.25862853673296,50.11470973109891,202.72747246805903,214.1726650505951,-0.9254997372627258,-0.1621371954679489,-0.10598549709555927,-0.01286357583122415,-0.10598549709555917,-0.012863575831224043,0.055419921875,0.0,-0.387939453125,-0.07767160687895538,-0.003705128842085747,1.610682717291263e-05,6683.2284507991,False,True,True,Omega_safe_one_step_QP,False,0.33251953125,0.0,10.676327635361536,False,False,False
72,-97.88081599423458,-2660.9831022687413,8.908492147586175,4.947600016619161,44.33723592989831,23.623158047625623,0.2,0.0,0.0,25.290738618859628,50.133427977607994,214.28435790214357,216.42586809755002,0.0,0.0,0.0,0.0,-5.551115123125783e-17,-2.211772431870429e-17,0.055419921875,0.0,nan,nan,0.0011777973693549073,-4.5021540534066415e-05,6577.553023859019,False,True,True,Omega_safe_one_step_QP,False,0.33251953125,0.0,0.0,False,False,False,0.2,-0.19705000519752502,-0.017049765214323997,25.209901189620055,50.11640231945694,209.858774896236,216.60232187966625,-0.9852499961853027,-0.08524882793426514,-0.1320078651027131,-0.010213466406588946,-0.1320078651027132,-0.010213466406588895,0.055419921875,0.0,-0.387939453125,-0.038361700329528195,0.0011749032998743004,-4.4432216813816694e-05,6479.6722078647845,False,True,True,Omega_safe_one_step_QP,False,0.33251953125,0.0,13.24023842119719,False,False,False
73,-40.299762509269385,-2701.2828647780107,10.747997533255688,4.461128976727168,40.649647931109364,25.447473082171612,0.2,0.0,0.0,25.324445223911273,50.13564940335865,207.6115646369093,215.12209078035326,0.0,0.0,0.0,0.0,1.1102230246251565e-16,8.326672684688674e-17,0.055419921875,0.0,nan,nan,-0.001069954839897757,2.7906236442680715e-05,6619.114701358568,False,True,True,Omega_safe_one_step_QP,False,0.33251953125,0.0,0.0,False,False,False,0.2,-0.18728023767471313,-0.06702917069196701,25.240309794596314,50.117968245516664,205.74372807140534,213.44472236092324,-0.9364011883735657,-0.33514586091041565,-0.11447213012763163,-0.03004032260403878,-0.11447213012763166,-0.030040322604038782,0.055419921875,0.0,-0.387939453125,-0.1586820456538292,-0.0010695744539573667,2.7770546107382853e-05,6578.814938849298,False,True,True,Omega_safe_one_step_QP,False,0.33251953125,0.0,11.834817091156149,False,False,False
74,-50.604919878432156,-2751.887784656443,10.134526557689945,5.112829475033736,40.70057019704932,27.630070601834777,0.2,0.0,0.0,25.3189101405329,50.13828792767698,208.66985818075915,215.49354135092804,0.0,0.0,0.0,0.0,-1.3877787807814457e-16,-5.204170427930421e-17,0.055419921875,0.0,nan,nan,-5.798638022374344e-05,8.412657899280153e-05,6577.793243119031,False,True,True,Omega_safe_one_step_QP,False,0.33251953125,0.0,0.0,False,False,False,0.2,-0.1955725997686386,-0.10275997221469879,25.233610285911134,50.12039951129179,206.390165000892,212.20874720120318,-0.9778629541397095,-0.5137998461723328,-0.1223446003597457,-0.04674615376152827,-0.12234460035974581,-0.04674615376152839,0.055419921875,0.0,-0.387939453125,-0.23295490835640062,-5.957647876464987e-05,8.395259682795712e-05,6527.188323240599,False,True,True,Omega_safe_one_step_QP,False,0.33251953125,0.0,13.097100491590648,False,False,False
75,-29.469554094174782,-2781.3573387506176,8.826143873966187,4.971106621251639,43.92630878214182,25.074400566391958,0.2,0.0,0.0,25.329422068470237,50.14220862024847,206.54957895690208,215.25982051429582,0.0,0.0,0.0,0.0,1.249000902703301e-16,-4.683753385137379e-17,0.055419921875,0.0,nan,nan,0.0012758022665691447,-2.8590267547766923e-06,6384.920419883107,False,True,True,Omega_safe_one_step_QP,False,0.33251953125,0.0,0.0,False,False,False,0.2,-0.19438232481479645,-0.09318273514509201,25.242599262848678,50.12409286097361,205.11375184659502,212.50754015819663,-0.971911609172821,-0.46591368317604065,-0.11834056285910016,-0.042187442148721395,-0.11834056285910026,-0.042187442148721305,0.055419921875,0.0,-0.387939453125,-0.2125370156678656,0.0012695337748091194,-2.6223537049850564e-06,6355.450865788932,False,True,True,Omega_safe_one_step_QP,False,0.33251953125,0.0,12.563546112806042,False,False,False
76,41.78870277158694,-2739.5686359790307,10.780788923381639,4.265470426797457,34.123081829830184,23.008174684897355,0.2,0.0,0.0,25.35817561496462,50.14405060802687,200.85763105624522,214.14372912530337,0.0,0.0,0.0,0.0,6.245004513516506e-17,1.0408340855860843e-17,0.055419921875,0.0,nan,nan,-0.0014056206035250021,-7.235898127535363e-05,6458.788113291227,False,True,True,Omega_safe_one_step_QP,False,0.33251953125,0.0,0.0,False,False,False,0.2,-0.16567018628120422,-0.06179211288690567,25.270448965756298,50.1258359466189,202.37737228996897,213.02866845272203,-0.8283509016036987,-0.30896055698394775,-0.09195602783396511,-0.026386651058862183,-0.09195602783396513,-0.026386651058862266,0.055419921875,0.0,-0.387939453125,-0.16536537541502186,-0.001401851561109088,-7.207476941260274e-05,6500.576816062814,False,True,True,Omega_safe_one_step_QP,False,0.33251953125,0.0,9.56669556801256,False,False,False
77,-8.956604105947008,-2748.5252400849777,8.3339411182111,2.610491284594443,42.53813464418077,28.682255115462045,0.2,0.0,0.0,25.341994764373172,50.143614386833924,204.0507304393842,214.79436222807067,0.0,0.0,0.0,0.0,1.3877787807814457e-17,-1.1275702593849246e-16,0.055419921875,0.0,nan,nan,0.0006597893179935716,9.384389091771994e-05,6274.026975116828,False,True,True,Omega_safe_one_step_QP,False,0.33251953125,0.0,0.0,False,False,False,0.2,-0.18991762399673462,-0.06730931252241135,25.255911686667194,50.12572716469966,203.46197659470175,213.3038936370092,-0.9495881199836731,-0.33654657006263733,-0.11111273491777167,-0.029869085588744647,-0.11111273491777168,-0.029869085588744508,0.055419921875,0.0,-0.387939453125,-0.15713241406247302,0.000650979757358598,9.379125184426938e-05,6265.070371010881,False,True,True,Omega_safe_one_step_QP,False,0.33251953125,0.0,11.5057386267961,False,False,False
78,33.326161231562764,-2715.199078853415,8.101672335249118,5.0665761710584905,36.679021658181576,27.55639158686417,0.2,0.0,0.0,25.359437295938104,50.14699925856459,200.57042207405007,214.23936035290015,0.0,0.0,0.0,0.0,1.1102230246251565e-16,1.0408340855860843e-16,0.26014284641297625,-0.05033574002966734,nan,nan,0.0019190825366311396,3.89300890701143e-05,6167.96075980488,True,True,True,Z_mode_existing_controller,False,0.05060201485354432,0.0,0.0,False,False,False,0.2,-0.17200596630573273,-0.03843066841363907,25.273095023408573,50.12910609367115,201.78019665376502,214.15324257626145,-0.8600298166275024,-0.19215333461761475,-0.09496272489437654,-0.0161670291052406,-0.09496272489437664,-0.016167029105240507,0.055419921875,0.0,-0.387939453125,-0.09905817510084466,0.0019069327663669327,3.8534853570533435e-05,6201.286921036442,False,True,True,Omega_safe_one_step_QP,False,0.33251953125,0.0,9.632908153540535,False,False,False
79,81.9560259307591,-2633.243052922656,8.59636521036876,5.741097988327551,40.473678853645026,27.519853424578375,0.2,0.0,0.0,25.392880769720577,50.148737077320284,193.95508893626467,212.92006705544682,0.0,0.0,0.0,0.0,1.1275702593849246e-16,-1.249000902703301e-16,0.26014284641297625,-0.05033574002966734,nan,nan,0.0018222067760286869,5.7986284316980654e-05,6063.145555147675,True,True,True,Z_mode_existing_controller,False,0.05060201485354432,0.0,0.0,False,False,False,0.2,-0.1499839574098587,-0.07478612661361694,25.30768659291725,50.13107819713535,197.2884178824976,211.39829671102365,-0.7499197721481323,-0.3739306330680847,-0.07273364776549744,-0.030399870688123352,-0.07273364776549746,-0.030399870688123352,0.055419921875,0.0,-0.387939453125,-0.22107117938938048,0.0018111286191675618,5.726887353036346e-05,6145.101581078434,False,True,True,Omega_safe_one_step_QP,False,0.33251953125,0.0,7.8831057681158185,False,False,False
80,253.90088421329074,-2379.342168709365,8.773699629488892,4.580854580386971,37.43093224444734,28.44279460944901,0.2,0.0,0.0,25.419394661475042,50.149824716278005,188.71347094485665,211.85679802752472,0.0,0.0,0.0,0.0,-2.0816681711721685e-17,7.632783294297951e-17,0.055419921875,0.0,nan,nan,0.001018974215678571,7.902799682059131e-05,5958.252397147021,False,True,True,Omega_safe_one_step_QP,False,0.33251953125,0.0,0.0,False,False,False,0.2,0.01577196642756462,0.013344364240765572,25.337079569586628,50.132772840885956,199.35180926102777,213.36136077509008,0.0788598284125328,0.06672181934118271,0.004791987283812145,0.000515633067891777,0.004791987283812138,0.0005156330678919158,0.26014284641297625,-0.05033574002966734,0.31074486126652057,-0.007522326710311701,0.0010021589049564999,7.731800888649977e-05,6212.153281360312,True,True,True,Z_mode_existing_controller,False,0.05060201485354432,0.0,0.4819649322193643,False,False,False
81,210.01170491911853,-2169.3304637902465,8.459187785190306,5.035675979028426,42.8666300073452,22.161147870260578,0.2,0.0,0.0,25.4295217025436,50.15051681764774,186.7069556392177,211.46175859167107,0.0,0.0,0.0,0.0,-2.7755575615628914e-17,2.7755575615628914e-17,0.055419921875,0.0,nan,nan,0.0016922420726728474,-9.580144599382408e-05,5878.56277259249,False,True,True,Omega_safe_one_step_QP,False,0.33251953125,0.0,0.0,False,False,False,0.2,-0.005401673726737499,-0.009544775821268559,25.3559035667056,50.135129997410544,195.5410038313739,212.61655967457,-0.02700836770236492,-0.04772387817502022,0.0021456590757590053,-0.0005795818616713896,0.002145659075759132,-0.0005795818616714937,0.26014284641297625,-0.05033574002966734,0.23150565479394428,-0.10093775488321166,0.001674661539566379,-9.781061597084371e-05,6088.574477511608,True,True,True,Z_mode_existing_controller,False,0.05060201485354432,0.0,0.2222558886456411,False,False,False
82,211.50412375337783,-1957.8263400368687,9.714859554004184,5.5322170230673375,38.064028350188956,27.767230569922805,0.2,0.0,0.0,25.4480862193506,50.14739922884933,183.08190535426215,210.5019820109039,0.0,0.0,0.0,0.0,5.551115123125783e-17,2.0816681711721685e-17,0.055419921875,0.0,nan,nan,0.0005366207519112952,7.260003633920652e-05,5917.388292146115,False,True,True,Omega_safe_one_step_QP,False,0.33251953125,0.0,0.0,False,False,False,0.2,0.023737775161862373,0.055109500885009766,25.381657562940205,50.13338895020096,191.75944624631822,213.60948655458967,0.11868887394666672,0.27554750442504883,0.01339513205621392,0.020949356369345924,0.013395132056213885,0.02094935636934602,0.055419921875,0.0,0.19864883418560678,0.33251953125,0.0005350102709943946,7.234364940060414e-05,6128.892415899493,False,True,True,Omega_safe_one_step_QP,False,0.33251953125,0.0,2.4865741394401724,False,False,False
83,141.14274827948884,-1816.6835917573799,8.847764950005134,4.791075549786831,39.8194990887053,26.844176901772826,0.2,0.0,0.0,25.446327538304512,50.147094994978815,183.43020528951797,210.55261488012246,0.0,0.0,0.0,0.0,-2.7755575615628914e-17,4.163336342344337e-17,0.055419921875,0.0,nan,nan,0.0011028409526737787,4.0676389708940155e-05,5840.3035272472025,False,True,True,Omega_safe_one_step_QP,False,0.33251953125,0.0,0.0,False,False,False,0.2,-0.025943953543901443,0.06063026934862137,25.387172421709526,50.134411911461704,189.23873900538462,213.6674668405583,-0.12971976399421692,0.30315133929252625,-0.0019775875915805166,0.02314605733663859,-0.0019775875915806346,0.023146057336638617,0.055419921875,0.0,-0.08686661855888386,0.33251953125,0.0010946213430536415,3.975950095675416e-05,5981.446275526691,False,True,True,Omega_safe_one_step_QP,False,0.33251953125,0.0,2.323038576763916,False,False,False
84,77.01557715189847,-1739.6680146054814,9.624774690271115,3.240560502776816,39.525095635670304,27.44279095724397,0.2,0.0,0.0,25.45335116403059,50.14620732063409,182.05403233872713,210.2013832178169,0.0,0.0,0.0,0.0,-2.7755575615628914e-17,-9.020562075079397e-17,0.055419921875,0.0,nan,nan,-0.0005578340820595958,6.734116867153383e-05,5884.522881898152,False,True,True,Omega_safe_one_step_QP,False,0.33251953125,0.0,0.0,False,False,False,0.2,-0.06694027781486511,0.004998990800231695,25.399018189084483,50.13437642146107,185.1300765705257,211.4498167761176,-0.33470138907432556,0.024994952604174614,-0.02085029564894965,0.005838262249920546,-0.02085029564894965,0.005838262249920616,0.055419921875,0.0,-0.387939453125,0.033109355221846715,-0.0005584880156612399,6.718203032261805e-05,5961.538459050051,False,True,True,Omega_safe_one_step_QP,False,0.33251953125,0.0,2.165225472664355,False,False,False
85,52.880622467871035,-1686.7873921376104,8.424892877486485,5.578274832888449,38.7241392822135,23.10550891599468,0.2,0.0,0.0,25.434329144318024,50.145641730226025,185.80863160620999,210.9645284264554,0.0,0.0,0.0,0.0,-4.163336342344337e-17,1.1102230246251565e-16,0.055419921875,0.0,nan,nan,0.0018933559061691703,-8.089442823500212e-05,5854.737532373992,False,True,True,Omega_safe_one_step_QP,False,0.33251953125,0.0,0.0,False,False,False,0.2,-0.07632994651794434,0.008706490509212017,25.382699852481505,50.13429284548459,187.91257769623078,212.307819477413,-0.3816497325897217,0.04353245347738266,-0.026316034033829844,0.007458846430550781,-0.026316034033829955,0.007458846430550704,0.055419921875,0.0,-0.387939453125,0.05057129431762674,0.0018869897606942677,-8.151558858649838e-05,5907.618154841863,False,True,True,Omega_safe_one_step_QP,False,0.33251953125,0.0,2.7352660516743796,False,False,False
86,100.8413188482964,-1585.946073289314,7.182119146983609,5.81940444906931,34.887704925939424,25.06790048543377,0.2,0.0,0.0,25.455181991658005,50.14269596774585,181.73038577301912,209.91784675277205,0.0,0.0,0.0,0.0,-1.1102230246251565e-16,-1.249000902703301e-16,0.055419921875,0.0,nan,nan,0.0031993986254949735,-4.596889002943911e-05,5637.831935495348,False,True,True,Omega_safe_one_step_QP,False,0.33251953125,0.0,0.0,False,False,False,0.2,-0.022417102009058,0.03659319132566452,25.40537277660911,50.13166064080882,185.9881533859314,211.90466939193675,-0.1120855063199997,0.182965949177742,-0.0022618820982332893,0.014290743239399446,-0.002261882098233317,0.014290743239399467,0.055419921875,0.0,-0.1482825698179689,0.33251953125,0.003182885566522058,-4.775308429917459e-05,5738.673254343645,False,True,True,Omega_safe_one_step_QP,False,0.33251953125,0.0,1.4468636872931362,False,False,False
87,89.99357687850988,-1495.952496410804,8.981404316530236,5.636681475197545,44.494206204308284,22.937417486925266,0.2,0.0,0.0,25.49226126998485,50.13982324273849,174.4524271785705,208.19195706094806,0.0,0.0,0.0,0.0,-5.551115123125783e-17,9.71445146547012e-17,0.055419921875,0.0,nan,nan,0.0014977290117555633,-5.7618304067848106e-05,5639.779888505534,False,True,True,Omega_safe_one_step_QP,False,0.33251953125,0.0,0.0,False,False,False,0.2,-0.049523841589689255,-0.06739430874586105,25.445856908100673,50.12940264912776,178.20501874109516,206.93184873968954,-0.24761919677257538,-0.33697155117988586,-0.0016160906050905477,-0.017276387576021235,-0.0016160906050906032,-0.017276387576021332,0.055419921875,0.0,-0.18892778192297194,-0.33251953125,0.0014940027313353269,-5.795697522922001e-05,5729.773465384043,False,True,True,Omega_safe_one_step_QP,False,0.33251953125,0.0,1.7351810179942815,False,False,False
88,84.33011075749255,-1411.6223856533115,10.410829947423332,4.067741483236133,35.924513398934884,24.456172709023928,0.2,0.0,0.0,25.49780470111204,50.13559510197374,173.4073040186888,207.71937718368554,0.0,0.0,0.0,0.0,8.326672684688674e-17,0.0,0.055419921875,0.0,nan,nan,-0.0010876101857033131,-2.7312535594805416e-05,5752.604157073433,False,True,True,Omega_safe_one_step_QP,False,0.33251953125,0.0,0.0,False,False,False,0.2,-0.11677970737218857,-0.16918614506721497,25.454574220279834,50.12582830830806,176.90579072862207,203.86440206389213,-0.5838985443115234,-0.8459306955337524,0.0011112299434307138,-0.04243777076269284,0.001111229943430686,-0.04243777076269274,0.055419921875,0.0,-0.17409966165523033,-0.33251953125,-0.0010828725927194919,-2.6593230050453494e-05,5836.934267830926,False,True,True,Omega_safe_one_step_QP,False,0.33251953125,0.0,4.245231700736772,False,False,False
89,87.32741546366287,-1324.2949701896487,10.98384731792764,5.455330655126961,38.170670252010005,23.690652775509083,0.2,0.0,0.0,25.46371623446677,50.13182177604436,180.169753784709,208.94052985169523,0.0,0.0,0.0,0.0,8.326672684688674e-17,-6.938893903907228e-17,0.055419921875,0.0,nan,nan,-0.0008130190891341743,-3.481169835720983e-05,5971.847277340943,False,True,True,Omega_safe_one_step_QP,False,0.33251953125,0.0,0.0,False,False,False,0.2,0.009816505014896393,-0.017425116151571274,25.423567825605783,50.12276162537277,183.67452473142632,208.79989743838829,0.049082525074481964,-0.08712557703256607,0.006288794696443639,-0.004571008377590946,0.0062887946964436114,-0.0045710083775910015,0.055419921875,0.0,0.24274605604095686,-0.33251953125,-0.000806313358079157,-3.431702816812071e-05,6059.174692804606,False,True,True,Omega_safe_one_step_QP,False,0.33251953125,0.0,0.7774513253061317,False,False,False
90,50.19797294871478,-1274.096997240934,10.603484902207935,3.867653007945911,38.61569877361607,24.51331300828973,0.2,0.0,0.0,25.439350861350256,50.128958163330786,185.00469984967287,209.80230532764762,0.0,0.0,0.0,0.0,2.7755575615628914e-17,1.249000902703301e-16,0.055419921875,0.0,nan,nan,-0.0013368162465864435,-1.2213460804877478e-05,6053.385634291792,False,True,True,Omega_safe_one_step_QP,False,0.33251953125,0.0,0.0,False,False,False,0.2,-0.04995281249284744,-0.10364963114261627,25.402306570041144,50.120493589647026,187.0545122469793,207.23901038891364,-0.24976405501365662,-0.5182481408119202,-0.003094968814237431,-0.028000259585691543,-0.003094968814237417,-0.028000259585691654,0.055419921875,0.0,-0.10483424991154425,-0.33251953125,-0.001333673483532973,-1.1780599293856754e-05,6103.583607240506,False,True,True,Omega_safe_one_step_QP,False,0.33251953125,0.0,2.8170789283000564,False,False,False
91,-79.25756315358285,-1353.3545603945167,11.109480112042988,2.9077755569152655,40.08229103174019,22.904130511190115,0.2,0.0,0.0,25.41113588503063,50.12730464049289,190.58429721476858,210.8927061801007,0.0,0.0,0.0,0.0,1.3877787807814457e-16,2.0816681711721685e-17,0.26014284641297625,-0.05033574002966734,nan,nan,-0.002441940614265584,-4.7423065783094354e-05,6241.0428021685375,True,True,True,Z_mode_existing_controller,False,0.05060201485354432,0.0,0.0,False,False,False,0.2,-0.16520847380161285,0.004300212021917105,25.37595149114937,50.11926963419358,187.20202419424848,211.1772871689171,-0.8260423541069031,0.02150106057524681,-0.05470206237437773,0.0008468806158944894,-0.05470206237437775,0.0008468806158945658,0.26014284641297625,-0.05033574002966734,-0.32560894130464346,-0.03508920441656398,-0.002442484478980664,-4.7933314896120955e-05,6161.785239014955,True,True,True,Z_mode_existing_controller,False,0.05060201485354432,0.0,5.470861755507884,False,False,False
92,-91.97447846303112,-1445.3290388575479,10.69038701962176,6.539492029419161,39.26424626757601,25.052595150193785,0.2,0.0,0.0,25.370963684595957,50.12581757625278,198.5191422469014,212.49572582980352,0.0,0.0,0.0,0.0,8.326672684688674e-17,-1.1796119636642288e-16,0.26014284641297625,-0.05033574002966734,nan,nan,0.00017919225787388663,8.543709281017358e-06,6390.760076592991,True,True,True,Z_mode_existing_controller,False,0.05060201485354432,0.0,0.0,False,False,False,0.2,-0.17569118738174438,-0.007876145653426647,25.333177479270912,50.11724423960087,194.59711298288752,212.0155307650737,-0.8784559369087219,-0.03938072919845581,-0.058306976603347584,-0.00639153194182613,-0.058306976603347695,-0.006391531941826255,0.26014284641297625,-0.05033574002966734,-0.32560894130464346,-0.07659469169122571,0.00017843419879015913,8.21832281787426e-06,6298.78559812996,True,True,True,Z_mode_existing_controller,False,0.05060201485354432,0.0,5.865624605433534,False,False,False
93,-19.120387552564353,-1464.4494264101122,10.31467875146966,4.736588806026602,39.38927547018157,22.08523224399293,0.2,0.0,0.0,25.376675572671566,50.12668573531289,197.38078495168597,212.29626757328967,0.0,0.0,0.0,0.0,-1.3877787807814457e-16,1.1796119636642288e-16,0.26014284641297625,-0.05033574002966734,nan,nan,-0.0004921594433178048,-8.543643148248936e-05,6324.6930812258925,True,True,True,Z_mode_existing_controller,False,0.05060201485354432,0.0,0.0,False,False,False,0.2,-0.16959327459335327,-0.020904794335365295,25.335857784266334,50.117514832619236,196.48710068426482,211.391524847555,-0.8479663729667664,-0.10452397167682648,-0.026700952099779407,-0.010298113612761547,-0.026700952099779386,-0.010298113612761589,0.26014284641297625,-0.05033574002966734,-0.15037357687065533,-0.10093775488321166,-0.000491799727119034,-8.535309007335175e-05,6305.572693673328,True,True,True,Z_mode_existing_controller,False,0.05060201485354432,0.0,2.8618036044006616,False,False,False
94,-26.2005065723215,-1490.6499329824337,13.31765826067303,6.612962273830497,42.7172278895708,25.84852127247189,0.2,0.0,0.0,25.371373148519826,50.125495525776905,198.4379693084954,212.44739663037103,0.0,0.0,0.0,0.0,6.938893903907228e-18,-4.163336342344337e-17,0.26014284641297625,-0.05033574002966734,nan,nan,-0.0021415126068294777,8.707091074759246e-05,6662.423829604196,True,True,True,Z_mode_existing_controller,False,0.05060201485354432,0.0,0.0,False,False,False,0.2,-0.13924749195575714,-0.01560275536030531,25.330005061215804,50.11623219338797,197.29376365880276,211.6983564521739,-0.6962374448776245,-0.07801377773284912,-0.027684100524299544,-0.008455444332275935,-0.02768410052429957,-0.008455444332275852,0.26014284641297625,-0.05033574002966734,-0.19145711100160556,-0.10093775488321166,-0.002137574479675284,8.665785612202442e-05,6636.223323031874,True,True,True,Z_mode_existing_controller,False,0.05060201485354432,0.0,2.8946570793372874,False,False,False
95,-184.53361173725352,-1675.1835447196872,8.955306190222663,4.67772184093062,39.99940772719927,27.103059397437363,0.2,0.0,0.0,25.34220835613934,50.12792281030296,204.15674951428787,213.80216936414305,0.0,0.0,0.0,0.0,5.551115123125783e-17,6.938893903907228e-17,0.055419921875,0.0,nan,nan,0.0009119828477116832,4.7495761998526227e-05,6343.414598145859,False,True,True,Omega_safe_one_step_QP,False,0.33251953125,0.0,0.0,False,False,False,0.2,-0.19058193266391754,-0.06876777857542038,25.300142950144224,50.11851298334937,196.19980680600756,211.2814406385503,-0.9529096484184265,-0.3438388705253601,-0.0944937276392431,-0.02590610088105187,-0.0944937276392431,-0.025906100881051927,0.055419921875,0.0,-0.387939453125,-0.15997759547911836,0.0009173071437591149,4.85384969594895e-05,6158.880986408605,False,True,True,Omega_safe_one_step_QP,False,0.33251953125,0.0,9.798056249082624,False,False,False
96,-126.4399447534197,-1801.623489473107,11.069765868159038,4.27061214312579,37.70031876612203,27.491698074452092,0.2,0.0,0.0,25.363568646468572,50.13044044940389,199.91406165409595,213.03452110835164,0.0,0.0,0.0,0.0,4.163336342344337e-17,-9.020562075079397e-17,0.26014284641297625,-0.05033574002966734,nan,nan,-0.001616229363448117,8.113567264510414e-05,6465.706302682152,True,True,True,Z_mode_existing_controller,False,0.05060201485354432,0.0,0.0,False,False,False,0.2,-0.17637114226818085,-0.008502217940986156,25.315312591547464,50.11987695627999,194.53953038391325,213.46952890938311,-0.8818557262420654,-0.04251109063625336,-0.0823836646074255,0.0014344078295150942,-0.08238366460742551,0.0014344078295152295,0.055419921875,0.0,-0.387939453125,-0.021372759647367054,-0.001617862599770062,8.041349581892462e-05,6339.266357928733,False,True,True,Omega_safe_one_step_QP,False,0.33251953125,0.0,8.239615112352126,False,False,False
97,-137.6259364034213,-1939.2494258765282,11.513274592327928,5.386507185159225,39.11996518633062,24.95467248241811,0.2,0.0,0.0,25.34348933536855,50.1329659568899,203.84057385210045,214.012145360172,0.0,0.0,0.0,0.0,5.551115123125783e-17,-3.122502256758253e-17,0.055419921875,0.0,nan,nan,-0.001333455080771723,1.7753548289876193e-05,6608.670244717714,False,True,True,Omega_safe_one_step_QP,False,0.33251953125,0.0,0.0,False,False,False,0.2,-0.18605202436447144,-0.04312362149357796,25.29105434490119,50.12154458995569,198.07171201570665,212.88319440394002,-0.9302601218223572,-0.2156181037425995,-0.09601312795697224,-0.01573277764984013,-0.09601312795697231,-0.015732777649840136,0.055419921875,0.0,-0.387939453125,-0.10276298760219407,-0.0013364339112492424,1.6672581918147098e-05,6471.044308314293,False,True,True,Omega_safe_one_step_QP,False,0.33251953125,0.0,9.72935816622106,False,False,False
98,-130.1472606812331,-2069.3966865577613,9.897751587065338,5.9028352367658465,38.99101624584554,26.06661512576026,0.2,0.0,0.0,25.330891672736,50.134827172322346,206.29997691946895,214.63822521986373,0.0,0.0,0.0,0.0,1.249000902703301e-16,1.1796119636642288e-16,0.055419921875,0.0,nan,nan,0.000573544458805812,2.673171096542412e-05,6495.18190744437,False,True,True,Omega_safe_one_step_QP,False,0.33251953125,0.0,0.0,False,False,False,0.2,-0.19001571834087372,-0.05321813374757767,25.273955114514738,50.12252464936806,200.69338086459607,213.08328842062326,-0.950078547000885,-0.26609066128730774,-0.10468868898477376,-0.021638522264088772,-0.10468868898477376,-0.021638522264088876,0.055419921875,0.0,-0.387939453125,-0.1241726669930813,0.0005735997503329947,2.68019540967002e-05,6365.034646763137,False,True,True,Omega_safe_one_step_QP,False,0.33251953125,0.0,10.690157738370457,False,False,False
99,-78.87166449443976,-2148.268351052201,10.2795432739276,4.843033990013557,41.960086825752825,29.20726835359452,0.2,0.0,0.0,25.348927610574084,50.137245220154846,202.71378327807312,214.00507592751762,0.0,0.0,0.0,0.0,1.3877787807814457e-17,-3.469446951953614e-18,0.055419921875,0.0,nan,nan,-0.0003263715274991956,0.00013857907004697712,6448.842323774056,False,True,True,Omega_safe_one_step_QP,False,0.33251953125,0.0,0.0,False,False,False,0.2,-0.17712834477424622,-0.04754738137125969,25.287684497509378,50.12412498412125,199.26543851317973,212.93160363552698,-0.8856416940689087,-0.23773691058158875,-0.09298630853465967,-0.018417873219152482,-0.09298630853465956,-0.018417873219152482,0.055419921875,0.0,-0.387939453125,-0.11901300898236235,-0.00032673444876099144,0.00013837413796297319,6369.9706592796165,False,True,True,Omega_safe_one_step_QP,False,0.33251953125,0.0,9.479278257768204,False,False,False
100,-80.4965640491755,-2228.7649151013766,9.456090361565396,3.947832143649853,39.80783505384725,26.04243104314738,0.2,0.0,0.0,25.350491651025173,50.141337462325744,202.35511143182543,214.1575400413193,0.0,0.0,0.0,0.0,8.326672684688674e-17,1.249000902703301e-16,0.055419921875,0.0,nan,nan,2.45253670602295e-06,2.2674459492993547e-05,6353.5243288612355,False,True,True,Omega_safe_one_step_QP,False,0.33251953125,0.0,0.0,False,False,False,0.2,-0.19165657460689545,0.003133984049782157,25.286700714529342,50.12772695486147,198.72602943150207,215.40686643903996,-0.9582828879356384,0.015669919550418854,-0.1011425072693078,0.003781171728471564,-0.10114250726930785,0.003781171728471481,0.055419921875,0.0,-0.387939453125,0.007249848915547691,1.9816589135511833e-06,2.293135978967005e-05,6273.02776481206,False,True,True,Omega_safe_one_step_QP,False,0.33251953125,0.0,10.121316137915152,False,False,False
101,-69.05694279981526,-2297.821857901192,9.055358830185956,5.452939919766958,36.64500101227088,25.80301728706351,0.2,0.0,0.0,25.356679305587853,50.14304567744306,201.11299122630103,213.98424140106587,0.0,0.0,0.0,0.0,-1.1102230246251565e-16,-1.734723475976807e-17,0.055419921875,0.0,nan,nan,0.0011230185767063146,-1.2766197016258769e-06,6281.4607009350175,False,True,True,Omega_safe_one_step_QP,False,0.33251953125,0.0,0.0,False,False,False,0.2,-0.1978611946105957,0.009040437638759613,25.29020290080204,50.12886044413101,197.93205123271815,215.62056799288405,-0.9893059730529785,0.045202188193798065,-0.10326604980229817,0.006615191009307342,-0.10326604980229803,0.00661519100930728,0.055419921875,0.0,-0.387939453125,0.0202574475967118,0.001122067871115219,-9.034646599931687e-07,6212.403758135202,False,True,True,Omega_safe_one_step_QP,False,0.33251953125,0.0,10.347771641208707,False,False,False
102,-29.734252399695833,-2327.5561103008877,10.600039537883646,4.234178452757273,36.49973762018154,25.446295057691394,0.2,0.0,0.0,25.37864310482504,50.144077853920685,196.76874390668306,213.1095078543627,0.0,0.0,0.0,0.0,7.28583859910259e-17,4.163336342344337e-17,0.26014284641297625,-0.05033574002966734,nan,nan,-0.001166079856968671,8.036696431011929e-06,6339.283372799721,True,True,True,Z_mode_existing_controller,False,0.05060201485354432,0.0,0.0,False,False,False,0.2,-0.1902490109205246,0.013423748314380646,25.30984791732582,50.12938217354957,195.2852753917166,215.17045300444906,-0.9512450098991394,0.06711874157190323,-0.09214120791926883,0.009948836473173378,-0.09214120791926883,0.009948836473173446,0.055419921875,0.0,-0.387939453125,0.03128292038956949,-0.001164355389061321,7.915709037420432e-06,6309.5491204000255,False,True,True,Omega_safe_one_step_QP,False,0.33251953125,0.0,9.26767583809009,False,False,False
103,-39.02103295433426,-2366.577143255222,10.24529295538003,4.819176472082246,38.61400671294459,21.839995913305405,0.2,0.0,0.0,25.362674420220145,50.144619385359135,199.90817865706225,213.8049675200721,0.0,0.0,0.0,0.0,2.0816681711721685e-17,1.3183898417423734e-16,0.26014284641297625,-0.05033574002966734,nan,nan,-0.0003921467267746562,-9.689680528284102e-05,6377.943086791291,True,True,True,Z_mode_existing_controller,False,0.05060201485354432,0.0,0.0,False,False,False,0.2,-0.1909009963274002,0.006181667093187571,25.29298470369244,50.129663433189364,198.03561412780752,215.44952823550156,-0.9545049667358398,0.030908335000276566,-0.09902070342598034,0.005338889826907087,-0.0990207034259804,0.005338889826907089,0.055419921875,0.0,-0.387939453125,0.01435665665250555,-0.0003919097774840166,-9.711400928757091e-05,6338.922053836956,False,True,True,Omega_safe_one_step_QP,False,0.33251953125,0.0,9.916452718366504,False,False,False
104,-30.44662840138244,-2397.0237716566044,9.921004497134973,7.6501661268043915,39.521311399670104,21.693424687534595,0.2,0.0,0.0,25.360909687139404,50.143548456969164,200.2664428451102,213.81370240297275,0.0,0.0,0.0,0.0,-6.938893903907228e-17,8.673617379884035e-17,0.26014284641297625,-0.05033574002966734,nan,nan,0.0015275880427182641,-0.00010268850678390768,6351.215733587778,True,True,True,Z_mode_existing_controller,False,0.05060201485354432,0.0,0.0,False,False,False,0.2,-0.1884189248085022,-0.001089522265829146,25.2899918949462,50.128280637013745,198.74959967943627,215.17582224461273,-0.942094624042511,-0.005447611212730408,-0.09909195787942922,0.001960524417103199,-0.09909195787942918,0.0019605244171031194,0.055419921875,0.0,-0.387939453125,-0.0025637016627578003,0.0015268435878227687,-0.00010281979878722916,6320.769105186396,False,True,True,Omega_safe_one_step_QP,False,0.33251953125,0.0,9.911135037102763,False,False,False
105,30.7621363416265,-2366.261635314978,8.617421357571084,6.975799439261906,36.49569326776926,26.383883381120576,0.2,0.0,0.0,25.388240499018423,50.14242022706582,194.88954597909293,212.5942016393779,0.0,0.0,0.0,0.0,1.2327378701160185e-16,1.1796119636642288e-16,0.26014284641297625,-0.05033574002966734,nan,nan,0.002302375126148176,1.0875819131319557e-05,6087.913533218715,True,True,True,Z_mode_existing_controller,False,0.05060201485354432,0.0,0.0,False,False,False,0.2,-0.16046349704265594,0.007570531219244003,25.316373126512552,50.12690778842053,195.9616285092534,214.5391227802196,-0.8023174405097961,0.037852656096220016,-0.07625102334054111,0.00731900105792762,-0.07625102334054112,0.007319001057927699,0.055419921875,0.0,-0.387939453125,0.020917317967274272,0.0022956534360811355,1.0638421849359673e-05,6118.675669560342,False,True,True,Omega_safe_one_step_QP,False,0.33251953125,0.0,7.660147738109026,False,False,False
106,226.05062908388845,-2140.2110062310894,11.498954562863489,5.728115486100534,38.554214615282866,25.60790818127246,0.2,0.0,0.0,25.422749448354633,50.14273155593231,188.0806216890072,211.15161424658973,0.0,0.0,0.0,0.0,1.249000902703301e-16,1.0408340855860843e-16,0.055419921875,0.0,nan,nan,-0.0011445951076624501,3.160509149127634e-05,6216.717817505773,False,True,True,Omega_safe_one_step_QP,False,0.33251953125,0.0,0.0,False,False,False,0.2,0.014933726750314236,-0.010169168002903461,25.351943356023053,50.127369458547946,197.1341118191439,212.2816600483608,0.07466863095760345,-0.05084583908319473,0.004548116515289191,-0.0006657157169743799,0.004548116515289295,-0.0006657157169743869,0.26014284641297625,-0.05033574002966734,0.31074486126652057,-0.08479334052917298,-0.0011266303654565426,3.3423633060016526e-05,6442.768446589662,True,True,True,Z_mode_existing_controller,False,0.05060201485354432,0.0,0.4596579299052047,False,False,False
107,35.75101119480132,-2104.459995036288,9.661500671782626,5.318369564394718,38.441932566444656,27.840256031831483,0.2,0.0,0.0,25.39992152279511,50.142399745257116,192.58250964206158,212.08786913303507,0.0,0.0,0.0,0.0,-4.163336342344337e-17,-6.245004513516506e-17,0.26014284641297625,-0.05033574002966734,nan,nan,0.0004839101449928188,7.516632606425035e-05,6140.339178291314,True,True,True,Z_mode_existing_controller,False,0.05060201485354432,0.0,0.0,False,False,False,0.2,-0.17698191106319427,-0.012574073858559132,25.337006138467217,50.128525466153235,193.9157315515702,212.14943925192017,-0.8849095106124878,-0.06287036836147308,-0.058689179036834016,-0.009156414429819577,-0.05868917903683413,-0.009156414429819702,0.26014284641297625,-0.05033574002966734,-0.32560894130464346,-0.09195177975541369,0.0004825830460143815,7.509604327167276e-05,6176.090189486115,True,True,True,Z_mode_existing_controller,False,0.05060201485354432,0.0,5.939915539153886,False,False,False
108,22.759299046272645,-2081.7006959900154,12.372495854899151,4.544953857297386,45.548952412450845,22.034458861124826,0.2,0.0,0.0,25.405245561876416,50.143639121527244,191.51609184447867,211.92515916135977,0.0,0.0,0.0,0.0,6.938893903907228e-18,5.551115123125783e-17,0.26014284641297625,-0.05033574002966734,nan,nan,-0.0026041299499880957,-3.0998890477411606e-05,6389.577595192174,True,True,True,Z_mode_existing_controller,False,0.05060201485354432,0.0,0.0,False,False,False,0.2,-0.16372232139110565,-0.01220782846212387,25.343648088608784,50.13000922887531,192.26507349172857,211.84848990335232,-0.8186116218566895,-0.061039142310619354,-0.054425852322006966,-0.008807693148666702,-0.05442585232200693,-0.008807693148666737,0.26014284641297625,-0.05033574002966734,-0.32560894130464346,-0.09401186974173706,-0.0025945945932326644,-3.067583067987471e-05,6412.336894238447,True,True,True,Z_mode_existing_controller,False,0.05060201485354432,0.0,5.513391750617736,False,False,False
109,-87.99397920943647,-2169.694675199452,9.766806453783794,7.385078005310152,37.1102039712101,23.530635039456975,0.2,0.0,0.0,25.363363363102696,50.1425866495263,199.7827555387829,213.6240824602375,0.0,0.0,0.0,0.0,1.3877787807814457e-17,-8.326672684688674e-17,0.26014284641297625,-0.05033574002966734,nan,nan,0.001460416446104706,-5.84551358981661e-05,6323.900775501377,True,True,True,Z_mode_existing_controller,False,0.05060201485354432,0.0,0.0,False,False,False,0.2,-0.1883300393819809,-0.0011845722328871489,25.30276835837522,50.12911903264324,195.8688237016165,214.60134519882743,-0.9416501522064209,-0.005922860931605101,-0.09235016281688804,0.003240131723474638,-0.09235016281688807,0.0032401317234747665,0.055419921875,0.0,-0.387939453125,-0.002788674640214885,0.0014605675229664153,-5.8402629679818284e-05,6235.906796291941,False,True,True,Omega_safe_one_step_QP,False,0.33251953125,0.0,9.240698580676256,False,False,False
110,29.17536270409437,-2140.5193124953576,10.207718991363805,5.176504055828184,39.913773887269976,29.449908815715823,0.2,0.0,0.0,25.389289605819986,50.14227134786644,194.67314394771938,212.50842343544778,0.0,0.0,0.0,0.0,5.876375774871434e-17,-1.0408340855860843e-16,0.26014284641297625,-0.05033574002966734,nan,nan,-0.00011812956759040682,0.00013647841901324976,6246.466870724596,True,True,True,Z_mode_existing_controller,False,0.05060201485354432,0.0,0.0,False,False,False,0.2,-0.19270078837871552,-0.019066542387008667,25.32577644866585,50.12818597049198,195.72677036514557,212.10446055771482,-0.9635039567947388,-0.09533271193504333,-0.049849168527465515,-0.011701257710549015,-0.04984916852746545,-0.011701257710549029,0.26014284641297625,-0.05033574002966734,-0.2512790966905366,-0.10093775488321166,-0.0001173391308380246,0.0001364838831368353,6275.642233428691,True,True,True,Z_mode_existing_controller,False,0.05060201485354432,0.0,5.120409197406336,False,False,False
111,50.74308466892944,-2089.776227826428,10.203038295311055,3.9005933512026276,44.45231223468873,23.65818271474214,0.2,0.0,0.0,25.387312641730727,50.14506241427596,195.02774666620635,212.73844694163418,0.0,0.0,0.0,0.0,4.0115480381963664e-17,3.469446951953614e-17,0.26014284641297625,-0.05033574002966734,nan,nan,-0.0007163335167835466,-2.0198720590075374e-05,6254.2939250643385,True,True,True,Z_mode_existing_controller,False,0.05060201485354432,0.0,0.0,False,False,False,0.2,-0.1823699027299881,-0.021426551043987274,25.324925428738528,50.131191991956996,196.99098043953856,212.257093112147,-0.9118494987487793,-0.10713275521993637,-0.032572647794086175,-0.011073941359790784,-0.032572647794086265,-0.011073941359790701,0.26014284641297625,-0.05033574002966734,-0.17055103931026683,-0.10093775488321166,-0.0007158972512851898,-2.010246141239693e-05,6305.037009733268,True,True,True,Z_mode_existing_controller,False,0.05060201485354432,0.0,3.4403627156997083,False,False,False
112,-67.00592276224506,-2156.782150588673,10.085189647941622,6.505040054730754,37.547740940676924,23.005262705679144,0.2,0.0,0.0,25.376647658787594,50.14476805767486,197.1313791073477,213.16463697245905,0.0,0.0,0.0,0.0,2.7755575615628914e-17,1.249000902703301e-16,0.26014284641297625,-0.05033574002966734,nan,nan,0.0006904568997569647,-6.823423865419051e-05,6293.427844227505,True,True,True,Z_mode_existing_controller,False,0.05060201485354432,0.0,0.0,False,False,False,0.2,-0.16509579122066498,-0.005571606103330851,25.316113149347505,50.13126117209979,194.1263871616876,213.85672138561605,-0.8254789113998413,-0.027858030050992966,-0.0752584836665535,0.0018265356242236387,-0.07525848366655345,0.001826535624223545,0.055419921875,0.0,-0.387939453125,-0.01496236688685347,0.0006907947095171367,-6.83232646459201e-05,6226.42192146526,False,True,True,Omega_safe_one_step_QP,False,0.33251953125,0.0,7.528064556162787,False,False,False
113,-28.243468928399125,-2185.0256195170723,11.471416391517288,5.839110043226781,41.42674790156143,26.30918003017684,0.2,0.0,0.0,25.388825289612296,50.14384051862863,194.7393155694595,212.59421089976112,0.0,0.0,0.0,0.0,-6.006480035569695e-17,-2.0816681711721685e-17,0.26014284641297625,-0.05033574002966734,nan,nan,-0.0009503972944898367,6.608344425751205e-05,6377.7281180868995,True,True,True,Z_mode_existing_controller,False,0.05060201485354432,0.0,0.0,False,False,False,0.2,-0.1926657259464264,-0.015248879790306091,25.32611138419427,50.12986622963736,193.41341005962758,212.10831197857632,-0.9633285999298096,-0.07624439895153046,-0.06432465335371645,-0.01088191330665244,-0.06432465335371654,-0.010881913306652426,0.26014284641297625,-0.05033574002966734,-0.32560894130464346,-0.09669613212320746,-0.0009469067715206685,6.587734078369122e-05,6349.4846491585,True,True,True,Z_mode_existing_controller,False,0.05060201485354432,0.0,6.523861637319803,False,False,False
114,-83.43269670100472,-2268.458316218077,8.096344911531569,3.696970968982928,40.95757995694718,21.524565512108275,0.2,0.0,0.0,25.374414501675023,50.14523050057679,197.56155411714184,213.27073360461208,0.0,0.0,0.0,0.0,-1.734723475976807e-17,1.3183898417423734e-16,0.26014284641297625,-0.05033574002966734,nan,nan,0.0014048979884842194,-0.0001287909706853182,6097.04132089334,True,True,True,Z_mode_existing_controller,False,0.05060201485354432,0.0,0.0,False,False,False,0.2,-0.18068256974220276,0.003684021532535553,25.310937045494683,50.1310891711956,193.726612804181,214.3761349402653,-0.9034128189086914,0.018420107662677765,-0.08304895572754256,0.006184722890798199,-0.08304895572754266,0.006184722890798286,0.055419921875,0.0,-0.387939453125,0.009039861932902307,0.0014047282217388131,-0.0001280173771151697,6013.608624192335,False,True,True,Omega_safe_one_step_QP,False,0.33251953125,0.0,8.327892797503653,False,False,False
115,-19.81263051282258,-2288.2709467308996,10.810076479837711,5.193161038770204,37.290239744222916,18.28314062492687,0.2,0.0,0.0,25.397663239911672,50.14315779521816,193.0004178004722,212.1711879318238,0.0,0.0,0.0,0.0,-2.7755575615628914e-17,-1.1102230246251565e-16,0.26014284641297625,-0.05033574002966734,nan,nan,-0.0008005607428210179,-0.00020188688506375067,6268.733943651521,True,True,True,Z_mode_existing_controller,False,0.05060201485354432,0.0,0.0,False,False,False,0.2,-0.18604950606822968,0.0013066272949799895,25.331338739595996,50.12842371020664,191.97749880627646,212.6627015185728,-0.9302475452423096,0.0065331365913152695,-0.06224348797174694,-0.0011175366261889502,-0.06224348797174696,-0.0011175366261889225,0.26014284641297625,-0.05033574002966734,-0.32560894130464346,-0.046222000143497005,-0.00079772581344626,-0.0002020772646332674,6248.921313138699,True,True,True,Z_mode_existing_controller,False,0.05060201485354432,0.0,6.225351944267784,False,False,False
116,116.67662987888161,-2171.594316852018,10.590487825866258,6.170980065597062,37.47194147284055,24.6160000583655,0.2,0.0,0.0,25.384063920009712,50.13892050065392,195.728880189704,212.50413549834357,0.0,0.0,0.0,0.0,4.163336342344337e-17,-1.1102230246251565e-16,0.26014284641297625,-0.05033574002966734,nan,nan,7.326526796811567e-06,-1.338237393814297e-05,6312.154357652833,True,True,True,Z_mode_existing_controller,False,0.05060201485354432,0.0,0.0,False,False,False,0.2,-0.06927323341369629,0.014814446680247784,25.31722613574579,50.12404214921737,200.38190277011006,213.272197500708,-0.34636616706848145,0.07407223433256149,0.0009535548558905413,0.002804292176403711,0.0009535548558905066,0.002804292176403579,0.26014284641297625,-0.05033574002966734,0.023524816606528415,0.00026627482387697743,1.1247757566745266e-05,-1.3033357059874762e-05,6428.8309875317145,True,True,True,Z_mode_existing_controller,False,0.05060201485354432,0.0,0.29619793169145897,False,False,False
117,119.1764943468961,-2052.417822505122,11.64493234350908,6.367816212942909,38.943146558445875,24.985278035263043,0.2,0.0,0.0,25.384852139313328,50.13888788148807,195.5715391749865,212.46247746451783,0.0,0.0,0.0,0.0,9.974659986866641e-17,-1.1102230246251565e-16,0.26014284641297625,-0.05033574002966734,nan,nan,-0.0008525877093311156,1.7978144074659846e-05,6416.903303952109,True,True,True,Z_mode_existing_controller,False,0.05060201485354432,0.0,0.0,False,False,False,0.2,-0.010867288336157799,0.03257470577955246,25.32211589942868,50.12477423119778,200.261570176368,212.98529871502268,-0.054336439818143845,0.1628735214471817,0.007612845180655858,0.0013186766094881106,0.0076128451806558445,0.0013186766094879857,0.26014284641297625,-0.05033574002966734,0.24326144494996782,0.00026627482387697743,-0.0008408955223823495,1.9036697662479598e-05,6536.079798299005,True,True,True,Z_mode_existing_controller,False,0.05060201485354432,0.0,0.7726209921109232,False,False,False
118,-19.35715434908525,-2071.774976854207,9.133034429675735,6.919130041584493,39.10239561696647,24.35210707199044,0.2,0.0,0.0,25.372611650353228,50.13945830815827,197.97554423937947,213.0025599308455,0.0,0.0,0.0,0.0,5.204170427930421e-17,5.551115123125783e-17,0.26014284641297625,-0.05033574002966734,nan,nan,0.0018480358684566118,-3.512145455402858e-05,6214.215346733343,True,True,True,Z_mode_existing_controller,False,0.05060201485354432,0.0,0.0,False,False,False,0.2,-0.13044284284114838,0.0017817238112911582,25.314107088997314,50.12613430576342,196.97469604468898,213.28104224876952,-0.6522141695022583,0.008908619172871113,-0.043680384571066364,-0.00027648617476643683,-0.04368038457106625,-0.00027648617476630846,0.26014284641297625,-0.05033574002966734,-0.32560894130464346,-0.042334933814842754,0.0018457640820980846,-3.504849220920735e-05,6194.858192384258,True,True,True,Z_mode_existing_controller,False,0.05060201485354432,0.0,4.368125960730844,False,False,False
119,91.44879185764239,-1980.3261849965647,12.159142349875802,5.344234347678024,40.93281621126815,23.84492648952647,0.2,0.0,0.0,25.40286713641975,50.139338700195964,192.01010669873307,211.71538379946554,0.0,0.0,0.0,0.0,1.0755285551056204e-16,1.249000902703301e-16,0.26014284641297625,-0.05033574002966734,nan,nan,-0.0019839046544703563,-1.0381191885768404e-06,6381.08439108727,True,True,True,Z_mode_existing_controller,False,0.05060201485354432,0.0,0.0,False,False,False,0.2,-0.012194870971143246,-0.02350442297756672,25.343759460006726,50.125881258792084,195.55378220385276,211.81565095337777,-0.060974352061748505,-0.11752211302518845,0.005267821553711707,-0.001427245383437338,0.0052678215537118435,-0.0014272453834371993,0.26014284641297625,-0.05033574002966734,0.23388884976699134,-0.10093775488321166,-0.0019703339864681735,3.7667435611620686e-08,6472.533182944912,True,True,True,Z_mode_existing_controller,False,0.05060201485354432,0.0,0.5457744342335459,False,False,False
120,-61.554999187368594,-2041.8811841839333,10.74510986009497,5.394070435714827,30.910144345824406,22.18731917632141,0.2,0.0,0.0,25.37071009332594,50.13897508624329,198.35138984640258,213.04270976609385,0.0,0.0,0.0,0.0,1.1796119636642288e-16,1.0408340855860843e-16,0.26014284641297625,-0.05033574002966734,nan,nan,-0.0007846215417339427,-0.00011081702773332294,6394.161204002214,True,True,True,Z_mode_existing_controller,False,0.05060201485354432,0.0,0.0,False,False,False,0.2,-0.15855644643306732,-0.008729842491447926,25.314919513347157,50.126134874529306,195.64541282440908,212.55239049311692,-0.792782187461853,-0.04364921152591705,-0.05313328513143361,-0.006718175914464178,-0.053133285131433575,-0.006718175914464074,0.26014284641297625,-0.05033574002966734,-0.32560894130464346,-0.08258621587529921,-0.0007835175608639135,-0.00011100773686851567,6332.606204814845,True,True,True,Z_mode_existing_controller,False,0.05060201485354432,0.0,5.355632433686887,False,False,False
121,-81.47336914172047,-2123.354553325654,9.713393877574738,5.045649639883068,41.397518055123356,25.273649835597862,0.2,0.0,0.0,25.361788081853092,50.137401510003244,200.12640426182833,213.3251832498722,0.0,0.0,0.0,0.0,-6.245004513516506e-17,-6.245004513516506e-17,0.26014284641297625,-0.05033574002966734,nan,nan,0.0003546413439387678,9.214887989861449e-06,6326.712256769491,True,True,True,Z_mode_existing_controller,False,0.05060201485354432,0.0,0.0,False,False,False,0.2,-0.12955473363399506,0.0033252716530114412,25.30405342005477,50.12417100129176,196.4998516975352,213.973828236786,-0.6477736234664917,0.016626358032226562,-0.06017842890848482,0.005121183004389317,-0.060178428908484856,0.0051211830043893965,0.055419921875,0.0,-0.387939453125,0.011379671899518436,0.00035449896732594067,9.329496633054581e-06,6245.238887627771,False,True,True,Omega_safe_one_step_QP,False,0.33251953125,0.0,6.0395942092644175,False,False,False
122,-35.59659793303581,-2158.9511512586896,11.600541634498594,5.810075803226887,41.64526866682862,25.776262721570475,0.2,0.0,0.0,25.37142777770815,50.138508340842954,198.21066476582268,212.97348515093512,0.0,0.0,0.0,0.0,0.0,-6.938893903907228e-17,0.26014284641297625,-0.05033574002966734,nan,nan,-0.001083702841195673,5.362955501910275e-05,6477.273755106439,True,True,True,Z_mode_existing_controller,False,0.05060201485354432,0.0,0.0,False,False,False,0.2,-0.14152760803699493,0.0019703886937350035,25.310992774178807,50.1247153218664,196.5735138843508,213.1973340496094,-0.7076380252838135,0.009851943701505661,-0.04749262809338351,-0.000278157668815629,-0.04749262809338363,-0.00027815766881569837,0.26014284641297625,-0.05033574002966734,-0.32560894130464346,-0.042180732566019896,-0.0010809375557170797,5.3330081870222406e-05,6441.677157173403,True,True,True,Z_mode_existing_controller,False,0.05060201485354432,0.0,4.749344265164598,False,False,False
123,-134.35716094720829,-2293.308312205898,12.319012521443977,4.32246271134626,40.7998275961725,25.487482495075202,0.2,0.0,0.0,25.357904623370015,50.140203397583946,200.8542669140225,213.62941702351253,0.0,0.0,0.0,0.0,-9.020562075079397e-17,-1.1102230246251565e-16,0.055419921875,0.0,nan,nan,-0.00282541341446646,5.274806337322445e-05,6619.464796538316,False,True,True,Omega_safe_one_step_QP,False,0.33251953125,0.0,0.0,False,False,False,0.2,-0.1766919195652008,-0.02837214432656765,25.2964348466689,50.12617061669963,195.25049719288776,212.99854185326726,-0.8834595680236816,-0.1418607234954834,-0.08409147884076966,-0.008243448514583786,-0.0840914788407698,-0.008243448514583689,0.055419921875,0.0,-0.387939453125,-0.07119202851489227,-0.0028284635264555586,5.111153415980103e-05,6485.107635591107,False,True,True,Omega_safe_one_step_QP,False,0.33251953125,0.0,8.449456347623933,False,False,False
124,-169.73305099455047,-2463.0413632004484,10.914772078745154,5.232239082907792,38.50856222314066,24.538587197777655,0.2,0.0,0.0,25.32043725920777,50.14228711334486,208.2135942746277,215.31490554633294,0.0,0.0,0.0,0.0,1.1102230246251565e-16,-1.3183898417423734e-16,0.055419921875,0.0,nan,nan,-0.000837533534059342,-5.675327058237822e-06,6651.612885032247,False,True,True,Omega_safe_one_step_QP,False,0.33251953125,0.0,0.0,False,False,False,0.2,-0.19699232280254364,-0.0543358288705349,25.254637597586637,50.1273797896844,201.03898902864464,213.38540974072615,-0.9849616289138794,-0.2716791331768036,-0.1103232110600895,-0.02290734123835449,-0.1103232110600895,-0.02290734123835442,0.055419921875,0.0,-0.387939453125,-0.12229054810574701,-0.0008397465256068867,-6.4507668817492055e-06,6481.879834037696,False,True,True,Omega_safe_one_step_QP,False,0.33251953125,0.0,11.26763381603229,False,False,False
125,-146.73791832100778,-2609.779281521456,11.842517203710567,3.061096785549088,38.98501432272898,25.801070945926316,0.2,0.0,0.0,25.318868609874638,50.14433979428268,208.4962943107118,215.4871516549764,0.0,0.0,0.0,0.0,5.551115123125783e-17,-1.0755285551056204e-16,0.055419921875,0.0,nan,nan,-0.003186877649996719,4.888331865813677e-05,6760.071112330075,False,True,True,Omega_safe_one_step_QP,False,0.33251953125,0.0,0.0,False,False,False,0.2,-0.19560228288173676,-0.09076890349388123,25.247497029543,50.128363807287855,202.3865272134327,212.07573374236551,-0.978011429309845,-0.45384451746940613,-0.11263219337318262,-0.03981382428462812,-0.11263219337318267,-0.03981382428462813,0.055419921875,0.0,-0.387939453125,-0.20574015665662754,-0.003189502186501842,4.748072379388697e-05,6613.3331940090675,False,True,True,Omega_safe_one_step_QP,False,0.33251953125,0.0,11.946192526584056,False,False,False
126,-161.56148214044424,-2771.3407636619004,11.616884556783758,4.419545377946122,36.527169031721364,25.942449946986795,0.2,0.0,0.0,25.28228756278096,50.14752248599799,215.66795327976885,217.19574965299046,0.0,0.0,0.0,0.0,5.551115123125783e-17,-1.0408340855860843e-16,0.055419921875,0.0,nan,nan,-0.002119221722210388,4.034763915932468e-05,6913.050167671736,False,True,True,Omega_safe_one_step_QP,False,0.33251953125,0.0,0.0,False,False,False,0.2,-0.19825446605682373,-0.05204937607049942,25.206222475707506,50.13068037821395,208.87882102249156,215.30894094494494,-0.9912723302841187,-0.2602468729019165,-0.13059107001600426,-0.026389976094224617,-0.13059107001600426,-0.02638997609422452,0.055419921875,0.0,-0.387939453125,-0.11639878436404234,-0.0021225562032032765,3.891129150081088e-05,6751.488685531292,False,True,True,Omega_safe_one_step_QP,False,0.33251953125,0.0,13.323084630136785,False,False,False
127,-153.64503738029362,-2924.985801042194,12.695163243873402,7.644161359164309,36.94169058213825,23.752351555635833,0.2,0.0,0.0,25.267643397215064,50.15163995954574,218.5040239426116,218.0320811277959,0.0,0.0,0.0,0.0,-1.1102230246251565e-16,-6.938893903907228e-18,0.055419921875,0.0,nan,nan,-0.0009648176806877993,-6.4497957318720555e-06,7102.923544067472,False,True,True,Omega_safe_one_step_QP,False,0.33251953125,0.0,0.0,False,False,False,0.2,-0.19784553349018097,-0.07809782028198242,25.18634280561139,50.13378163730066,212.16059329188042,214.98295455088535,-0.9892276525497437,-0.3904891014099121,-0.13834951863478445,-0.039974688828492144,-0.1383495186347844,-0.0399746888284921,0.055419921875,0.0,-0.387939453125,-0.17501229458283676,-0.0009690355870919203,-8.5114419714732e-06,6949.278506687178,False,True,True,Omega_safe_one_step_QP,False,0.33251953125,0.0,14.400890616004038,False,False,False
128,-125.95358015385409,-3050.939381196048,13.685949753825986,5.827212180631177,34.08675760990182,27.113573157447632,0.2,0.0,0.0,25.27264874020869,50.15525147998272,217.47238503995632,218.01324008968888,0.0,0.0,0.0,0.0,-5.551115123125783e-17,-5.898059818321144e-17,0.055419921875,0.0,nan,nan,-0.0033078143016844735,9.584520572126858e-05,7189.50432319677,False,True,True,Omega_safe_one_step_QP,False,0.33251953125,0.0,0.0,False,False,False,0.2,-0.19713352620601654,-0.07406028360128403,25.18648131060678,50.13647144976394,212.300784224807,215.2974517418898,-0.9856675863265991,-0.37030139565467834,-0.13807359546498915,-0.03849330753470642,-0.13807359546498912,-0.03849330753470638,0.055419921875,0.0,-0.387939453125,-0.16656385994675066,-0.0033083322880485197,9.332655713595696e-05,7063.550743042916,False,True,True,Omega_safe_one_step_QP,False,0.33251953125,0.0,14.333894268338565,False,False,False
129,-129.18468627023412,-3180.124067466282,9.713969887216388,4.257158421506638,42.18287148242916,25.18583426438716,0.2,0.0,0.0,25.241645227845527,50.16073970851397,223.5173592387347,219.61376379821488,0.0,0.0,0.0,0.0,0.0,9.020562075079397e-17,0.055419921875,0.0,nan,nan,-6.7326123344532e-05,8.665251275052997e-06,6887.699901989619,False,True,True,Omega_safe_one_step_QP,False,0.33251953125,0.0,0.0,False,False,False,0.2,-0.19746236503124237,-0.07866465300321579,25.15163490066648,50.141208878390835,217.88098523185155,216.49792775996892,-0.9873117804527283,-0.39332324266433716,-0.15209053028488972,-0.04400247817424563,-0.15209053028488967,-0.044002478174245574,0.055419921875,0.0,-0.387939453125,-0.1766246007667307,-7.055161177597566e-05,8.794064687789316e-06,6758.515215719385,False,True,True,Omega_safe_one_step_QP,False,0.33251953125,0.0,15.832797443223328,False,False,False
130,-83.67801948003489,-3263.802086946317,9.091097208011005,6.347619813529403,43.89670782845699,24.952889899187078,0.2,0.0,0.0,25.264232398386135,50.16540903436302,219.00722448101877,218.91279409107122,0.0,0.0,0.0,0.0,5.551115123125783e-17,1.1449174941446927e-16,0.055419921875,0.0,nan,nan,0.0016827543906331446,-3.693754124933432e-06,6707.859365446952,False,True,True,Omega_safe_one_step_QP,False,0.33251953125,0.0,0.0,False,False,False,0.2,-0.1951206922531128,-0.08448279649019241,25.169977638209808,50.14511962200854,215.24640540315812,215.82081160493192,-0.975603461265564,-0.42241397500038147,-0.14346286872218034,-0.045431405214127835,-0.14346286872218048,-0.045431405214127946,0.055419921875,0.0,-0.387939453125,-0.1919644678256637,0.001677269734416384,-3.3154940870651437e-06,6624.181345966917,False,True,True,Omega_safe_one_step_QP,False,0.33251953125,0.0,15.048457489632588,False,False,False
131,-24.122614530972896,-3287.92470147729,9.51705186792642,5.475553817302781,42.57779257522902,25.8270800507373,0.2,0.0,0.0,25.30932678394952,50.16911924166528,210.07135098248196,217.21140966235558,0.0,0.0,0.0,0.0,8.326672684688674e-17,5.0306980803327406e-17,0.055419921875,0.0,nan,nan,0.000804086897288996,2.651494993055354e-05,6542.198304338165,False,True,True,Omega_safe_one_step_QP,False,0.33251953125,0.0,0.0,False,False,False,0.2,-0.19150196015834808,-0.10052474588155746,25.212329363646173,50.148377033168366,208.8617262839461,213.84560820094396,-0.9575097560882568,-0.5026237368583679,-0.12504913764935713,-0.04936695839592361,-0.12504913764935727,-0.04936695839592353,0.055419921875,0.0,-0.387939453125,-0.23273176143590651,0.0007989704546399086,2.6524821127894187e-05,6518.075689807192,False,True,True,Omega_safe_one_step_QP,False,0.33251953125,0.0,13.444100344802832,False,False,False
132,8.087880641622178,-3279.836820835668,9.546596430966895,4.500353590303222,37.94764965202837,23.933510472261442,0.2,0.0,0.0,25.333839627155704,50.17203701594565,205.20219201039575,216.33305384812408,0.0,0.0,0.0,0.0,-6.938893903907228e-17,1.2988742026376343e-16,0.055419921875,0.0,nan,nan,0.00014935728673157352,-4.651083512654825e-05,6430.017473826417,False,True,True,Omega_safe_one_step_QP,False,0.33251953125,0.0,0.0,False,False,False,0.2,-0.18881617486476898,-0.07567542046308517,25.236181760102784,50.151250932702276,205.32360386119873,214.28532682167284,-0.9440808296203613,-0.3783770799636841,-0.11465156570259763,-0.03672590518119324,-0.1146515657025977,-0.036725905181193355,0.055419921875,0.0,-0.387939453125,-0.17769350079994642,0.00014481063629043223,-4.6462558341929484e-05,6438.105354468039,False,True,True,Omega_safe_one_step_QP,False,0.33251953125,0.0,12.039008941534641,False,False,False
133,19.11422905033851,-3260.7225917853293,10.652827762290741,5.253028846239676,38.90026715138808,25.342156898303546,0.2,0.0,0.0,25.344495792230695,50.172731060594096,203.090864407956,215.91587389349343,0.0,0.0,0.0,0.0,9.71445146547012e-17,-1.3314002678121994e-16,0.055419921875,0.0,nan,nan,-0.0005521725285121946,1.5690734564294435e-05,6496.521249097235,False,True,True,Omega_safe_one_step_QP,False,0.33251953125,0.0,0.0,False,False,False,0.2,-0.18911907076835632,-0.06463760882616043,25.247266331476485,50.15207698277118,203.65105088953953,214.44987416520456,-0.9455953240394592,-0.32318803668022156,-0.11097754364441531,-0.031080890953632756,-0.11097754364441528,-0.03108089095363271,0.055419921875,0.0,-0.387939453125,-0.1515325225226097,-0.0005501842972716695,1.577789361896509e-05,6515.635478147574,False,True,True,Omega_safe_one_step_QP,False,0.33251953125,0.0,11.524772004608035,False,False,False
134,15.369525282912036,-3245.3530665024173,9.881752658885796,5.151469866563847,43.6145396148717,29.05385625900934,0.2,0.0,0.0,25.342880783687065,50.174339754875476,203.38788021653704,216.06567154986422,0.0,0.0,0.0,0.0,9.71445146547012e-17,9.974659986866641e-17,0.055419921875,0.0,nan,nan,0.0002948065146274586,0.00013403525267615887,6420.446697795857,False,True,True,Omega_safe_one_step_QP,False,0.33251953125,0.0,0.0,False,False,False,0.2,-0.19046850502490997,-0.05670417100191116,25.246531216644534,50.153871629109375,203.79499371120843,214.92165434578166,-0.9523425102233887,-0.2835208475589752,-0.11229439346936226,-0.027867327353219208,-0.11229439346936215,-0.027867327353219166,0.055419921875,0.0,-0.387939453125,-0.13199203622673752,0.0002918702501064716,0.00013391326088346028,6435.816223078769,False,True,True,Omega_safe_one_step_QP,False,0.33251953125,0.0,11.570055634465799,False,False,False
135,21.30882567164008,-3224.044240830777,9.785164417814121,5.438377274663603,40.01379000767542,28.925369663773626,0.2,0.0,0.0,25.35421138268217,50.17835753110665,201.10448058509488,215.8028486854604,0.0,0.0,0.0,0.0,-1.1102230246251565e-16,-4.2500725161431774e-17,0.055419921875,0.0,nan,nan,0.0004589809083859304,0.00011526308399324812,6355.680710646785,False,True,True,Omega_safe_one_step_QP,False,0.33251953125,0.0,0.0,False,False,False,0.2,-0.19481943547725677,-0.010969769209623337,25.2585403144517,50.15803709297706,201.71257336911134,216.7366820254827,-0.9740971922874451,-0.054848846048116684,-0.11044166084729515,-0.007153395450237282,-0.11044166084729527,-0.007153395450237148,0.055419921875,0.0,-0.387939453125,-0.02496439848908513,0.0004562608259830597,0.00011532869208615145,6376.989536318425,False,True,True,Omega_safe_one_step_QP,False,0.33251953125,0.0,11.067308397788729,False,False,False
136,76.1616982552332,-3147.882542575544,11.173752184679946,5.559209799346087,39.501716772269624,25.376455235382334,0.2,0.0,0.0,25.366104197105606,50.18163529533509,198.71894944130062,215.47566606619452,0.0,0.0,0.0,0.0,2.0816681711721685e-17,1.9081958235744878e-17,0.26014284641297625,-0.05033574002966734,nan,nan,-0.0008799670595632863,2.6161260450691635e-05,6443.622906764513,True,True,True,Z_mode_existing_controller,False,0.05060201485354432,0.0,0.0,False,False,False,0.2,-0.16299794614315033,0.05037462338805199,25.271274937094038,50.161438783144504,201.50373881934888,219.21810155098362,-0.8149896860122681,0.25187310576438904,-0.08848262624922068,0.020955219355686065,-0.08848262624922058,0.020955219355686096,0.055419921875,0.0,-0.387939453125,0.1370205089674724,-0.0008724587835207565,2.6730833192539685e-05,6519.784605019746,False,True,True,Omega_safe_one_step_QP,False,0.33251953125,0.0,9.093017302416275,False,False,False
137,11.54178406045503,-3136.340758515089,7.976310671326525,6.84133321163231,37.4633973989533,24.443492811978356,0.2,0.0,0.0,25.35593011709991,50.182752484308836,200.70904941382233,215.95882800047386,0.0,0.0,0.0,0.0,5.551115123125783e-17,-1.3834419720915037e-16,0.26014284641297625,-0.05033574002966734,nan,nan,0.0028508148515604685,-5.4302955831747515e-05,6155.6126946097165,True,True,True,Z_mode_existing_controller,False,0.05060201485354432,0.0,0.0,False,False,False,0.2,-0.1994783580303192,0.10609333962202072,25.263855624457463,50.162956883281616,200.79430940938852,221.98984999029437,-0.9973917603492737,0.5304666757583618,-0.11145271409010149,0.04452207702882583,-0.11145271409010163,0.04452207702882586,0.055419921875,0.0,-0.387939453125,0.23580240588972814,0.0028393919758153436,-5.4341250688724405e-05,6167.154478670172,False,True,True,Omega_safe_one_step_QP,False,0.33251953125,0.0,12.00163439745213,False,False,False
138,263.10419720270875,-2873.23656131238,10.539241118211942,6.19143979664855,41.401494231159276,26.070536868935303,0.2,0.0,0.0,25.40336043984609,50.182566691128514,191.35848181630078,213.94487998272834,0.0,0.0,0.0,0.0,-2.7755575615628914e-17,3.122502256758253e-17,0.26014284641297625,-0.05033574002966734,nan,nan,0.0001724351565206226,4.502296275812889e-05,6197.225181135843,True,True,True,Z_mode_existing_controller,False,0.05060201485354432,0.0,0.0,False,False,False,0.2,-0.013791396282613277,-0.06050700694322586,25.311560151571424,50.16266251385696,202.08236362005698,213.56462403583976,-0.06895697861909866,-0.3025350272655487,-0.005962554304312334,-0.01966889999534356,-0.005962554304312473,-0.019668899995343506,0.055419921875,0.0,-0.020371442776048576,-0.33251953125,0.00017907160336737196,4.581661604337924e-05,6460.329378338552,False,True,True,Omega_safe_one_step_QP,False,0.33251953125,0.0,2.0552802262920205,False,False,False
139,305.4837491219487,-2567.7528121904315,10.296511031367718,3.773130709975696,43.255606947947314,21.7726369571637,0.2,0.0,0.0,25.4028821146494,50.18291635646213,191.4462059133939,213.97759775480017,0.0,0.0,0.0,0.0,2.0816681711721685e-17,1.0061396160665481e-16,0.26014284641297625,-0.05033574002966734,nan,nan,-0.0009232837131455553,-8.040911030695458e-05,6175.508410086972,True,True,True,Z_mode_existing_controller,False,0.05060201485354432,0.0,0.0,False,False,False,0.2,0.07861880958080292,-0.09940066188573837,25.32024108278909,50.16480062307948,203.98599698082722,214.69815899378497,0.3930940330028534,-0.4970032870769501,0.029067690370803326,-0.006035848483599886,0.029067690370803395,-0.006035848483599948,0.26014284641297625,-0.05033574002966734,0.3001654186444248,-0.10093775488321166,-0.0009203153055950949,-7.997892094058039e-05,6480.99215920892,True,True,True,Z_mode_existing_controller,False,0.05060201485354432,0.0,2.968774310064472,False,False,False
140,38.13003197877424,-2529.6227802116573,9.773776792769306,6.131741378787087,43.10118150554521,23.21169812663704,0.2,0.0,0.0,25.38603956506524,50.18077028741219,194.78929415202165,214.56211738984376,0.0,0.0,0.0,0.0,1.7672495411513722e-17,-2.42861286636753e-17,0.26014284641297625,-0.05033574002966734,nan,nan,0.0009259636922830351,-4.563338365919101e-05,6201.879563908872,True,True,True,Z_mode_existing_controller,False,0.05060201485354432,0.0,0.0,False,False,False,0.2,-0.14149998128414154,-0.08162125200033188,25.3139364697002,50.16468928555148,196.25719182440125,212.12114800188667,-0.7074999213218689,-0.4081062376499176,-0.06624159404422476,-0.035302862088967234,-0.06624159404422472,-0.03530286208896711,0.055419921875,0.0,-0.387939453125,-0.25574241738532527,0.0009243508381130226,-4.549209075017024e-05,6240.009595887646,False,True,True,Omega_safe_one_step_QP,False,0.33251953125,0.0,7.506158040697317,False,False,False
141,62.66672886831748,-2466.95605134334,10.5227854279772,5.220908845431872,44.60418640717727,24.869127491646587,0.2,0.0,0.0,25.39970709256326,50.17984440937352,192.10333840905815,213.92908408490814,0.0,0.0,0.0,0.0,3.8163916471489756e-17,-3.122502256758253e-17,0.26014284641297625,-0.05033574002966734,nan,nan,-0.00029101519872252405,2.1486097661452958e-05,6213.588111525992,True,True,True,Z_mode_existing_controller,False,0.05060201485354432,0.0,0.0,False,False,False,0.2,-0.1660691499710083,-0.007449600379914045,25.3290648442498,50.16411008015007,194.50545504569533,214.3938796649817,-0.8303457498550415,-0.037248000502586365,-0.05523532705348372,-0.0060443033931448995,-0.055235327053483725,-0.006044303393144976,0.26014284641297625,-0.05033574002966734,-0.32560894130464346,-0.07661164221305478,-0.0002881187430231963,2.1659655328807974e-05,6276.254840394309,True,True,True,Z_mode_existing_controller,False,0.05060201485354432,0.0,5.5565051590128975,False,False,False
142,12.32869629265224,-2454.6273550506876,8.74992942276436,5.108674582491662,41.675618021752534,28.70216092485043,0.2,0.0,0.0,25.392901260113288,50.17984645448078,193.44253010014694,214.20911640085086,0.0,0.0,0.0,0.0,-5.0306980803327406e-17,1.3530843112619095e-16,0.26014284641297625,-0.05033574002966734,nan,nan,0.001389590617461217,9.992861847371798e-05,6065.058752056558,True,True,True,Z_mode_existing_controller,False,0.05060201485354432,0.0,0.0,False,False,False,0.2,-0.1937614530324936,-0.008981076069176197,25.324538077774573,50.16452488726589,193.7737705498123,214.36400941433345,-0.9688072800636292,-0.04490537941455841,-0.06459012747532242,-0.007221625271159687,-0.0645901274753223,-0.00722162527115967,0.26014284641297625,-0.05033574002966734,-0.32560894130464346,-0.07748603891943506,0.001384567438549869,9.983882206871398e-05,6077.38744834921,True,True,True,Z_mode_existing_controller,False,0.05060201485354432,0.0,6.4992587568394535,False,False,False
143,139.40925570455965,-2315.218099346128,7.327860249301515,5.210708274573875,39.07448371813235,28.22071966801041,0.2,0.0,0.0,25.412412152440996,50.18162543820936,189.57279484915074,213.47877161527262,0.0,0.0,0.0,0.0,4.163336342344337e-17,4.163336342344337e-17,0.055419921875,0.0,nan,nan,0.00285908131648938,5.915078433760051e-05,5830.456587955129,False,True,True,Omega_safe_one_step_QP,False,0.33251953125,0.0,0.0,False,False,False,0.2,-0.0015604881336912513,-0.0017041722312569618,25.34452318662211,50.16638855690102,195.49957758490936,214.18979898183974,-0.007802440784871578,-0.008520861156284809,0.00034967851226683916,-0.00010348145759481869,0.00034967851226690074,-0.00010348145759492625,0.26014284641297625,-0.05033574002966734,0.21380724589589573,-0.10093775488321166,0.002835610995409378,5.6990415418876634e-05,5969.865843659689,True,True,True,Z_mode_existing_controller,False,0.05060201485354432,0.0,0.036466899238512124,False,False,False
144,152.44762832719334,-2162.7704710189346,13.87219228178495,6.483743886495606,37.55892099755289,23.668839334637674,0.2,0.0,0.0,25.450759640451086,50.181983717791574,182.00637026617923,211.8771862209049,0.0,0.0,0.0,0.0,5.551115123125783e-17,4.163336342344337e-17,0.055419921875,0.0,nan,nan,-0.003015779057226127,-5.625955851295671e-06,6296.839764348046,False,True,True,Omega_safe_one_step_QP,False,0.33251953125,0.0,0.0,False,False,False,0.2,0.001410887693054974,0.04791022464632988,25.38759753610914,50.167666936906464,187.7969224946188,214.25325390144883,0.007054438348859549,0.2395511269569397,0.006836494224464751,0.017750952877172897,0.006836494224464612,0.017750952877172835,0.055419921875,0.0,0.06521214718398678,0.33251953125,-0.0029809914395084814,-2.6868561983626506e-06,6449.287392675239,False,True,True,Omega_safe_one_step_QP,False,0.33251953125,0.0,1.9021934216286867,False,False,False
145,-52.30859755437723,-2215.079068573312,9.475950598465882,5.042599216024917,42.83655500191212,25.185925876001107,0.2,0.0,0.0,25.39472526265007,50.1798710107635,193.07522993045785,214.11374366639708,0.0,0.0,0.0,0.0,-1.0061396160665481e-16,1.249000902703301e-16,0.26014284641297625,-0.05033574002966734,nan,nan,0.0006360242392536449,8.621996833579112e-06,6130.605529986484,True,True,True,Z_mode_existing_controller,False,0.05060201485354432,0.0,0.0,False,False,False,0.2,-0.19636626541614532,-0.0016956254839897156,25.337034636462892,50.16650463200111,190.68521275816803,214.26514800935286,-0.9818313121795654,-0.008478127419948578,-0.06556634280698989,-0.002980521316510616,-0.06556634280699003,-0.0029805213165107515,0.26014284641297625,-0.05033574002966734,-0.32560894130464346,-0.0553937150155524,0.0006357713883972673,8.768674755455213e-06,6078.296932432107,True,True,True,Z_mode_existing_controller,False,0.05060201485354432,0.0,6.563405226254056,False,False,False
146,-27.55127957469267,-2242.6303481480045,12.801996114976104,5.5687585559651795,41.31437490637587,26.298529067615817,0.2,0.0,0.0,25.402628932123285,50.179767310265966,191.515855140314,213.7686154305834,0.0,0.0,0.0,0.0,9.71445146547012e-17,1.0408340855860843e-17,0.26014284641297625,-0.05033574002966734,nan,nan,-0.00246793224999583,8.322446449520729e-05,6431.592248146102,True,True,True,Z_mode_existing_controller,False,0.05060201485354432,0.0,0.0,False,False,False,0.2,-0.16415993869304657,-0.015018458478152752,25.34323789871634,50.166050665674454,190.25349933857242,213.1331718127505,-0.820799708366394,-0.07509229332208633,-0.04959874261215173,-0.009968188322199058,-0.04959874261215162,-0.009968188322199142,0.26014284641297625,-0.05033574002966734,-0.29296476234636126,-0.10093775488321166,-0.0024612951784980393,8.284274091001353e-05,6404.040968571409,True,True,True,Z_mode_existing_controller,False,0.05060201485354432,0.0,5.059051341045365,False,False,False
147,-137.84867872128416,-2380.4790268692886,12.869034229565727,6.154031194384834,38.08120254367475,23.68128824142088,0.2,0.0,0.0,25.3626838970875,50.18091400279741,199.37454393509765,215.506939054623,0.0,0.0,0.0,0.0,1.1796119636642288e-16,-4.163336342344337e-17,0.26014284641297625,-0.05033574002966734,nan,nan,-0.002198594403892834,-7.503701241130551e-06,6637.734559979267,True,True,True,Z_mode_existing_controller,False,0.05060201485354432,0.0,0.0,False,False,False,0.2,-0.19304578006267548,0.0012470943620428443,25.302615837297473,50.167039812692344,193.65568222610918,215.93918589162703,-0.9652288556098938,0.006235471926629543,-0.08992133918179664,0.0014924985015144494,-0.0899213391817966,0.001492498501514312,0.055419921875,0.0,-0.387939453125,0.002864144332716455,-0.0022026082355562377,-9.606408365331678e-06,6499.885881257983,False,True,True,Omega_safe_one_step_QP,False,0.33251953125,0.0,8.99337244420842,False,False,False
148,-129.689068951423,-2510.1680958207116,6.605510279521043,5.757089167361827,38.55323929641325,26.63917850260273,0.2,0.0,0.0,25.333275233028694,50.18146347982842,205.1631411628164,216.76878675732607,0.0,0.0,0.0,0.0,-8.326672684688674e-17,-8.847089727481716e-17,0.055419921875,0.0,nan,nan,0.0037386348298303175,-6.099992039732341e-06,6112.776257904845,False,True,True,Omega_safe_one_step_QP,False,0.33251953125,0.0,0.0,False,False,False,0.2,-0.1919221132993698,-0.04673967882990837,25.2687644056083,50.166656126886316,199.24266524340666,214.96545556942212,-0.9596105813980103,-0.23369839787483215,-0.10254295460679043,-0.02253000150782035,-0.10254295460679039,-0.0225300015078204,0.055419921875,0.0,-0.387939453125,-0.10797335667831534,0.0037439028677352243,-3.6171784519949644e-06,5983.087188953422,False,True,True,Omega_safe_one_step_QP,False,0.33251953125,0.0,10.498884944332255,False,False,False
149,176.10656087118514,-2334.0615349495265,9.156786533924643,4.456778149537401,43.46583297791418,23.08955762067566,0.2,0.0,0.0,25.397710977949668,50.18293851120428,192.4405834178372,214.13015086677916,0.0,0.0,0.0,0.0,-1.0408340855860843e-16,1.249000902703301e-16,0.26014284641297625,-0.05033574002966734,nan,nan,0.0006827878926631604,-5.694382742827851e-05,6082.900167240405,True,True,True,Z_mode_existing_controller,False,0.05060201485354432,0.0,0.0,False,False,False,0.2,-0.11015906184911728,-0.07377027720212936,25.328751328841143,50.1673236532094,199.76081816468002,214.08412992181644,-0.550795316696167,-0.3688513934612274,0.019295976195100983,-0.0066891245370286415,0.019295976195100907,-0.006689124537028621,0.26014284641297625,-0.05033574002966734,0.18458029337188994,-0.10093775488321166,0.0006734535376825604,-5.7791625545816714e-05,6259.00672811159,True,True,True,Z_mode_existing_controller,False,0.05060201485354432,0.0,2.0422514154574216,False,False,False
150,129.97678923439344,-2204.084745715133,10.963722069605879,4.479087557647615,42.486899619365786,20.662174655750672,0.2,0.0,0.0,25.40578227880144,50.18141785735226,190.8648204676523,213.70006128139426,0.0,0.0,0.0,0.0,-6.245004513516506e-17,3.469446951953614e-18,0.26014284641297625,-0.05033574002966734,nan,nan,-0.001250421879937704,-0.0001073211112036631,6229.069572383294,True,True,True,Z_mode_existing_controller,False,0.05060201485354432,0.0,0.0,False,False,False,0.2,-0.0685296356678009,-0.02069135569036007,25.342894742610312,50.166994011167624,196.06562807790104,213.79415433024724,-0.3426481783390045,-0.1034567728638649,0.005730329182336359,-0.004161285143177658,0.005730329182336446,-0.004161285143177689,0.26014284641297625,-0.05033574002966734,0.09254930184955107,-0.10093775488321166,-0.0012429362442756323,-0.00010663668964461161,6359.046361617688,True,True,True,Z_mode_existing_controller,False,0.05060201485354432,0.0,0.7081875922435252,False,False,False
151,-31.672162742426735,-2235.75690845756,9.118564452556715,5.734261672205298,38.989484757274404,27.03082387698294,0.2,0.0,0.0,25.38355672511461,50.17864906861701,195.27638897306363,214.47701347943084,0.0,0.0,0.0,0.0,-6.331740687315346e-17,-4.85722573273506e-17,0.26014284641297625,-0.05033574002966734,nan,nan,0.0012620509185507609,4.535667764947113e-05,6146.836891173993,True,True,True,Z_mode_existing_controller,False,0.05060201485354432,0.0,0.0,False,False,False,0.2,-0.16428135335445404,0.006467211991548538,25.325252870182254,50.16510145447888,193.74024088776292,215.0969469762368,-0.8214067220687866,0.03233605995774269,-0.05491599799764324,0.0021255875542499636,-0.05491599799764314,0.0021255875542500503,0.26014284641297625,-0.05033574002966734,-0.32560894130464346,-0.02727663497454285,0.0012605801928160516,4.5530585898433725e-05,6115.164728431566,True,True,True,Z_mode_existing_controller,False,0.05060201485354432,0.0,5.4957119270645265,False,False,False
152,-54.94649944153571,-2290.7034078990955,7.7219185269992945,5.088420622480816,35.46321206475065,24.110258542122562,0.2,0.0,0.0,25.402675181999143,50.17962598448175,191.49342413688638,213.71910616644726,0.0,0.0,0.0,0.0,-4.85722573273506e-17,3.469446951953614e-17,0.26014284641297625,-0.05033574002966734,nan,nan,0.0023222173281393643,-7.068633576107946e-05,5915.716191107176,True,True,True,Z_mode_existing_controller,False,0.05060201485354432,0.0,0.0,False,False,False,0.2,-0.18167196214199066,-0.0033098713029175997,25.34334678935262,50.16585193712073,188.92093315616265,213.66796718451806,-0.9083597660064697,-0.016549356281757355,-0.060857737843206236,-0.003777356426084455,-0.060857737843206194,-0.0037773564260844966,0.26014284641297625,-0.05033574002966734,-0.32560894130464346,-0.061007519042457097,0.00232068725861011,-6.997954420407087e-05,5860.7696916656405,True,True,True,Z_mode_existing_controller,False,0.05060201485354432,0.0,6.097485282443983,False,False,False
153,105.59775204904236,-2185.105655850053,10.52048799887873,5.570359998641466,38.313236582463944,22.90237626756717,0.2,0.0,0.0,25.434564514861457,50.17769240791413,185.22708071944905,212.26344480176806,0.0,0.0,0.0,0.0,2.7755575615628914e-17,1.0408340855860843e-16,0.055419921875,0.0,nan,nan,-0.00025905949980996584,-6.317502949844964e-05,6047.357024801706,False,True,True,Omega_safe_one_step_QP,False,0.33251953125,0.0,0.0,False,False,False,0.2,0.014126518741250038,-0.052319467067718506,25.373375650644068,50.163556899334075,189.4892752307745,210.97999899999144,0.07063259184360504,-0.26159733533859253,0.01098215415011207,-0.01543353772372684,0.010982154150112194,-0.015433537723726715,0.055419921875,0.0,0.1452018644921697,-0.33251953125,-0.0002541804107210133,-6.272580570614223e-05,6152.954776850748,False,True,True,Omega_safe_one_step_QP,False,0.33251953125,0.0,1.89420642076445,False,False,False
154,33.09828269354966,-2152.0073731565035,13.137503883016592,3.5440959860231063,40.78355072847963,25.224745539129195,0.2,0.0,0.0,25.422557788130238,50.174941289555875,187.62391740944477,212.61110373847336,0.0,0.0,0.0,0.0,-1.249000902703301e-16,-1.3183898417423734e-16,0.055419921875,0.0,nan,nan,-0.00430989454940816,5.154814777177724e-05,6368.475364198925,False,True,True,Omega_safe_one_step_QP,False,0.33251953125,0.0,0.0,False,False,False,0.2,-0.08718051761388779,-0.15446357429027557,25.365146668632903,50.16156592451831,188.88947017096646,208.18882767246825,-0.43590259552001953,-0.7723178863525391,-0.013251165357666024,-0.045970119409024984,-0.013251165357666142,-0.045970119409024984,0.055419921875,0.0,-0.13225684906793023,-0.33251953125,-0.004295761634203776,5.243704616761705e-05,6401.573646892474,False,True,True,Omega_safe_one_step_QP,False,0.33251953125,0.0,4.784187769952411,False,False,False
155,-159.16788145511964,-2311.175254611623,11.351560669417722,3.8138322179458357,40.47158958457521,24.270650060974642,0.2,0.0,0.0,25.35177908382462,50.17486394332089,201.5754590206434,215.58040863740763,0.0,0.0,0.0,0.0,6.938893903907228e-17,9.540979117872439e-17,0.055419921875,0.0,nan,nan,-0.0021242539192557705,1.838097062499197e-07,6533.644374002319,False,True,True,Omega_safe_one_step_QP,False,0.33251953125,0.0,0.0,False,False,False,0.2,-0.19106462597846985,-0.02058040350675583,25.295842454806454,50.16186674623946,194.88045694498283,214.93438179945733,-0.9553231000900269,-0.10290201753377914,-0.091673374510006,-0.008109310870106422,-0.09167337451000611,-0.008109310870106459,0.055419921875,0.0,-0.387939453125,-0.04775617040189988,-0.0021273206923048057,-9.570767964576458e-07,6374.476492547199,False,True,True,Omega_safe_one_step_QP,False,0.33251953125,0.0,9.20313452951757,False,False,False
156,-166.75067843376746,-2477.9259330453906,10.939983121313967,5.138282302680389,39.085549077901746,25.693319831170868,0.2,0.0,0.0,25.325324120929654,50.17592571693031,206.77571913478275,216.746070479818,0.0,0.0,0.0,0.0,-8.326672684688674e-17,1.3791051634015616e-16,0.055419921875,0.0,nan,nan,-0.0009052574975441084,3.173994394517531e-05,6617.1556868090565,False,True,True,Omega_safe_one_step_QP,False,0.33251953125,0.0,0.0,False,False,False,0.2,-0.19701217114925385,-0.05567368492484093,25.264151567359345,50.16188729830301,199.74866470592474,214.47347775486082,-0.9850608706474304,-0.27836841344833374,-0.10717125776609246,-0.026315435549056132,-0.10717125776609247,-0.026315435549056108,0.055419921875,0.0,-0.387939453125,-0.12528896061718206,-0.0009075140167482676,3.0870914428878004e-05,6450.405008375289,False,True,True,Omega_safe_one_step_QP,False,0.33251953125,0.0,11.035479436482468,False,False,False
157,-143.1580168992923,-2621.083949944683,10.639533871786796,6.791003035334501,41.99828002690717,24.80816343013885,0.2,0.0,0.0,25.321451961427076,50.17842344545473,207.50716172696107,217.039825827237,0.0,0.0,0.0,0.0,1.1102230246251565e-16,4.85722573273506e-17,0.055419921875,0.0,nan,nan,0.00045526995444038513,1.2108646842665192e-05,6601.150346651849,False,True,True,Omega_safe_one_step_QP,False,0.33251953125,0.0,0.0,False,False,False,0.2,-0.19527201354503632,-0.08765780180692673,25.254807797992,50.16334539649674,201.44649438193142,213.4569851285044,-0.976360023021698,-0.43828898668289185,-0.11011482404635735,-0.04145237343544043,-0.11011482404635727,-0.04145237343544045,0.055419921875,0.0,-0.387939453125,-0.19902446601253268,0.00045383987938867054,1.1676888098408576e-05,6457.9923297525565,False,True,True,Omega_safe_one_step_QP,False,0.33251953125,0.0,11.765871722142576,False,False,False
158,-100.98687401897769,-2722.0708239636606,9.937029062021875,6.213858980219646,39.915288011127544,25.533352290987377,0.2,0.0,0.0,25.33858529993449,50.18063591862701,204.10098447130062,216.4334492227195,0.0,0.0,0.0,0.0,-1.3877787807814457e-17,-8.890457814381136e-17,0.055419921875,0.0,nan,nan,0.0007306502805065327,1.4737067804457705e-05,6443.666180604386,False,True,True,Omega_safe_one_step_QP,False,0.33251953125,0.0,0.0,False,False,False,0.2,-0.19293589890003204,-0.07287945598363876,25.267286358031516,50.16472140585563,199.71211925542093,213.77087669704036,-0.964679479598999,-0.364397257566452,-0.10433637537587684,-0.034045928952236,-0.10433637537587673,-0.03404592895223602,0.055419921875,0.0,-0.387939453125,-0.16747422454536648,0.000730257816143041,1.4769936756067227e-05,6342.679306585408,False,True,True,Omega_safe_one_step_QP,False,0.33251953125,0.0,10.975064694477469,False,False,False
159,-51.06104149364728,-2773.131865457308,9.069401803601144,5.833391663081181,40.72356287789973,22.133953971006893,0.2,0.0,0.0,25.357025686997762,50.182366676115784,200.4428040516894,215.7455536962722,0.0,0.0,0.0,0.0,3.469446951953614e-17,9.540979117872439e-17,0.26014284641297625,-0.05033574002966734,nan,nan,0.0013958670658025308,-9.767746563610563e-05,6264.236733053552,True,True,True,Z_mode_existing_controller,False,0.05060201485354432,0.0,0.0,False,False,False,0.2,-0.1806480586528778,-0.015985902398824692,25.28245987885426,50.16586794541845,198.04630393595176,215.85089701015104,-0.9032402634620667,-0.07992950826883316,-0.09255351060263478,-0.007711434530842746,-0.09255351060263482,-0.007711434530842633,0.055419921875,0.0,-0.387939453125,-0.0392337440502077,0.0013935140177428786,-9.742695881674764e-05,6213.175691559904,False,True,True,Omega_safe_one_step_QP,False,0.33251953125,0.0,9.28742081925628,False,False,False
160,-15.745722671841577,-2788.8775881291494,9.633333525971384,3.207315660067783,39.95999516558299,20.052595248380168,0.2,0.0,0.0,25.382413674961708,50.181276962141176,195.44817288198848,214.61004644140655,0.0,0.0,0.0,0.0,-1.1102230246251565e-16,2.7755575615628914e-17,0.26014284641297625,-0.05033574002966734,nan,nan,-0.0005784241723418495,-0.0001542312738844376,6205.069151544373,True,True,True,Z_mode_existing_controller,False,0.05060201485354432,0.0,0.0,False,False,False,0.2,-0.17683592438697815,0.0016595883062109351,25.306178087081555,50.164439104660445,194.53612779081465,215.7657861054435,-0.8841795921325684,0.008297941647469997,-0.08264009535111706,0.0019913297622598993,-0.08264009535111702,0.0019913297622597857,0.055419921875,0.0,-0.387939453125,0.004160885503043018,-0.0005796121411271744,-0.00015436464149012072,6189.323428872532,False,True,True,Omega_safe_one_step_QP,False,0.33251953125,0.0,8.266408382038591,False,False,False
161,85.77475025619242,-2703.102837872957,10.282098753504817,5.413662309561889,34.84610072974738,29.211167428284188,0.2,0.0,0.0,25.37405967556922,50.17828369104729,197.12775069111976,214.79060282557015,0.0,0.0,0.0,0.0,1.1102230246251565e-16,-2.949029909160572e-17,0.26014284641297625,-0.05033574002966734,nan,nan,-0.0001918838047165986,0.0001108752638174686,6312.715524725428,True,True,True,Z_mode_existing_controller,False,0.05060201485354432,0.0,0.0,False,False,False,0.2,-0.08788658678531647,0.02471679262816906,25.297380687342507,50.16130687717451,200.4491475493848,216.92508563129692,-0.43943291902542114,0.12358395755290985,-0.04276388953980521,0.011389523186366064,-0.042763889539805186,0.011389523186366157,0.055419921875,0.0,-0.387939453125,0.12468821617112233,-0.0001904948282615516,0.00011123212611893925,6398.49027498162,False,True,True,Omega_safe_one_step_QP,False,0.33251953125,0.0,4.425462108057692,False,False,False
162,-21.667409280951688,-2724.7702471539087,11.499402232485078,5.931228103820165,34.67076087504816,26.04547962292857,0.2,0.0,0.0,25.37290182733142,50.18086111882676,197.32315052267964,214.97446149543546,0.0,0.0,0.0,0.0,-1.0408340855860843e-16,-2.2551405187698492e-17,0.26014284641297625,-0.05033574002966734,nan,nan,-0.0011135154406723973,2.9646054527916396e-05,6444.074543480297,True,True,True,Z_mode_existing_controller,False,0.05060201485354432,0.0,0.0,False,False,False,0.2,-0.17004157602787018,-0.03754865750670433,25.29924828311756,50.16440310413144,196.2412805906937,214.2980222623735,-0.8502078652381897,-0.18774329125881195,-0.08230789841927755,-0.016004480696235224,-0.08230789841927753,-0.016004480696235116,0.055419921875,0.0,-0.387939453125,-0.09790281714122034,-0.0011085585701719539,2.9483596945214467e-05,6422.407134199345,False,True,True,Omega_safe_one_step_QP,False,0.33251953125,0.0,8.38494695544002,False,False,False
163,-53.78367574035383,-2778.5539228942625,12.056127194453358,5.225641952330449,41.29653735949566,24.17754121497438,0.2,0.0,0.0,25.35807351131652,50.18183790681603,200.2323441486841,215.6459158854343,0.0,0.0,0.0,0.0,5.551115123125783e-17,1.5612511283791264e-17,0.26014284641297625,-0.05033574002966734,nan,nan,-0.0019283064046440774,1.1216338349342124e-05,6573.395508336012,True,True,True,Z_mode_existing_controller,False,0.05060201485354432,0.0,0.0,False,False,False,0.2,-0.19029463827610016,-0.007125157862901688,25.283921139458478,50.1652642133795,197.8192138662426,216.23177140895615,-0.9514731764793396,-0.03562578931450844,-0.09812368929802401,-0.0037959453641090006,-0.09812368929802393,-0.0037959453641090665,0.055419921875,0.0,-0.387939453125,-0.016600601916534292,-0.0019246335945013703,1.062447331635517e-05,6519.611832595659,False,True,True,Omega_safe_one_step_QP,False,0.33251953125,0.0,9.819708551002142,False,False,False
164,-76.71785831414127,-2855.271781208404,12.962389964131429,4.158040841643025,34.90675857899567,22.898777929693093,0.2,0.0,0.0,25.333426574851092,50.18289545184002,205.0762047202072,216.7352314065166,0.0,0.0,0.0,0.0,1.1102230246251565e-16,9.280770596475918e-17,0.055419921875,0.0,nan,nan,-0.003809093341734688,-4.2975600729336285e-05,6793.7333235426695,False,True,True,Omega_safe_one_step_QP,False,0.33251953125,0.0,0.0,False,False,False,0.2,-0.19532348215579987,-0.0617634616792202,25.257680196314507,50.165949363444106,201.83283033498614,214.74286114309257,-0.9766173958778381,-0.3088172972202301,-0.11108866659694808,-0.030307275751650337,-0.11108866659694815,-0.030307275751650223,0.055419921875,0.0,-0.387939453125,-0.14019517502812656,-0.0038052806890966906,-4.400997408699403e-05,6717.015465228528,False,True,True,Omega_safe_one_step_QP,False,0.33251953125,0.0,11.514869868901906,False,False,False
165,-111.80376318998788,-2967.0755443983917,10.995602221999766,3.874178193344859,37.138514679669285,22.80417162560677,0.2,0.0,0.0,25.2845709379792,50.18361866817404,214.69644197672596,218.82548808736948,0.0,0.0,0.0,0.0,-1.3877787807814457e-16,3.122502256758253e-17,0.055419921875,0.0,nan,nan,-0.0017806810698998577,-6.16613940023665e-05,6818.244325268415,False,True,True,Omega_safe_one_step_QP,False,0.33251953125,0.0,0.0,False,False,False,0.2,-0.19827678799629211,-0.015933535993099213,25.206566818564276,50.16623321900524,209.85462512102265,218.52364744512317,-0.9913839101791382,-0.07966767996549606,-0.13302270296876076,-0.014368487524709362,-0.13302270296876087,-0.01436848752470946,0.055419921875,0.0,-0.387939453125,-0.03562838913636516,-0.0017818894622293729,-6.224977569194243e-05,6706.440562078427,False,True,True,Omega_safe_one_step_QP,False,0.33251953125,0.0,13.379646086075265,False,False,False
166,-99.62162911711312,-3066.697173515505,10.884026019474446,5.6080253463549505,42.5538438880377,20.458640142105654,0.2,0.0,0.0,25.274095964038,50.18546008207417,216.73724881429092,219.3611883619717,0.0,0.0,0.0,0.0,8.326672684688674e-17,7.632783294297951e-17,0.055419921875,0.0,nan,nan,-0.00046167884093268816,-0.00011197799466291678,6853.8557933589045,False,True,True,Omega_safe_one_step_QP,False,0.33251953125,0.0,0.0,False,False,False,0.2,-0.19441959261894226,-0.0805986300110817,25.192473542530767,50.16734213759863,212.45326305025515,216.21303255977912,-0.9720979332923889,-0.4029931426048279,-0.13608197812478812,-0.04420473278438592,-0.13608197812478806,-0.04420473278438579,0.055419921875,0.0,-0.387939453125,-0.18379916214312575,-0.0004634865869100474,-0.00011212644436338999,6754.234164241791,False,True,True,Omega_safe_one_step_QP,False,0.33251953125,0.0,14.308166608931506,False,False,False
167,-51.74619375731345,-3118.4433672728183,6.769478862928704,5.74145463017094,37.5485973219814,29.18486721152503,0.2,0.0,0.0,25.28508848887752,50.18660749082529,214.55416792639647,218.95482929629185,0.0,0.0,0.0,0.0,-1.1102230246251565e-16,-6.938893903907228e-18,0.055419921875,0.0,nan,nan,0.0035156026874360105,6.679496531483741e-05,6344.6357309500745,False,True,True,Omega_safe_one_step_QP,False,0.33251953125,0.0,0.0,False,False,False,0.2,-0.1831262856721878,-0.0785176083445549,25.20030501269401,50.16793791721479,212.08833741876083,216.1267076783688,-0.9156314134597778,-0.3925880193710327,-0.1255872006417912,-0.04227939635359326,-0.12558720064179119,-0.04227939635359339,0.055419921875,0.0,-0.387939453125,-0.19009569071068438,0.00350488158836159,6.73693364732276e-05,6292.889537192761,False,True,True,Omega_safe_one_step_QP,False,0.33251953125,0.0,13.25129892541322,False,False,False
168,162.8129511842244,-2955.630416088594,7.582983086248989,4.291825907836795,44.77265675481662,25.250739767927048,0.2,0.0,0.0,25.353931322571267,50.19098867938683,200.92856591512674,216.2904555628492,0.0,0.0,0.0,0.0,1.249000902703301e-16,4.8843307870471975e-17,0.055419921875,0.0,nan,nan,0.002287294478041163,-1.4302243662911787e-05,6118.35992766966,False,True,True,Omega_safe_one_step_QP,False,0.33251953125,0.0,0.0,False,False,False,0.2,-0.07523398846387863,-0.10251674801111221,25.267337939073926,50.172064560994926,207.8764621649035,214.21406238556202,-0.37616991996765137,-0.5125837326049805,-0.03641056785560409,-0.03562664772008749,-0.03641056785560404,-0.03562664772008743,0.055419921875,0.0,-0.18860625983108728,-0.33251953125,0.0022581721910305786,-1.663243792702357e-05,6281.172878853884,False,True,True,Omega_safe_one_step_QP,False,0.33251953125,0.0,5.09410196142436,False,False,False
169,270.88115537616795,-2684.749260712426,9.179348356541235,4.915302551926639,42.19346703306315,25.09667052754937,0.2,0.0,0.0,25.39306729533951,50.191621505390465,193.20340381906297,214.6708094856403,0.0,0.0,0.0,0.0,-1.0408340855860843e-16,-9.020562075079397e-17,0.26014284641297625,-0.05033574002966734,nan,nan,0.0008615938913023029,-6.849539257694666e-07,6102.859915629272,True,True,True,Z_mode_existing_controller,False,0.05060201485354432,0.0,0.0,False,False,False,0.2,0.0565187931060791,-0.06205623969435692,25.312018123963032,50.173866406137066,204.54864276782698,213.96462917292223,0.2825939655303955,-0.3102811872959137,0.017294472553034845,-0.02047047721347803,0.017294472553034845,-0.020470477213478024,0.055419921875,0.0,0.3582678334309132,-0.33251953125,0.0008482533590976967,-1.9430622208980487e-06,6373.74107100544,False,True,True,Omega_safe_one_step_QP,False,0.33251953125,0.0,2.679811967723111,False,False,False
170,255.93810208720242,-2428.8111586252235,12.05110270537425,5.730473605109693,40.530822200401786,22.719111487799,0.2,0.0,0.0,25.404426699324755,50.19132587944148,190.9649700489637,214.1696646609487,0.0,0.0,0.0,0.0,6.938893903907228e-17,9.71445146547012e-17,0.26014284641297625,-0.05033574002966734,nan,nan,-0.001630920851945316,-3.884776263481191e-05,6341.094723007675,True,True,True,Z_mode_existing_controller,False,0.05060201485354432,0.0,0.0,False,False,False,0.2,0.07566986232995987,0.028239477425813675,25.332696867396237,50.17542089125653,201.1484220429165,215.30946778295234,0.37834930419921875,0.14119738340377808,0.022957031962613166,0.0006631649866590955,0.022957031962613277,0.0006631649866589671,0.26014284641297625,-0.05033574002966734,0.31074486126652057,-0.03145141260845065,-0.0016054299449965968,-3.608364556353331e-05,6597.032825094878,True,True,True,Z_mode_existing_controller,False,0.05060201485354432,0.0,2.2966608463854032,False,False,False
171,-5.771859779675651,-2434.583018404899,10.222320406273536,5.224884294723808,40.869192084934056,25.79603546635575,0.2,0.0,0.0,25.376547968108365,50.189920402157504,196.47490469423147,215.2596432642087,0.0,0.0,0.0,0.0,1.4224732503009818e-16,2.42861286636753e-17,0.26014284641297625,-0.05033574002966734,nan,nan,-8.007993087802846e-05,3.04956555462017e-05,6289.04575767664,True,True,True,Z_mode_existing_controller,False,0.05060201485354432,0.0,0.0,False,False,False,0.2,-0.14900366961956024,-0.013439896516501904,25.313741634713278,50.1757030079251,196.04633006502013,215.5570495919343,-0.7450183629989624,-0.06719948351383209,-0.07000021649232321,-0.005742055174209475,-0.07000021649232319,-0.005742055174209354,0.055419921875,0.0,-0.387939453125,-0.03999031792193352,-7.959449731807962e-05,3.0493504591073712e-05,6283.273897896965,False,True,True,Omega_safe_one_step_QP,False,0.33251953125,0.0,7.023532947595366,False,False,False
172,-49.57363901255576,-2484.156657417455,10.71133719809189,4.1714875240825995,43.24337971021672,28.03211137989306,0.2,0.0,0.0,25.376493148509887,50.19076099153431,196.47327163449816,215.30157859364536,0.0,0.0,0.0,0.0,-1.1102230246251565e-16,7.806255641895632e-17,0.26014284641297625,-0.05033574002966734,nan,nan,-0.0011398925813274482,0.00011469637747520871,6339.468761231437,True,True,True,Z_mode_existing_controller,False,0.05060201485354432,0.0,0.0,False,False,False,0.2,-0.18995043635368347,-0.01951325125992298,25.31360595812724,50.17650176590097,194.23119186375476,215.34576590238515,-0.949752151966095,-0.09756625443696976,-0.08949094836913145,-0.00849720576143568,-0.08949094836913149,-0.008497205761435807,0.055419921875,0.0,-0.387939453125,-0.04554547517179025,-0.0011388546629236638,0.00011451154747295659,6289.895122218882,False,True,True,Omega_safe_one_step_QP,False,0.33251953125,0.0,8.98934499602655,False,False,False
173,-52.663286820343274,-2536.819944237798,10.004743468738395,5.382478283383083,42.28876923136271,23.933320484530647,0.2,0.0,0.0,25.360537338829324,50.19328337604609,199.58653232377486,216.105508339741,0.0,0.0,0.0,0.0,-1.457167719820518e-16,1.691355389077387e-17,0.26014284641297625,-0.05033574002966734,nan,nan,0.00026570254828968886,-2.3482366771550647e-05,6341.170217654736,True,True,True,Z_mode_existing_controller,False,0.05060201485354432,0.0,0.0,False,False,False,0.2,-0.18888184428215027,0.013671203516423702,25.29610941828669,50.1786965553884,197.15096772048946,217.52388245134628,-0.944409191608429,0.06835601478815079,-0.09566943534216503,0.004568344555673544,-0.09566943534216506,0.0045683445556735855,0.055419921875,0.0,-0.387939453125,0.03209020046143321,0.0002653641390875025,-2.351529389777937e-05,6288.506930834393,False,True,True,Omega_safe_one_step_QP,False,0.33251953125,0.0,9.577844554318082,False,False,False
174,-29.567236094196232,-2566.3871803319944,8.573022376461573,6.6557364853465595,39.22115132940283,21.3118076526626,0.2,0.0,0.0,25.368232892874293,50.19351927904521,198.0641205174037,215.78786527259558,0.0,0.0,0.0,0.0,-4.85722573273506e-17,-8.673617379884035e-18,0.26014284641297625,-0.05033574002966734,nan,nan,0.002246754208839225,-0.00013434955828728898,6155.413384659646,True,True,True,Z_mode_existing_controller,False,0.05060201485354432,0.0,0.0,False,False,False,0.2,-0.18302132189273834,-0.00030689104460179806,25.302093261597715,50.17853870677474,196.5770057317068,216.70710167905565,-0.9151065945625305,-0.0015344552230089903,-0.09075027189761024,-0.0011308434164758975,-0.09075027189761031,-0.0011308434164758671,0.055419921875,0.0,-0.387939453125,-0.000743427160948447,0.002243213263909615,-0.00013420688556362807,6125.84614856545,False,True,True,Omega_safe_one_step_QP,False,0.33251953125,0.0,9.075731737068264,False,False,False
175,219.23042395202083,-2347.1567563799736,9.941928211913215,5.281069074879419,42.60733364573019,25.00989803233962,0.2,0.0,0.0,25.40438442934672,50.191301053208804,190.96083775664547,214.13713010732877,0.0,0.0,0.0,0.0,-1.3877787807814457e-16,7.979727989493313e-17,0.26014284641297625,-0.05033574002966734,nan,nan,0.00028174246573268893,9.332595371142494e-06,6126.588706417156,True,True,True,Z_mode_existing_controller,False,0.05060201485354432,0.0,0.0,False,False,False,0.2,-0.017644135281443596,-0.04787307605147362,25.33726014715452,50.17609677733133,199.98329080931381,214.92786746994614,-0.08822067081928253,-0.2393653690814972,0.011256083224495513,-0.002906968907538103,0.011256083224495464,-0.0029069689075382384,0.26014284641297625,-0.05033574002966734,0.24149293148731793,-0.10093775488321166,0.00028051466964218756,9.245287736795067e-06,6345.8191303691765,True,True,True,Z_mode_existing_controller,False,0.05060201485354432,0.0,1.162539796248555,False,False,False
176,195.05540884184666,-2152.101347538127,9.715692112288398,5.713629837552867,37.865821152604944,24.593110239726553,0.2,0.0,0.0,25.405192522782933,50.190859488610016,190.80417128858903,214.07224178002772,0.0,0.0,0.0,0.0,-8.326672684688674e-17,-6.938893903907228e-17,0.26014284641297625,-0.05033574002966734,nan,nan,0.0006276256425893393,-2.392265291502804e-05,6100.712803330149,True,True,True,Z_mode_existing_controller,False,0.05060201485354432,0.0,0.0,False,False,False,0.2,0.04576651006937027,-0.01878504641354084,25.345632877475538,50.17710820325499,198.86103291303905,214.82128513644588,0.22883254289627075,-0.09392523020505905,0.013943701556698503,-0.001413736703951514,0.013943701556698537,-0.001413736703951651,0.26014284641297625,-0.05033574002966734,0.31074486126652057,-0.0711055386488259,0.0006246498217402836,-2.4259684451841124e-05,6295.768212171995,True,True,True,Z_mode_existing_controller,False,0.05060201485354432,0.0,1.401518692598779,False,False,False
177,167.19434848817946,-1984.9069990499474,8.443995111743186,3.5386407703924476,38.432214817284866,28.252209845096793,0.2,0.0,0.0,25.411060643886263,50.18972979804519,189.65807797799135,213.75646399424352,0.0,0.0,0.0,0.0,-6.938893903907228e-17,-1.4224732503009818e-16,0.055419921875,0.0,nan,nan,0.000905315038506931,7.24905171249437e-05,5945.268606422076,False,True,True,Omega_safe_one_step_QP,False,0.33251953125,0.0,0.0,False,False,False,0.2,0.04668628051877022,-0.008068166673183441,25.358227127228158,50.1772696277881,196.71102520869357,214.4002652145014,0.2334313988685608,-0.040340833365917206,0.014239412481831725,-0.0008807494433698895,0.014239412481831663,-0.0008807494433699763,0.26014284641297625,-0.05033574002966734,0.31074486126652057,-0.059080610798996604,0.00089139616416688,7.102698370237918e-05,6112.462954910256,True,True,True,Z_mode_existing_controller,False,0.05060201485354432,0.0,1.4266624948099556,False,False,False
178,129.45336613023846,-1855.453632919709,9.575824577894828,4.779958757182218,43.734326480765944,27.132640457722843,0.2,0.0,0.0,25.420149604877636,50.19035349138923,187.85640464652957,213.40148063419525,0.0,0.0,0.0,0.0,-5.551115123125783e-17,-7.28583859910259e-17,0.055419921875,0.0,nan,nan,0.0004177053542049243,7.228724610533303e-05,6014.945244928413,False,True,True,Omega_safe_one_step_QP,False,0.33251953125,0.0,0.0,False,False,False,0.2,0.011148117482662201,0.018902884796261787,25.373038114722394,50.17900116299831,193.1881338159459,214.08328379535166,0.055740587413311005,0.09451442211866379,0.0053792442678563465,0.0007652192532871874,0.005379244267856312,0.000765219253287059,0.26014284641297625,-0.05033574002966734,0.2899857625883046,0.00026627482387697743,0.00041497697953572657,7.199431286657393e-05,6144.398611058651,True,True,True,Z_mode_existing_controller,False,0.05060201485354432,0.0,0.5433399433031335,False,False,False
179,128.22044161888425,-1727.2331913008247,12.506650163555433,6.157627732811748,37.44684555266642,24.28433910066343,0.2,0.0,0.0,25.420432509941005,50.19069198917152,187.79409025098852,213.40160238930304,0.0,0.0,0.0,0.0,-6.938893903907228e-17,6.245004513516506e-17,0.055419921875,0.0,nan,nan,-0.0018978348673972124,-1.1661637674886469e-06,6308.130502810823,False,True,True,Omega_safe_one_step_QP,False,0.33251953125,0.0,0.0,False,False,False,0.2,-0.0008484165300615132,0.03808953985571861,25.37779408864604,50.1801921443782,192.8333839990067,214.0497696070686,-0.004242082592099905,0.19044768810272217,0.009666562573474206,0.0015419259843454935,0.009666562573474091,0.0015419259843455942,0.26014284641297625,-0.05033574002966734,0.2590157236906019,0.00026627482387697743,-0.0018803673160930593,5.387462243184628e-07,6436.350944429707,True,True,True,Z_mode_existing_controller,False,0.05060201485354432,0.0,0.9788767426396947,False,False,False
180,-12.496922781745525,-1739.7301140825703,9.36345082658429,3.9476900978354106,37.52448916134573,20.067884821855888,0.2,0.0,0.0,25.385929813359738,50.189551057792926,194.60673130281984,214.78505018220832,0.0,0.0,0.0,0.0,-4.0766001685454967e-17,-7.632783294297951e-17,0.26014284641297625,-0.05033574002966734,nan,nan,5.507689882911583e-05,-0.00016617529549573223,6156.813063532104,True,True,True,Z_mode_existing_controller,False,0.05060201485354432,0.0,0.0,False,False,False,0.2,-0.18261562287807465,-0.01942720264196396,25.34781265593003,50.179895596985354,193.98117300559466,214.06673282800938,-0.9130780696868896,-0.0971360132098198,-0.040266657676594146,-0.011088862081193245,-0.04026665767659413,-0.011088862081193113,0.26014284641297625,-0.05033574002966734,-0.21551587973862407,-0.10093775488321166,5.4253414672466704e-05,-0.00016602883569312964,6144.3161407503585,True,True,True,Z_mode_existing_controller,False,0.05060201485354432,0.0,4.1765614836845595,False,False,False
181,24.1496079764529,-1715.5805061061174,9.71188847147477,3.979166948050178,45.475981576443466,22.822051715548003,0.2,0.0,0.0,25.386358732046393,50.18617071750309,194.5593845998723,214.57455161086426,0.0,0.0,0.0,0.0,8.500145032286355e-17,1.3877787807814457e-17,0.26014284641297625,-0.05033574002966734,nan,nan,-0.00011464545738454243,-4.9423833503682135e-05,6189.975882501143,True,True,True,Z_mode_existing_controller,False,0.05060201485354432,0.0,0.0,False,False,False,0.2,-0.13469703495502472,0.016649140045046806,25.34788300526226,50.17646107569023,195.44519095709646,215.43381517509275,-0.6734851598739624,0.08324569463729858,-0.020848006390345168,0.005452753144253704,-0.020848006390345106,0.005452753144253671,0.26014284641297625,-0.05033574002966734,-0.1492441456527378,0.00026627482387697743,-0.00011573693256736054,-4.9525079269125034e-05,6214.125490477596,True,True,True,Z_mode_existing_controller,False,0.05060201485354432,0.0,2.154928971692662,False,False,False
182,56.83769044207202,-1658.7428156640453,11.838819433118552,5.2783585970322795,39.90217664911298,23.0348535228949,0.2,0.0,0.0,25.38421272755689,50.18512684814058,194.99216041383767,214.6009420214581,0.0,0.0,0.0,0.0,6.722053469410127e-17,-1.3183898417423734e-16,0.26014284641297625,-0.05033574002966734,nan,nan,-0.0017260503672554576,-3.402417501529968e-05,6420.355782798422,True,True,True,Z_mode_existing_controller,False,0.05060201485354432,0.0,0.0,False,False,False,0.2,-0.12449280172586441,0.02199833281338215,25.346599762262596,50.175554468973715,197.1833436610056,215.35495874105186,-0.6224640011787415,0.1099916622042656,-0.003982225624635093,0.00503966933106078,-0.003982225624635152,0.005039669331060877,0.26014284641297625,-0.05033574002966734,-0.026223700340027634,0.00026627482387697743,-0.001718953323793031,-3.3500388874319574e-05,6477.193473240494,True,True,True,Z_mode_existing_controller,False,0.05060201485354432,0.0,0.6423113566794152,False,False,False
183,-97.10866331753732,-1755.8514789815827,11.374878545966752,3.640606127114717,37.94819233487995,23.622108170585435,0.2,0.0,0.0,25.358256724434824,50.18446099902657,200.11433337891657,215.6506538921016,0.0,0.0,0.0,0.0,2.7755575615628914e-17,3.209238430557093e-17,0.26014284641297625,-0.05033574002966734,nan,nan,-0.002334286955707689,-3.0150864586990164e-05,6500.1842345115165,True,True,True,Z_mode_existing_controller,False,0.05060201485354432,0.0,0.0,False,False,False,0.2,-0.1361723393201828,-0.026827523484826088,25.32268305138366,50.175249262150714,196.0370956841974,214.71253736691898,-0.6808617115020752,-0.1341376155614853,-0.06300740197335107,-0.011303574722453778,-0.06300740197335095,-0.011303574722453857,0.055419921875,0.0,-0.387939453125,-0.08734691718164095,-0.0023360893301267666,-3.082254465139019e-05,6403.075571193979,False,True,True,Omega_safe_one_step_QP,False,0.33251953125,0.0,6.401330724886455,False,False,False
184,-180.27944424090583,-1936.1309232224885,12.222291309266131,4.8374616552949865,39.885548938299976,22.86276034969448,0.2,0.0,0.0,25.32741557175348,50.184669726912674,206.18926177617442,216.95414759943054,0.0,0.0,0.0,0.0,-2.7755575615628914e-17,-8.933825901280557e-17,0.055419921875,0.0,nan,nan,-0.0023896658221765205,-3.0703112641778264e-05,6740.367196040889,False,True,True,Omega_safe_one_step_QP,False,0.33251953125,0.0,0.0,False,False,False,0.2,-0.1955135315656662,-0.009729883633553982,25.288663437223985,50.17484160489227,198.76710004016,216.6393417227755,-0.9775676727294922,-0.048649419099092484,-0.10377241117386038,-0.006243659609439412,-0.10377241117386049,-0.006243659609439474,0.055419921875,0.0,-0.387939453125,-0.022064125649258987,-0.0023984887369579615,-3.282924473064488e-05,6560.087751799983,False,True,True,Omega_safe_one_step_QP,False,0.33251953125,0.0,10.3960072172711,False,False,False
185,-170.39036239676807,-2106.5212856192566,8.87548359234212,6.097744062802676,42.958000878690186,23.799855971025313,0.2,0.0,0.0,25.30076753367213,50.18581021037066,211.42660566271832,218.1323212265903,0.0,0.0,0.0,0.0,8.326672684688674e-17,3.469446951953614e-18,0.055419921875,0.0,nan,nan,0.001750941216693044,-4.455587028426994e-05,6503.195360831634,False,True,True,Omega_safe_one_step_QP,False,0.33251953125,0.0,0.0,False,False,False,0.2,-0.19727779924869537,0.06627575308084488,25.25603574960163,50.17478675936367,203.91203467203837,221.11615013495475,-0.9863889813423157,0.3313787579536438,-0.11758320574419981,0.024711816864118996,-0.11758320574419981,0.0247118168641189,0.055419921875,0.0,-0.387939453125,0.1489472032609976,0.0017556012577500226,-4.3447956975052e-05,6332.804998434866,False,True,True,Omega_safe_one_step_QP,False,0.33251953125,0.0,12.015192119066848,False,False,False
186,-83.27826705506322,-2189.79955267432,12.226263958695824,4.189021053526773,39.35832757816107,24.116744798894914,0.2,0.0,0.0,25.34055689643785,50.18748402590396,203.56036347330453,216.5424344304833,0.0,0.0,0.0,0.0,-4.163336342344337e-17,-1.1362438767648086e-16,0.055419921875,0.0,nan,nan,-0.0028557239160065615,4.0596272675897e-06,6675.247997795562,False,True,True,Omega_safe_one_step_QP,False,0.33251953125,0.0,0.0,False,False,False,0.2,-0.16973470151424408,-0.04202203452587128,25.289997171933287,50.17522437254977,200.06654322133144,215.2210349322245,-0.8486735224723816,-0.21011017262935638,-0.08994913890293733,-0.02028160391662944,-0.0899491389029374,-0.020281603916629476,0.055419921875,0.0,-0.387939453125,-0.10976460792877533,-0.00285637434495743,3.125492957640509e-06,6591.969730740499,False,True,True,Omega_safe_one_step_QP,False,0.33251953125,0.0,9.220732642697621,False,False,False
187,-138.31891238599655,-2328.1184650603163,10.896883523345526,5.314315072977665,33.57443498132483,23.715694627204595,0.2,0.0,0.0,25.304735452086796,50.18890479596973,210.6028307900871,218.12227515562358,0.0,0.0,0.0,0.0,5.551115123125783e-17,-1.1449174941446927e-16,0.055419921875,0.0,nan,nan,-0.0009052689281072437,-5.092500859399732e-05,6706.78938341635,False,True,True,Omega_safe_one_step_QP,False,0.33251953125,0.0,0.0,False,False,False,0.2,-0.19747890532016754,-0.032259825617074966,25.25154765665376,50.176135579381004,204.7424443960992,216.9741768058419,-0.9873945116996765,-0.16129912436008453,-0.11977598174697304,-0.019538623477387298,-0.11977598174697297,-0.019538623477387204,0.055419921875,0.0,-0.387939453125,-0.0724264503087393,-0.0009069886772223989,-5.157367161819299e-05,6568.470471030353,False,True,True,Omega_safe_one_step_QP,False,0.33251953125,0.0,12.135915132713448,False,False,False
188,-115.14335941843729,-2443.2618244787536,12.614301205766047,5.76868064487002,37.0341020026175,20.276922174639807,0.2,0.0,0.0,25.303991254430606,50.190315798495824,210.73036771688157,218.2246320627198,0.0,0.0,0.0,0.0,1.3877787807814457e-16,7.632783294297951e-17,0.055419921875,0.0,nan,nan,-0.0022225264337187847,-0.00011498038973807622,6897.008580028369,False,True,True,Omega_safe_one_step_QP,False,0.33251953125,0.0,0.0,False,False,False,0.2,-0.19208703935146332,-0.06287473440170288,25.246253499155593,50.17666152927108,205.9784775855321,215.84224893270567,-0.960435152053833,-0.3143736720085144,-0.11866689647035772,-0.03347101653594738,-0.11866689647035775,-0.03347101653594727,0.055419921875,0.0,-0.387939453125,-0.14512224792337416,-0.002225348172002142,-0.00011627694865240555,6781.865220609931,False,True,True,Omega_safe_one_step_QP,False,0.33251953125,0.0,12.329696373332254,False,False,False
189,-107.75376950854661,-2551.0155939873002,10.646540847371813,4.427264985049972,39.346590200888684,26.900524711064012,0.2,0.0,0.0,25.283589534448165,50.19046207332733,214.74802104135063,219.085143227408,0.0,0.0,0.0,0.0,1.1102230246251565e-16,-1.1102230246251565e-16,0.055419921875,0.0,nan,nan,-0.0010161768863371258,6.567545735995141e-05,6779.356699345288,False,True,True,Omega_safe_one_step_QP,False,0.33251953125,0.0,0.0,False,False,False,0.2,-0.18916884064674377,-0.0015216523315757513,25.222201178346122,50.17612426284943,210.07813971286103,219.3755307374253,-0.9458441734313965,-0.007608261425048113,-0.12600811429930042,-0.008061788060945922,-0.1260081142993005,-0.00806178806094586,0.055419921875,0.0,-0.387939453125,-0.003566331666400318,-0.0010176521984442029,6.531959631338787e-05,6671.602929836741,False,True,True,Omega_safe_one_step_QP,False,0.33251953125,0.0,12.626574078508066,False,False,False
190,-93.71518475281846,-2644.7307787401187,9.107072264140823,5.219532960403785,41.96253360634018,24.905879829956216,0.2,0.0,0.0,25.284605536331036,50.194845024483186,214.49358725819184,219.27679925877214,0.0,0.0,0.0,0.0,-1.3877787807814457e-16,3.8163916471489756e-17,0.055419921875,0.0,nan,nan,0.0010593020922229418,-1.083934050712717e-05,6601.500013051974,False,True,True,Omega_safe_one_step_QP,False,0.33251953125,0.0,0.0,False,False,False,0.2,-0.1910996288061142,-0.08185296505689621,25.219667902159944,50.17978131414129,210.38671138471216,216.0625216916278,-0.9554981589317322,-0.40926480293273926,-0.12832707154424672,-0.04435784134407954,-0.12832707154424663,-0.044357841344079475,0.055419921875,0.0,-0.387939453125,-0.1899024066987682,0.001057739633099403,-1.0420673514021164e-05,6507.784828299155,False,True,True,Omega_safe_one_step_QP,False,0.33251953125,0.0,13.577722702953077,False,False,False
191,-46.54235317116036,-2691.273131911279,8.59942167165412,5.68428389031145,39.055302789994386,25.485177844658004,0.2,0.0,0.0,25.316530332154056,50.19764718180737,208.1644663481108,218.08010555649722,0.0,0.0,0.0,0.0,-8.326672684688674e-17,1.0755285551056204e-16,0.055419921875,0.0,nan,nan,0.001736540811783455,-1.0424901052153226e-05,6396.216818077555,False,True,True,Omega_safe_one_step_QP,False,0.33251953125,0.0,0.0,False,False,False,0.2,-0.1878112256526947,-0.07756178081035614,25.24851225489016,50.18206468604849,206.03426134073982,215.38915926538246,-0.9390560984611511,-0.3878088891506195,-0.11554357097720296,-0.04028734438101485,-0.115543570977203,-0.040287344381014806,0.055419921875,0.0,-0.387939453125,-0.18309737633871354,0.0017325548133654877,-1.0124275436804251e-05,6349.674464906395,False,True,True,Omega_safe_one_step_QP,False,0.33251953125,0.0,12.236579142651932,False,False,False
192,84.27396725870312,-2606.999164652576,10.862210156801506,5.770203608014651,43.283571909957125,26.311692885543398,0.2,0.0,0.0,25.353370833993733,50.1994680402651,200.87781985486347,216.62247945357117,0.0,0.0,0.0,0.0,-1.3877787807814457e-16,9.194034422677078e-17,0.055419921875,0.0,nan,nan,-0.00033375349082844777,6.572228816130107e-05,6461.81805403472,False,True,True,Omega_safe_one_step_QP,False,0.33251953125,0.0,0.0,False,False,False,0.2,-0.11816298961639404,-0.07677673548460007,25.283848803039792,50.18366646967701,204.2306123992584,214.41563156747245,-0.5908149480819702,-0.38388368487358093,-0.06453684252659911,-0.036107178452487794,-0.0645368425265992,-0.03610717845248787,0.055419921875,0.0,-0.387939453125,-0.288074003285627,-0.00032980018814151614,6.608370303188161e-05,6546.092021293423,False,True,True,Omega_safe_one_step_QP,False,0.33251953125,0.0,7.395087814963968,False,False,False
193,23.241527565561228,-2583.7576370870147,12.095271324679311,4.192003309064962,38.629877341715094,27.22241463132638,0.2,0.0,0.0,25.353125019556344,50.20167609642666,200.89772435285624,216.74768690010467,0.0,0.0,0.0,0.0,2.7755575615628914e-17,9.194034422677078e-17,0.055419921875,0.0,nan,nan,-0.0027419042561664083,9.176360663190391e-05,6594.039676767057,False,True,True,Omega_safe_one_step_QP,False,0.33251953125,0.0,0.0,False,False,False,0.2,-0.15676705539226532,-0.05986674502491951,25.286664033360427,50.186518556718674,201.6925464499456,215.13679766215216,-0.7838352918624878,-0.29933372139930725,-0.08482240402638816,-0.029357918680643323,-0.08482240402638815,-0.029357918680643323,0.055419921875,0.0,-0.387939453125,-0.16931161072788922,-0.0027337446877601437,9.19749061120208e-05,6617.2812043326185,False,True,True,Omega_safe_one_step_QP,False,0.33251953125,0.0,8.975927592218584,False,False,False
194,-58.440714441991986,-2642.1983515290067,9.125089151246822,2.838620139905504,37.99856852578616,27.54696671079995,0.2,0.0,0.0,25.316766900451533,50.204402616603474,208.03062111086717,218.42193408621557,0.0,0.0,0.0,0.0,1.3877787807814457e-16,3.469446951953614e-17,0.055419921875,0.0,nan,nan,-0.00024825981484198015,5.6538631287191866e-05,6450.759254834571,False,True,True,Omega_safe_one_step_QP,False,0.33251953125,0.0,0.0,False,False,False,0.2,-0.19262485206127167,-0.067361980676651,25.251346199764924,50.18945926630109,205.40827469815548,216.0774616282793,-0.9631242752075195,-0.336809903383255,-0.11771801377139564,-0.036515704835043954,-0.11771801377139572,-0.036515704835044016,0.055419921875,0.0,-0.387939453125,-0.15504523602210055,-0.00025041294673258836,5.663814587976521e-05,6392.318540392579,False,True,True,Omega_safe_one_step_QP,False,0.33251953125,0.0,12.325148058292278,False,False,False
195,-41.397800469109825,-2683.5961519981165,8.497257141446203,6.794949466026749,39.38664042072576,23.738764839208688,0.2,0.0,0.0,25.323704787919326,50.207525273306864,206.6235853287904,218.2949598109881,0.0,0.0,0.0,0.0,-6.938893903907228e-17,4.5102810375396984e-17,0.055419921875,0.0,nan,nan,0.002371642591576206,-6.345860061149605e-05,6348.066574037631,False,True,True,Omega_safe_one_step_QP,False,0.33251953125,0.0,0.0,False,False,False,0.2,-0.19140249490737915,-0.07510297000408173,25.25639824203593,50.19226892005256,204.71224011693675,215.69736696852507,-0.9570124745368958,-0.37551483511924744,-0.11514659657679077,-0.03980823185209223,-0.11514659657679063,-0.0398082318520923,0.055419921875,0.0,-0.387939453125,-0.1739664148984387,0.0023673650257523913,-6.306505303199563e-05,6306.668773568521,False,True,True,Omega_safe_one_step_QP,False,0.33251953125,0.0,12.183363257495076,False,False,False
196,72.5288944277545,-2611.067257570362,8.843415110091836,5.50556414553935,40.90938614084556,24.028603867076537,0.2,0.0,0.0,25.368768280159326,50.20802175358183,197.73145755944697,216.41828840454804,0.0,0.0,0.0,0.0,9.020562075079397e-17,1.238158880978446e-16,0.26014284641297625,-0.05033574002966734,nan,nan,0.001465260470562016,-4.283526843389118e-05,6174.918200430953,True,True,True,Z_mode_existing_controller,False,0.05060201485354432,0.0,0.0,False,False,False,0.2,-0.1350722759962082,-0.07848381996154785,25.30012718487112,50.192579897475305,200.70589663122612,214.1674937301021,-0.6753613948822021,-0.39241909980773926,-0.06970998823495005,-0.03693678253857377,-0.06970998823495007,-0.036936782538573756,0.055419921875,0.0,-0.387939453125,-0.25761420772047405,0.0014569206507360384,-4.325193952802245e-05,6247.447094858708,False,True,True,Omega_safe_one_step_QP,False,0.33251953125,0.0,7.889111714267167,False,False,False
197,168.21738068700597,-2442.849876883356,10.619963282553934,5.657951606197331,36.62971548630681,24.277958004953067,0.2,0.0,0.0,25.39288022683681,50.20754907262365,192.98106953265253,215.3705083329382,0.0,0.0,0.0,0.0,1.0061396160665481e-16,1.3010426069826053e-16,0.26014284641297625,-0.05033574002966734,nan,nan,-0.0003484366240042253,-2.6892643026427826e-05,6244.948570121302,True,True,True,Z_mode_existing_controller,False,0.05060201485354432,0.0,0.0,False,False,False,0.2,-0.057920075953006744,-0.03161856532096863,25.326805251003265,50.192675920380424,199.8005123281246,215.3207477798895,-0.2896003723144531,-0.15809282660484314,-0.026887522669988326,-0.014292551718018735,-0.026887522669988388,-0.014292551718018598,0.055419921875,0.0,-0.387939453125,-0.24202985110853611,-0.00034289574009472353,-2.6307939326852565e-05,6413.165950808308,False,True,True,Omega_safe_one_step_QP,False,0.33251953125,0.0,3.04502201952856,False,False,False
198,25.147619555560595,-2417.7022573277955,8.531301963229016,5.90207698152441,43.22273637879667,23.732645740379727,0.2,0.0,0.0,25.38585927436449,50.20665910789079,194.37305564386034,215.61065605639976,0.0,0.0,0.0,0.0,-2.949029909160572e-17,6.071532165918825e-18,0.26014284641297625,-0.05033574002966734,nan,nan,0.0020229515545869435,-4.81978672227136e-05,6062.862502704879,True,True,True,Z_mode_existing_controller,False,0.05060201485354432,0.0,0.0,False,False,False,0.2,-0.16046950221061707,-0.026216654106974602,25.325661831220145,50.192924115690474,195.2865949749653,215.56910743055445,-0.8023474812507629,-0.13108326494693756,-0.07496415008780657,-0.01249270126951202,-0.07496415008780659,-0.01249270126951191,0.055419921875,0.0,-0.387939453125,-0.07243369748978014,0.0020167005097104706,-4.842216828257516e-05,6088.01012226044,False,True,True,Omega_safe_one_step_QP,False,0.33251953125,0.0,7.599796960048627,False,False,False
199,223.5981399666689,-2194.1041173611266,10.200748337733655,4.252290811426841,41.268763894097155,26.399166890807887,0.2,0.0,0.0,25.415563094477417,50.2055615936419,188.52764950295847,214.2930751167154,0.0,0.0,0.0,0.0,-8.326672684688674e-17,-1.3530843112619095e-16,0.055419921875,0.0,nan,nan,-0.000599886103058305,4.974822043067335e-05,6093.772401881238,False,True,True,Omega_safe_one_step_QP,False,0.33251953125,0.0,0.0,False,False,False,0.2,0.015979889780282974,-0.031185850501060486,25.356260149892986,50.19200279979968,197.71028150572914,215.29631599582376,0.07989944517612457,-0.15592925250530243,0.008787208471637643,-0.0018936802319583501,0.008787208471637643,-0.0018936802319584802,0.26014284641297625,-0.05033574002966734,0.28607174067200514,-0.10093775488321166,-0.0005976316416035775,5.001854716049983e-05,6317.370541847907,True,True,True,Z_mode_existing_controller,False,0.05060201485354432,0.0,0.8988940846670012,False,False,False
200,167.0870417624883,-2027.0170755986383,9.77991805664148,4.678121758657182,43.76310071094258,22.3872183769624,0.2,0.0,0.0,25.401093107126886,50.20551845152321,191.3781557677835,214.89343473997798,0.0,0.0,0.0,0.0,4.163336342344337e-17,-5.551115123125783e-17,0.26014284641297625,-0.05033574002966734,nan,nan,0.00014893747666229462,-6.775753546049788e-05,6119.56255240345,True,True,True,Z_mode_existing_controller,False,0.05060201485354432,0.0,0.0,False,False,False,0.2,-0.0486871711909771,-0.00908214133232832,25.349504909202484,50.193435054282006,198.26877251945996,215.5812538600771,-0.24343585968017578,-0.045410703867673874,-0.0007406122088662939,-0.0029564027324247635,-0.0007406122088662245,-0.0029564027324248563,0.26014284641297625,-0.05033574002966734,-0.011122361827433924,-0.10093775488321166,0.00014662334696443312,-6.802014369243665e-05,6286.649594165939,True,True,True,Z_mode_existing_controller,False,0.05060201485354432,0.0,0.3047757136028318,False,False,False
201,176.41181549414978,-1850.6052601044885,10.464037015377553,2.769245343021503,36.22374338168348,23.020621728016003,0.2,0.0,0.0,25.4002132053382,50.203568031635875,191.5719852284693,214.81670804953436,0.0,0.0,0.0,0.0,-8.326672684688674e-17,7.28583859910259e-17,0.26014284641297625,-0.05033574002966734,nan,nan,-0.0018783490951536385,-6.817363774627456e-05,6196.285692316156,True,True,True,Z_mode_existing_controller,False,0.05060201485354432,0.0,0.0,False,False,False,0.2,0.03464193269610405,-0.04577138274908066,25.35438421915485,50.19258855240076,198.79215345936672,215.34999942870323,0.17320965230464935,-0.2288569062948227,0.013475535398630056,-0.0027793490095255266,0.013475535398629931,-0.002779349009525556,0.26014284641297625,-0.05033574002966734,0.2984408284174406,-0.10093775488321166,-0.001874491507388669,-6.775207787156328e-05,6372.697507810306,True,True,True,Z_mode_existing_controller,False,0.05060201485354432,0.0,1.3759172765703485,False,False,False
202,-47.96879825558699,-1898.5740583600755,10.604408112223187,3.316130907863331,43.32006921113815,24.886856119418237,0.2,0.0,0.0,25.369090144723106,50.20164452896706,197.72756129776997,216.01487002330975,0.0,0.0,0.0,0.0,-1.0755285551056204e-16,-8.803721640582296e-17,0.26014284641297625,-0.05033574002966734,nan,nan,-0.0015251382567678512,1.8678024519651337e-05,6358.84532803689,True,True,True,Z_mode_existing_controller,False,0.05060201485354432,0.0,0.0,False,False,False,0.2,-0.15099354088306427,-0.01437603123486042,25.329356699140092,50.191836612870944,195.61377218063907,215.98108454162832,-0.7549676895141602,-0.07188015431165695,-0.07033199753805278,-0.006981640852944646,-0.07033199753805278,-0.0069816408529446115,0.055419921875,0.0,-0.387939453125,-0.042212058780741434,-0.001524993872103587,1.8521888015838022e-05,6310.876529781303,False,True,True,Omega_safe_one_step_QP,False,0.33251953125,0.0,7.067767106160322,False,False,False
203,-96.66532553137677,-1995.2393838914522,11.993058216601789,5.3496773136249365,39.80407170723044,25.004074889662647,0.2,0.0,0.0,25.34836207037494,50.202418814697566,201.80215258887688,216.92368183005652,0.0,0.0,0.0,0.0,-9.71445146547012e-17,-1.231653667943533e-16,0.055419921875,0.0,nan,nan,-0.0018243485972738041,2.880226460273954e-05,6604.981259888016,False,True,True,Omega_safe_one_step_QP,False,0.33251953125,0.0,0.0,False,False,False,0.2,-0.18296247720718384,-0.020105857402086258,25.307085436905894,50.192294375903046,197.75492617427145,216.5043841832766,-0.9148123860359192,-0.10052928328514099,-0.09335232443262512,-0.011420261372648278,-0.09335232443262508,-0.011420261372648182,0.055419921875,0.0,-0.387939453125,-0.048721030168026626,-0.0018266667001008534,2.777515630715717e-05,6508.315934356639,False,True,True,Omega_safe_one_step_QP,False,0.33251953125,0.0,9.404827933988836,False,False,False
204,-111.59076338479463,-2106.830147276247,8.580335082569613,6.181304122984166,40.131637030374485,24.37701737317999,0.2,0.0,0.0,25.326513548391542,50.204026382849484,206.0878215520379,217.92548998263493,0.0,0.0,0.0,0.0,-1.3877787807814457e-16,7.28583859910259e-17,0.055419921875,0.0,nan,nan,0.002019621445343832,-4.034505850397663e-05,6344.558144454106,False,True,True,Omega_safe_one_step_QP,False,0.33251953125,0.0,0.0,False,False,False,0.2,-0.1934284120798111,-0.0787246972322464,25.2820973529148,50.19327128767674,201.23076715302102,214.786331183116,-0.9671420454978943,-0.3936234712600708,-0.10830854488325872,-0.03969966986067235,-0.10830854488325865,-0.03969966986067224,0.055419921875,0.0,-0.387939453125,-0.18044573796920496,0.002021995422192022,-3.9413377898040846e-05,6232.967381069311,False,True,True,Omega_safe_one_step_QP,False,0.33251953125,0.0,11.53551242111732,False,False,False
205,-7.747059695065218,-2114.577206971312,10.392216969833052,5.830224224079268,45.633019828423045,21.44119071656682,0.2,0.0,0.0,25.365864388142406,50.20491244877316,198.31728366579986,216.3107929315925,0.0,0.0,0.0,0.0,1.3877787807814457e-17,-8.912141857830846e-17,0.26014284641297625,-0.05033574002966734,nan,nan,0.00022294308865948467,-7.968309651103234e-05,6349.513589169725,True,True,True,Z_mode_existing_controller,False,0.05060201485354432,0.0,0.0,False,False,False,0.2,-0.14674340188503265,-0.05498405173420906,25.317735786944894,50.193515829314734,197.89520964765825,214.68901747572258,-0.7337169647216797,-0.274920254945755,-0.07193546190341621,-0.02583975763130751,-0.07193546190341633,-0.02583975763130757,0.055419921875,0.0,-0.387939453125,-0.16612464000899682,0.00022327006962067405,-7.953035001089133e-05,6341.766529474659,False,True,True,Omega_safe_one_step_QP,False,0.33251953125,0.0,7.643561835756012,False,False,False
206,2.0581605607403617,-2112.5190464105717,12.895533029499347,6.3351928288716,39.166300052740105,27.08504635461243,0.2,0.0,0.0,25.3718357132172,50.203803263718505,197.1505785825021,215.99185601568493,0.0,0.0,0.0,0.0,1.3530843112619095e-16,-5.2909066017292616e-17,0.26014284641297625,-0.05033574002966734,nan,nan,-0.002066568099965091,9.989932358760254e-05,6582.293127210856,True,True,True,Z_mode_existing_controller,False,0.05060201485354432,0.0,0.0,False,False,False,0.2,-0.14490799605846405,0.012617860920727253,25.323570142058568,50.192415908262724,197.0593768197678,217.42936338646058,-0.7245399355888367,0.06308930367231369,-0.06946680634296418,0.004588837369890856,-0.06946680634296407,0.004588837369890783,0.055419921875,0.0,-0.387939453125,0.03860550890092721,-0.002059243118589834,0.000100022660342479,6584.351287771597,False,True,True,Omega_safe_one_step_QP,False,0.33251953125,0.0,6.96182060376319,False,False,False
207,-77.34936903399102,-2189.8684154445627,8.548942684778185,5.607369933085888,37.876577835193714,27.19193767591376,0.2,0.0,0.0,25.342502761706722,50.20610759346259,202.90351086768948,217.34711759641021,0.0,0.0,0.0,0.0,4.163336342344337e-17,1.3877787807814457e-17,0.055419921875,0.0,nan,nan,0.0017338189510189832,3.7564992351336e-05,6266.510625806542,False,True,True,Omega_safe_one_step_QP,False,0.33251953125,0.0,0.0,False,False,False,0.2,-0.19216948747634888,-0.03035079315304756,25.294473702702938,50.19469457287679,199.4489250080397,216.58518738082986,-0.9608474373817444,-0.1517539620399475,-0.10319722430674785,-0.01739129239702008,-0.10319722430674788,-0.017391292397020093,0.055419921875,0.0,-0.387939453125,-0.07002312833219984,0.0017342005075409832,3.8144990196654644e-05,6189.161256772551,False,True,True,Omega_safe_one_step_QP,False,0.33251953125,0.0,10.465239679938492,False,False,False
208,-18.33023871640671,-2208.1986541609695,10.183997530301793,3.64234771655806,38.59916025773136,26.513212480963123,0.2,0.0,0.0,25.374926885327007,50.20805270303866,196.48602756603788,216.0823108082139,0.0,0.0,0.0,0.0,6.591949208711867e-17,-6.852157730108388e-17,0.26014284641297625,-0.05033574002966734,nan,nan,-0.000993922663533854,4.2962314048700795e-05,6285.431023630486,True,True,True,Z_mode_existing_controller,False,0.05060201485354432,0.0,0.0,False,False,False,0.2,-0.1742725968360901,-0.031240353360772133,25.32430573164184,50.19614905143223,195.58293809624817,215.61390353747979,-0.8713629841804504,-0.15620176494121552,-0.08339869058836476,-0.015375185458116442,-0.08339869058836488,-0.015375185458116315,0.055419921875,0.0,-0.387939453125,-0.07947723160307406,-0.0009935093675287861,4.292960898636582e-05,6267.10078491408,False,True,True,Omega_safe_one_step_QP,False,0.33251953125,0.0,8.480411499287804,False,False,False
209,-35.21422625321338,-2243.412880414183,10.74192203348615,3.9331030649568897,43.0905834811321,22.700112973742495,0.2,0.0,0.0,25.361121470762793,50.20910463627445,199.19263319447495,216.71491858154567,0.0,0.0,0.0,0.0,1.249000902703301e-16,1.4137996329210978e-16,0.26014284641297625,-0.05033574002966734,nan,nan,-0.0013165061028970638,-4.6038096335712826e-05,6408.474817363027,True,True,True,Z_mode_existing_controller,False,0.05060201485354432,0.0,0.0,False,False,False,0.2,-0.18218880891799927,0.013992184773087502,25.309985266361476,50.197098252472415,197.54560761485112,218.15068836842642,-0.9109440445899963,0.06996092200279236,-0.09240332648924343,0.0034106704949984044,-0.09240332648924346,0.0034106704949984634,0.055419921875,0.0,-0.387939453125,0.03405020501930354,-0.0013158195953295818,-4.624733927500362e-05,6373.2605911098135,False,True,True,Omega_safe_one_step_QP,False,0.33251953125,0.0,9.246625016460431,False,False,False
210,-52.515145753026445,-2295.9280261672093,7.37139709424887,4.706917612989842,44.16053210931312,29.978421306150942,0.2,0.0,0.0,25.344712772764908,50.20879426571079,202.42847215668527,217.38223651151742,0.0,0.0,0.0,0.0,6.938893903907228e-17,-1.734723475976807e-17,0.055419921875,0.0,nan,nan,0.002664807172841736,0.0001227947263068973,6129.504126222479,False,True,True,Omega_safe_one_step_QP,False,0.33251953125,0.0,0.0,False,False,False,0.2,-0.19032900035381317,-0.02341974340379238,25.292465349741,50.19650891616979,199.97542411857248,217.05287030807466,-0.951645016670227,-0.11709871888160706,-0.10321416667907746,-0.014648824627279377,-0.10321416667907757,-0.014648824627279289,0.055419921875,0.0,-0.387939453125,-0.054554811819867446,0.0026622525198873267,0.00012353138843577104,6076.988980469452,False,True,True,Omega_safe_one_step_QP,False,0.33251953125,0.0,10.424851205756937,False,False,False
211,167.7182007024776,-2128.2098254647317,6.6103888775982735,5.815583601174872,44.36172383795606,28.021385626898184,0.2,0.0,0.0,25.390700994471725,50.21236389388774,193.31788041644853,215.63563386859153,0.0,0.0,0.0,0.0,5.0306980803327406e-17,-1.3097162243624894e-16,0.26014284641297625,-0.05033574002966734,nan,nan,0.003900406402412629,5.561876749574264e-05,5840.964722268133,True,True,True,Z_mode_existing_controller,False,0.05060201485354432,0.0,0.0,False,False,False,0.2,-0.023898674175143242,-0.092645563185215,25.336645614934245,50.19974082104009,200.6929323372053,213.70524194730226,-0.11949336528778076,-0.4632278084754944,-0.009053774241936437,-0.03132641376932657,-0.00905377424193654,-0.03132641376932656,0.055419921875,0.0,-0.03035618721214635,-0.33251953125,0.0038679972222628025,5.20835077186723e-05,6008.682922970611,False,True,True,Omega_safe_one_step_QP,False,0.33251953125,0.0,3.2608511583189665,False,False,False
212,224.24308822634794,-1903.9667372383838,9.362012530438582,5.839815715092879,38.0241889248228,24.339559489394738,0.2,0.0,0.0,25.447677590807324,50.21316662352327,182.0736213397484,213.274226263285,0.0,0.0,0.0,0.0,0.0,6.245004513516506e-17,0.055419921875,0.0,nan,nan,0.001058489606910989,-3.4650013769578145e-05,5855.079822660785,False,True,True,Omega_safe_one_step_QP,False,0.33251953125,0.0,0.0,False,False,False,0.2,0.04480552300810814,0.05728275328874588,25.3993322798002,50.20173529089669,191.39291697598298,216.3279573337503,0.2240276038646698,0.2864137589931488,0.021279110440618962,0.020173860288551098,0.021279110440618913,0.020173860288551122,0.055419921875,0.0,0.3155106237476403,0.33251953125,0.0010531999735153498,-3.556140141382528e-05,6079.322910887133,False,True,True,Omega_safe_one_step_QP,False,0.33251953125,0.0,2.9322093719344755,False,False,False
213,185.01373305363268,-1718.953004184751,11.21634377029288,5.820836383679006,42.99548789551984,25.33424535290993,0.2,0.0,0.0,25.452723343023266,50.210416390451435,181.10868756596375,212.90404472877617,0.0,0.0,0.0,0.0,-2.7755575615628914e-17,-1.249000902703301e-16,0.055419921875,0.0,nan,nan,-0.0006856074735753022,3.7427819881898083e-05,6011.831446072242,False,True,True,Omega_safe_one_step_QP,False,0.33251953125,0.0,0.0,False,False,False,0.2,0.02427694760262966,0.06717704236507416,25.41204632847052,50.20039440519128,188.541077730883,216.11042228122497,0.12138473242521286,0.3358851969242096,0.01719655372816538,0.024066032760046104,0.017196553728165503,0.024066032760046114,0.055419921875,0.0,0.17558834478854302,0.33251953125,-0.0006736758953574997,3.861781221258312e-05,6196.845179125875,False,True,True,Omega_safe_one_step_QP,False,0.33251953125,0.0,2.957863068049796,False,False,False
214,58.64747551710025,-1660.3055286676508,8.417336207524134,5.4174898024129,43.69562595136999,22.954564531436315,0.2,0.0,0.0,25.430817776528517,50.20896508868843,185.4415889893511,213.74008728518572,0.0,0.0,0.0,0.0,8.326672684688674e-17,7.979727989493313e-17,0.055419921875,0.0,nan,nan,0.0019340393489699183,-6.980541109755968e-05,5841.178141955185,False,True,True,Omega_safe_one_step_QP,False,0.33251953125,0.0,0.0,False,False,False,0.2,-0.061598386615514755,0.006352645810693502,25.396508812907427,50.2000850438093,187.8480311171614,214.74391060855712,-0.3079919219017029,0.0317632295191288,-0.020861319493476048,0.004007505867314534,-0.020861319493476076,0.0040075058673145845,0.055419921875,0.0,-0.387939453125,0.045723682566647744,0.0019283484931118854,-7.041879194167678e-05,5899.825617472286,False,True,True,Omega_safe_one_step_QP,False,0.33251953125,0.0,2.124275769022113,False,False,False
215,123.43054749293333,-1536.8749811747175,9.902414567331888,6.338319106752387,38.40145314172927,23.795310785704313,0.2,0.0,0.0,25.451794861431363,50.20604569573042,181.33798038655962,212.68981050494338,0.0,0.0,0.0,0.0,2.7755575615628914e-17,1.249000902703301e-16,0.055419921875,0.0,nan,nan,0.000795409703580263,-4.3432069867413436e-05,5890.354671814644,False,True,True,Omega_safe_one_step_QP,False,0.33251953125,0.0,0.0,False,False,False,0.2,0.010439170524477959,0.03816277161240578,25.419494253613,50.19752898791252,186.39476643434017,214.6217640080541,0.052195850759744644,0.1908138543367386,0.009167168913107843,0.01384997194310324,0.009167168913107968,0.013849971943103188,0.055419921875,0.0,0.14637841212023722,0.33251953125,0.0007960942135902043,-4.36180836037082e-05,6013.785219307577,False,True,True,Omega_safe_one_step_QP,False,0.33251953125,0.0,1.6608994813238982,False,False,False
216,121.1459520437329,-1415.7290291309846,10.793376708729609,4.579498832904815,42.25709338232817,26.70950599021815,0.2,0.0,0.0,25.452307246615945,50.20302428369628,181.26993379765258,212.49560506124465,0.0,0.0,0.0,0.0,-2.7755575615628914e-17,1.1102230246251565e-16,0.055419921875,0.0,nan,nan,-0.0010259654523323437,7.033691584739385e-05,5975.556536569662,False,True,True,Omega_safe_one_step_QP,False,0.33251953125,0.0,0.0,False,False,False,0.2,0.03197850286960602,0.02803158201277256,25.424248897695048,50.1952749079102,186.17976552438913,213.95405361095527,0.1598925143480301,0.14015790820121765,0.01568352916802497,0.010396237288897152,0.015683529168024846,0.010396237288897176,0.055419921875,0.0,0.387939453125,0.2914785770018727,-0.001020345773373653,7.088190517319081e-05,6096.702488613395,False,True,True,Omega_safe_one_step_QP,False,0.33251953125,0.0,1.8816344940804706,False,False,False
217,-28.976772637111935,-1444.7058017680965,9.497574710235611,4.11104806111334,41.03040447152411,28.260019641041623,0.2,0.0,0.0,25.42545173214154,50.202275562293806,186.5703891927589,213.57870520633278,0.0,0.0,0.0,0.0,-1.5265566588595902e-16,2.0816681711721685e-17,0.055419921875,0.0,nan,nan,8.205604590979946e-05,9.55320227641358e-05,5976.359955018069,False,True,True,Omega_safe_one_step_QP,False,0.33251953125,0.0,0.0,False,False,False,0.2,-0.1165706142783165,-0.016548311337828636,25.401573770718628,50.1952959918595,185.27104143551261,213.418604571431,-0.5828530788421631,-0.08274155855178833,-0.0385347724733506,-0.004533699963213917,-0.038534772473350486,-0.0045336999632139205,0.055419921875,0.0,-0.387939453125,-0.06293909504953049,8.23609947018791e-05,9.56026821267806e-05,5947.383182380957,False,True,True,Omega_safe_one_step_QP,False,0.33251953125,0.0,3.880055572964549,False,False,False
218,26.900792368660404,-1417.8050093994361,10.640744639306556,5.8892686690636005,37.24900879855974,24.777722831389784,0.2,0.0,0.0,25.41960263709416,50.20285574200767,187.71405372594324,213.85038762713782,0.0,0.0,0.0,0.0,-5.551115123125783e-17,-1.3183898417423734e-16,0.055419921875,0.0,nan,nan,-0.00022050423255388614,-9.505119216465623e-06,6118.504167337706,False,True,True,Omega_safe_one_step_QP,False,0.33251953125,0.0,0.0,False,False,False,0.2,-0.05109439417719841,0.004205016419291496,25.394780469601706,50.195689603385134,188.74204700678672,214.4746315901608,-0.25547197461128235,0.02102508209645748,-0.01759380800216062,0.0029350291692590673,-0.017593808002160746,0.00293502916925905,0.055419921875,0.0,-0.387939453125,0.03648802342300402,-0.00021857589233046623,-9.42725680948579e-06,6145.404959706367,False,True,True,Omega_safe_one_step_QP,False,0.33251953125,0.0,1.783694133648743,False,False,False
219,67.2162216084962,-1350.58878779094,7.405754788080874,5.142111684135541,41.12202554130248,26.160415580609687,0.2,0.0,0.0,25.410159348443848,50.20151143245317,189.588912008564,214.1675919531926,0.0,0.0,0.0,0.0,5.551115123125783e-17,-4.85722573273506e-17,0.055419921875,0.0,nan,nan,0.0027890922404022298,3.893787707192915e-06,5837.36016045465,False,True,True,Omega_safe_one_step_QP,False,0.33251953125,0.0,0.0,False,False,False,0.2,-0.0564301498234272,-0.013344078324735165,25.386305823014467,50.19450840972534,192.4718435394747,214.13167392365386,-0.2821507453918457,-0.0667203888297081,0.002444121194028221,-0.003426575113076938,0.002444121194028235,-0.003426575113076938,0.26014284641297625,-0.05033574002966734,0.046154348289448754,-0.10093775488321166,0.002779413756670486,2.8640192486690565e-06,5904.576382063146,True,True,True,Z_mode_existing_controller,False,0.05060201485354432,0.0,0.4208936375933492,False,False,False
220,80.67708221228531,-1269.9117055786546,5.921188292669849,5.7508359959017845,37.82562074836475,27.486923197207638,0.2,0.0,0.0,25.447414672267744,50.20072978059494,182.2510975848047,212.54946211289507,0.0,0.0,0.0,0.0,0.0,-6.938893903907228e-18,0.055419921875,0.0,nan,nan,0.004509201203690769,2.022789477873488e-05,5522.751085699545,False,True,True,Omega_safe_one_step_QP,False,0.33251953125,0.0,0.0,False,False,False,0.2,-0.003127799602225423,0.08356238156557083,25.425853950829914,50.19418204964415,185.73511072802262,215.8673028983688,-0.01563899777829647,0.41781190037727356,0.0122399457905224,0.03069296425479569,0.012239945790522483,0.030692964254795594,0.055419921875,0.0,0.0429734784145559,0.33251953125,0.004492817469427732,1.8425909395821533e-05,5603.42816791183,False,True,True,Omega_safe_one_step_QP,False,0.33251953125,0.0,3.3043521720620137,False,False,False
221,164.3247658027467,-1105.586939775908,8.11693575898667,5.34037795942801,38.55611862186634,25.025882234464092,0.2,0.0,0.0,25.504405129503265,50.1991377526134,171.03228092739715,210.0558170001204,0.0,0.0,0.0,0.0,-2.7755575615628914e-17,-1.1102230246251565e-16,0.055419921875,0.0,nan,nan,0.002123851508991451,-2.359882786279145e-05,5475.649364551822,False,True,True,Omega_safe_one_step_QP,False,0.33251953125,0.0,0.0,False,False,False,0.2,0.08590288460254669,0.07141024619340897,25.485514285120637,50.193028995487,178.02982811831373,213.1179780854514,0.42951440811157227,0.35705122351646423,0.05227449026038941,0.02894516834788479,0.052274490260389495,0.028945168347884832,0.055419921875,0.0,0.387939453125,0.27642030533134726,0.0021126392807972504,-2.5530129743678645e-05,5639.974130354569,False,True,True,Omega_safe_one_step_QP,False,0.33251953125,0.0,5.975320161021458,False,False,False
222,11.850694664409275,-1093.7362451114986,7.657019087538242,4.925773820675885,45.948308778967274,26.349162380936065,0.2,0.0,0.0,25.516341395288745,50.1949316565982,168.72609610348914,209.31547644888047,0.0,0.0,0.0,0.0,-1.1102230246251565e-16,0.0,0.055419921875,0.0,nan,nan,0.002581837877432526,3.363921618992861e-05,5378.2132976941075,False,True,True,Omega_safe_one_step_QP,False,0.33251953125,0.0,0.0,False,False,False,0.2,-0.14588563144207,-0.15274040400981903,25.503032729790533,50.18982591376076,169.30541278948996,205.29556470861922,-0.7294281125068665,-0.7637020349502563,-0.0011927593227104571,-0.040148979501277604,-0.0011927593227103461,-0.04014897950127756,0.055419921875,0.0,-0.26217660471339954,-0.33251953125,0.002579704345202107,3.3701028385036205e-05,5390.063992358517,False,True,True,Omega_safe_one_step_QP,False,0.33251953125,0.0,4.016669304032786,False,False,False
223,11.390290005706447,-1082.3459551057922,9.665946021398891,5.526408558696988,39.896295010142595,27.124063610648257,0.2,0.0,0.0,25.533252608173143,50.191523171918355,165.42977758511012,208.40952067489437,0.0,0.0,0.0,0.0,1.1102230246251565e-16,-9.71445146547012e-17,0.055419921875,0.0,nan,nan,0.000628835674762955,6.026872936366976e-05,5485.93841717621,False,True,True,Omega_safe_one_step_QP,False,0.33251953125,0.0,0.0,False,False,False,0.2,-0.1648406833410263,-0.1570652574300766,25.52044238317161,50.18663504678174,165.97483132948375,204.2192684954278,-0.824203372001648,-0.7853262424468994,-0.0009266192296035203,-0.04183306132780469,-0.0009266192296034093,-0.041833061327804746,0.055419921875,0.0,-0.29356079895621034,-0.33251953125,0.0006293870066339255,6.0473345959799994e-05,5497.328707181917,False,True,True,Omega_safe_one_step_QP,False,0.33251953125,0.0,4.184332256468817,False,False,False
224,-3.7271101285787154,-1086.073065234371,8.501064988750572,5.122707449030571,38.15037036124708,31.49313441759407,0.2,0.0,0.0,25.51815266675591,50.18814437271345,168.44371201046144,208.85304837257675,0.0,0.0,0.0,0.0,-1.1102230246251565e-16,-1.249000902703301e-16,0.055419921875,0.0,nan,nan,0.0016113541791482559,0.00017351191741491216,5450.958129849471,False,True,True,Omega_safe_one_step_QP,False,0.33251953125,0.0,0.0,False,False,False,0.2,-0.10093694925308228,-0.08738572895526886,25.505851014659818,50.18347573198487,168.30888338508186,206.23761343939734,-0.5046847462654114,-0.4369286298751831,-0.007088557088414271,-0.02606091558899591,-0.007088557088414382,-0.02606091558899601,0.055419921875,0.0,-0.32866461289635257,-0.33251953125,0.0016111846558447716,0.00017331975736730202,5447.231019720893,False,True,True,Omega_safe_one_step_QP,False,0.33251953125,0.0,2.7007757458413466,False,False,False
225,-31.140690595977503,-1117.2137558303484,8.861312356434539,8.241140296645645,38.885720145284274,23.25023900366697,0.2,0.0,0.0,25.52029329544563,50.187507148291296,168.02662499460772,208.7213960584721,0.0,0.0,0.0,0.0,5.551115123125783e-17,6.938893903907228e-17,0.055419921875,0.0,nan,nan,0.002777326863097819,-6.780155363910476e-05,5473.627585254708,False,True,True,Omega_safe_one_step_QP,False,0.33251953125,0.0,0.0,False,False,False,0.2,-0.15548333525657654,-0.0648464635014534,25.50793648577141,50.18289630482856,166.69297342027252,207.0235896467455,-0.7774166464805603,-0.3242323100566864,-0.019562484430679927,-0.017007734516104822,-0.01956248443068004,-0.01700773451610474,0.055419921875,0.0,-0.387939453125,-0.18490912535109533,0.002778276661706989,-6.736568043178015e-05,5442.48689465873,False,True,True,Omega_safe_one_step_QP,False,0.33251953125,0.0,2.592207226420951,False,False,False
226,13.239809243258605,-1103.9739465870898,9.121142545520977,4.749050571879935,44.97946363107973,25.689108335486253,0.2,0.0,0.0,25.539580490076478,50.18198069783726,164.28683072171034,207.59895057521823,0.0,0.0,0.0,0.0,-5.551115123125783e-17,-1.3877787807814457e-17,0.055419921875,0.0,nan,nan,0.0009235348425225172,2.9645549351015217e-05,5408.867739946964,False,True,True,Omega_safe_one_step_QP,False,0.33251953125,0.0,0.0,False,False,False,0.2,-0.03595352917909622,-0.019783763214945793,25.526214564694364,50.17722272418709,164.82124281597493,207.07627068347034,-0.1797676384449005,-0.09891881793737411,-0.0032646562335838514,-0.005667210800602382,-0.0032646562335837404,-0.005667210800602437,0.055419921875,0.0,-0.387939453125,-0.24396261213839607,0.0009234195087543251,2.961845409995374e-05,5422.107549190223,False,True,True,Omega_safe_one_step_QP,False,0.33251953125,0.0,0.654027970211839,False,False,False
227,6.0488898258618065,-1097.925056761228,9.624678773706709,4.710939556679718,38.28912017119934,26.951758310660704,0.2,0.0,0.0,25.52798418148674,50.17783683162104,166.6190690913103,207.8528958007607,0.0,0.0,0.0,0.0,0.0,9.71445146547012e-17,0.055419921875,0.0,nan,nan,0.00019705451300995776,4.885751442626485e-05,5511.998326603414,False,True,True,Omega_safe_one_step_QP,False,0.33251953125,0.0,0.0,False,False,False,0.2,-0.051608312875032425,-0.01113061048090458,25.515109856353074,50.17318756836518,166.83281146908848,207.82815598897625,-0.2580415606498718,-0.05565305054187775,-0.00585812477077613,-0.0006060085538080323,-0.005858124770776296,-0.0006060085538080601,0.055419921875,0.0,-0.387939453125,-0.09562142669015129,0.00019757216927079966,4.884421549212993e-05,5518.047216429276,False,True,True,Omega_safe_one_step_QP,False,0.33251953125,0.0,0.5889386402442319,False,False,False
228,-4.722464882813256,-1102.6475216440413,10.82377797206988,4.823434823909738,44.03674136762523,22.452123827666778,0.2,0.0,0.0,25.507431921606337,50.17445002964161,170.70795483762996,208.52556531349165,0.0,0.0,0.0,0.0,-5.551115123125783e-17,-5.551115123125783e-17,0.055419921875,0.0,nan,nan,-0.0008760692321640885,-5.0691278445586744e-05,5721.228729574202,False,True,True,Omega_safe_one_step_QP,False,0.33251953125,0.0,0.0,False,False,False,0.2,-0.06501250714063644,-0.03312506899237633,25.494797020884256,50.169844119516085,170.4928963574573,207.5931792874146,-0.3250625431537628,-0.16562533378601074,-0.01003041584257408,-0.009669611260504321,-0.010030415842573998,-0.009669611260504196,0.055419921875,0.0,-0.387939453125,-0.2258997619261492,-0.0008750587421450214,-5.05568064960377e-05,5716.506264691388,False,True,True,Omega_safe_one_step_QP,False,0.33251953125,0.0,1.3932358877958533,False,False,False
229,-70.44124911347717,-1173.0887707575184,8.64293745411677,3.8476731227085503,41.87700217879991,25.384344367293366,0.2,0.0,0.0,25.474174678570424,50.16971587339057,177.31732328107256,209.65910522173604,0.0,0.0,0.0,0.0,5.551115123125783e-17,-5.551115123125783e-17,0.055419921875,0.0,nan,nan,0.0009218344268743022,2.2903100465000367e-06,5674.390361322661,False,True,True,Omega_safe_one_step_QP,False,0.33251953125,0.0,0.0,False,False,False,0.2,-0.18168258666992188,0.05500869080424309,25.46143836281309,50.1651135865103,174.14673156018037,213.3373532998142,-0.9084129333496094,0.27504345774650574,-0.04013946088954656,0.03632919810020911,-0.04013946088954648,0.03632919810020897,0.055419921875,0.0,-0.387939453125,0.13423751401583867,0.0009246871697660588,2.6915355883319093e-06,5603.949112209184,False,True,True,Omega_safe_one_step_QP,False,0.33251953125,0.0,5.413859025785258,False,False,False
230,-51.50244486053816,-1224.5912156180566,11.4098248966342,1.796056904306956,37.29630068713064,25.434385909803197,0.2,0.0,0.0,25.473366468104178,50.16707971954921,177.5050826773184,209.54171745779107,0.0,0.0,0.0,0.0,-1.6653345369377348e-16,-4.163336342344337e-17,0.055419921875,0.0,nan,nan,-0.0035970617108302062,1.8244335908375927e-05,5947.085566109102,False,True,True,Omega_safe_one_step_QP,False,0.33251953125,0.0,0.0,False,False,False,0.2,-0.15870711207389832,0.04764319583773613,25.45816355449729,50.161883401109,175.25646848001907,212.8261172846778,-0.7935355305671692,0.23821596801280975,-0.03619935681009606,0.03161717434921363,-0.03619935681009598,0.031617174349213684,0.055419921875,0.0,-0.387939453125,0.13309458696334808,-0.0035981338317530396,1.7687488952510596e-05,5895.583121248564,False,True,True,Omega_safe_one_step_QP,False,0.33251953125,0.0,4.806286661543625,False,False,False
231,-112.94861027276875,-1337.5398258908253,10.591938737907256,5.9625513272231965,38.40525444870861,24.110015049264963,0.2,0.0,0.0,25.40493796915303,50.1647986891761,191.01916545086613,212.2910512520763,0.0,0.0,0.0,0.0,2.7755575615628914e-17,8.326672684688674e-17,0.26014284641297625,-0.05033574002966734,nan,nan,-9.44956675630362e-05,-2.5197703094762122e-05,6195.781266022589,True,True,True,Z_mode_existing_controller,False,0.05060201485354432,0.0,0.0,False,False,False,0.2,-0.1990068107843399,0.004260342102497816,25.38796645545945,50.15914893795267,186.25204555701254,212.51745359068246,-0.9950340390205383,0.021301710978150368,-0.06526464060042678,0.00048147396272161386,-0.06526464060042678,0.0004814739627217318,0.26014284641297625,-0.05033574002966734,-0.32560894130464346,-0.03779595310985649,-9.615084398382817e-05,-2.5581611203992147e-05,6082.83265574982,True,True,True,Z_mode_existing_controller,False,0.05060201485354432,0.0,6.526641655460841,False,False,False
232,-107.85531427799287,-1445.3951401688182,8.446997640702019,6.677467595090621,35.338120814391665,22.479145342705756,0.2,0.0,0.0,25.400231823087857,50.163752919745356,191.95664264940888,212.425238338004,0.0,0.0,0.0,0.0,1.1102230246251565e-16,-1.249000902703301e-16,0.26014284641297625,-0.05033574002966734,nan,nan,0.002302565701837377,-0.00011176417005742591,6000.4829497282,True,True,True,Z_mode_existing_controller,False,0.05060201485354432,0.0,0.0,False,False,False,0.2,-0.19217842817306519,-0.0020158179104328156,25.37945082527902,50.15733947986868,187.23684171980386,212.2500590264043,-0.9608921408653259,-0.010079089552164078,-0.06321768646547886,-0.003125692003898957,-0.06321768646547896,-0.0031256920038989083,0.26014284641297625,-0.05033574002966734,-0.32560894130464346,-0.05647986846267692,0.0023074008911614205,-0.00011079121265312694,5892.627635450207,True,True,True,Z_mode_existing_controller,False,0.05060201485354432,0.0,6.3294911584983184,False,False,False
233,19.999801924161147,-1425.395338244657,10.177673354047492,5.899656576235076,39.88765185593375,26.052329725525293,0.2,0.0,0.0,25.432260100436416,50.16112420668932,185.6710084139726,210.92566597023534,0.0,0.0,0.0,0.0,-1.1102230246251565e-16,1.0408340855860843e-16,0.055419921875,0.0,nan,nan,0.0003177959298494232,3.352689014323742e-05,6024.027105552254,False,True,True,Omega_safe_one_step_QP,False,0.33251953125,0.0,0.0,False,False,False,0.2,-0.04146827757358551,-0.0539373941719532,25.407820664890558,50.153995245932165,186.4702554065706,209.51600539730356,-0.20734138786792755,-0.2696869671344757,-0.00663150419416253,-0.01510335523287138,-0.006631504194162516,-0.015103355232871367,0.055419921875,0.0,-0.20022854672832124,-0.33251953125,0.0003186795914549964,3.36033246754147e-05,6044.0269074764155,False,True,True,Omega_safe_one_step_QP,False,0.33251953125,0.0,1.6495095852025017,False,False,False
234,-9.977177033514636,-1435.3725152781717,12.167152447433132,6.1229914995596,38.346840583745,26.53518461405178,0.2,0.0,0.0,25.42932603257275,50.16043231886858,186.25497898335587,211.00470078188917,0.0,0.0,0.0,0.0,0.0,1.0408340855860843e-16,0.055419921875,0.0,nan,nan,-0.0015624369135026823,6.626721728161854e-05,6236.6852585593015,False,True,True,Omega_safe_one_step_QP,False,0.33251953125,0.0,0.0,False,False,False,0.2,-0.05823828652501106,-0.025534270331263542,25.405652819771472,50.153487734724116,185.79467596636184,210.26514091806905,-0.291191428899765,-0.12767134606838226,-0.018383205679947376,-0.008303433977265517,-0.018383205679947487,-0.008303433977265483,0.055419921875,0.0,-0.387939453125,-0.19438858542461035,-0.0015599487362652853,6.618035728995966e-05,6226.708081525787,False,True,True,Omega_safe_one_step_QP,False,0.33251953125,0.0,2.017149639679859,False,False,False
235,-112.0010550684301,-1547.3735703466018,9.35983771810092,3.0303334591928905,37.459935548522886,25.451755616985643,0.2,0.0,0.0,25.39867355154928,50.160487837877874,192.29449742229815,212.2919337430967,0.0,0.0,0.0,0.0,9.367506770274758e-17,-1.249000902703301e-16,0.26014284641297625,-0.05033574002966734,nan,nan,-0.00041754685947532975,-3.8872074871268165e-06,6102.53370474976,True,True,True,Z_mode_existing_controller,False,0.05060201485354432,0.0,0.0,False,False,False,0.2,-0.19183340668678284,-0.0009225277462974191,25.374767496295846,50.15350383597209,187.46045886857846,212.15416354301337,-0.9591670036315918,-0.0046126386150717735,-0.06325897550993743,-0.0024818035794246934,-0.06325897550993753,-0.002481803579424749,0.26014284641297625,-0.05033574002966734,-0.32560894130464346,-0.053152623105174185,-0.00041526050626628907,-3.4811796058885954e-06,5990.5326496813295,True,True,True,Z_mode_existing_controller,False,0.05060201485354432,0.0,6.330764038861116,False,False,False
236,-115.7201792947908,-1663.0937496413926,10.22851179575522,2.250386881712984,41.51227039190182,25.32994493970179,0.2,0.0,0.0,25.390189387309196,50.16007795876529,193.96928300712548,212.62016904168175,0.0,0.0,0.0,0.0,3.2959746043559335e-17,-4.163336342344337e-17,0.26014284641297625,-0.05033574002966734,nan,nan,-0.001757340197101064,1.9214292082249482e-05,6231.376794117526,True,True,True,Z_mode_existing_controller,False,0.05060201485354432,0.0,0.0,False,False,False,0.2,-0.19108663499355316,-0.0021238054614514112,25.362506603220165,50.15234941960077,189.04005630596842,212.38204812638506,-0.955433189868927,-0.010619026608765125,-0.0631911473725266,-0.0031778965184551325,-0.06319114737252655,-0.003177896518455202,0.26014284641297625,-0.05033574002966734,-0.32560894130464346,-0.05684599568334809,-0.0017575154756871506,1.9075820011314618e-05,6115.656614822735,True,True,True,Z_mode_existing_controller,False,0.05060201485354432,0.0,6.327100546489181,False,False,False
237,-110.88878559474597,-1773.9825352361386,11.386409306144554,5.015733341919088,39.68698616263602,23.82685167052916,0.2,0.0,0.0,25.362994743051676,50.16039134430653,199.32409819732186,213.77599056753118,0.0,0.0,0.0,0.0,4.85722573273506e-17,1.0061396160665481e-16,0.26014284641297625,-0.05033574002966734,nan,nan,-0.0014296360837365374,-1.6478310718929644e-05,6481.887037713307,True,True,True,Z_mode_existing_controller,False,0.05060201485354432,0.0,0.0,False,False,False,0.2,-0.17966125905513763,-0.014175104908645153,25.331436437194334,50.151897054239164,194.6920278798406,212.81886412991398,-0.8983062505722046,-0.07087552547454834,-0.05957708867098557,-0.010121337309913176,-0.05957708867098563,-0.010121337309913086,0.26014284641297625,-0.05033574002966734,-0.32560894130464346,-0.09655100694358507,-0.0014324631570137567,-1.7245347777664023e-05,6370.998252118561,True,True,True,Z_mode_existing_controller,False,0.05060201485354432,0.0,6.043071208790723,False,False,False
238,-191.238392521499,-1965.2209277576376,11.235025337825478,4.614667801609942,39.30856167748315,27.12048655952138,0.2,0.0,0.0,25.345143566103893,50.1608216078972,202.83558970244098,214.54482832918728,0.0,0.0,0.0,0.0,-1.3877787807814457e-16,6.938893903907228e-17,0.055419921875,0.0,nan,nan,-0.001529977812144975,7.955317941921712e-05,6552.568515090254,False,True,True,Omega_safe_one_step_QP,False,0.33251953125,0.0,0.0,False,False,False,0.2,-0.19224147498607635,-0.0438266322016716,25.309926185083857,50.15161896470867,194.8848347002331,212.96326570240714,-0.9612073302268982,-0.2191331535577774,-0.09238283345045867,-0.016169736712986413,-0.09238283345045856,-0.01616973671298654,0.055419921875,0.0,-0.387939453125,-0.10107573437363263,-0.0015352524446402387,7.822983732065202e-05,6361.330122568755,False,True,True,Omega_safe_one_step_QP,False,0.33251953125,0.0,9.378725020866364,False,False,False
239,-172.46601935591843,-2137.686947113556,9.494748798548505,5.939870238297416,41.2995148086029,20.590338896404266,0.2,0.0,0.0,25.32869026998387,50.163716750185955,206.04250532183386,215.3903383272811,0.0,0.0,0.0,0.0,-1.1102230246251565e-16,-9.71445146547012e-17,0.055419921875,0.0,nan,nan,0.001043379179317668,-0.00013616939689578946,6443.616550950398,False,True,True,Omega_safe_one_step_QP,False,0.33251953125,0.0,0.0,False,False,False,0.2,-0.19122718274593353,-0.04900261387228966,25.287104340170803,50.15328476955855,198.64734380050913,213.59463342405797,-0.9561359286308289,-0.2450130581855774,-0.10067628197068394,-0.020521234719833793,-0.10067628197068387,-0.020521234719833917,0.055419921875,0.0,-0.387939453125,-0.11361234290968851,0.001045820601440356,-0.00013544331999690664,6271.15053159448,False,True,True,Omega_safe_one_step_QP,False,0.33251953125,0.0,10.274645894563548,False,False,False
240,-113.37134824444001,-2251.058295357996,9.473129645235865,4.974327336452432,38.79797126010164,27.759652264027135,0.2,0.0,0.0,25.35348111927806,50.162788120428424,201.16363894377912,214.28899479371015,0.0,0.0,0.0,0.0,9.71445146547012e-17,-1.0408340855860843e-16,0.055419921875,0.0,nan,nan,0.0004996397569702817,7.106744772807354e-05,6325.08292606906,False,True,True,Omega_safe_one_step_QP,False,0.33251953125,0.0,0.0,False,False,False,0.2,-0.18068261444568634,-0.041557446122169495,25.306117864703904,50.151265911939376,196.24114998654287,213.18234343619446,-0.9034130573272705,-0.20778723061084747,-0.08859424519645875,-0.015664262999693087,-0.0885942451964588,-0.015664262999693094,0.055419921875,0.0,-0.387939453125,-0.10197374770033454,0.000500742170423599,7.134873164279382e-05,6211.71157782462,False,True,True,Omega_safe_one_step_QP,False,0.33251953125,0.0,8.996838009686405,False,False,False
241,-86.32090840586534,-2337.3792037638614,10.194665931459758,4.308239001273298,37.504016108690536,23.734767457528942,0.2,0.0,0.0,25.366083526883497,50.16524930403818,198.6476891691476,213.88724038342863,0.0,0.0,0.0,0.0,-1.3877787807814457e-17,1.0061396160665481e-16,0.26014284641297625,-0.05033574002966734,nan,nan,-0.0006573451121894142,-4.4834011634569716e-05,6341.005262786311,True,True,True,Z_mode_existing_controller,False,0.05060201485354432,0.0,0.0,False,False,False,0.2,-0.1814025491476059,0.00280022993683815,25.31494836259153,50.15300594082221,194.85237948538747,214.93483874235477,-0.9070127010345459,0.01400114968419075,-0.0859479396735362,0.0044901121735817645,-0.08594793967353609,0.0044901121735816275,0.055419921875,0.0,-0.387939453125,0.006843940178826515,-0.0006571011937889755,-4.498326885327727e-05,6254.684354380445,False,True,True,Omega_safe_one_step_QP,False,0.33251953125,0.0,8.606514649646014,False,False,False
242,-87.00043557404388,-2424.3796393379052,8.635939939287224,4.290157930319662,46.46525400292575,23.442710840724615,0.2,0.0,0.0,25.359243046222726,50.16499574662451,199.99660513151173,214.15487570926632,0.0,0.0,0.0,0.0,5.551115123125783e-17,-3.8163916471489756e-17,0.26014284641297625,-0.05033574002966734,nan,nan,0.0012102578473594705,-4.5668234606984024e-05,6208.102759984759,True,True,True,Z_mode_existing_controller,False,0.05060201485354432,0.0,0.0,False,False,False,0.2,-0.19024184346199036,-0.005555428564548492,25.30525109774986,50.15214308338771,196.07540357442656,214.88279934833696,-0.9512091875076294,-0.027777142822742462,-0.0939932214768321,0.00023296153978045846,-0.09399322147683217,0.00023296153978042376,0.055419921875,0.0,-0.387939453125,-0.012946948428448526,0.0012105632764520145,-4.5042387258959404e-05,6121.1023244107155,False,True,True,Omega_safe_one_step_QP,False,0.33251953125,0.0,9.399351017315956,False,False,False
243,-49.278274475759645,-2473.657913813665,10.394042794271098,4.095515598715025,36.94128193531464,21.136180864442743,0.2,0.0,0.0,25.38153305027645,50.16493574805784,195.60053008885617,213.2065991061596,0.0,0.0,0.0,0.0,-4.2500725161431774e-17,-5.898059818321144e-17,0.26014284641297625,-0.05033574002966734,nan,nan,-0.0010107431225132135,-0.0001226688597018152,6288.205397708674,True,True,True,Z_mode_existing_controller,False,0.05060201485354432,0.0,0.0,False,False,False,0.2,-0.18416987359523773,-0.009043539874255657,25.32459493770882,50.151479867855016,193.35516910884897,214.03545523378025,-0.9208493232727051,-0.04521769657731056,-0.08417519181883082,0.0001447284591194857,-0.08417519181883072,0.00014472845911940244,0.055419921875,0.0,-0.387939453125,-0.021770868970945777,-0.0010098426550049638,-0.00012288300964855264,6238.927123232915,False,True,True,Omega_safe_one_step_QP,False,0.33251953125,0.0,8.417531623976139,False,False,False
244,-12.90351505475337,-2486.5614288684183,9.893384065351977,3.1118846251497243,34.81499170806107,25.812135406660097,0.2,0.0,0.0,25.36687241357378,50.16265355446773,198.51496196983922,213.6919688964206,0.0,0.0,0.0,0.0,1.1796119636642288e-16,-5.204170427930421e-17,0.26014284641297625,-0.05033574002966734,nan,nan,-0.001057320815113943,3.684155114765759e-06,6307.307953355434,True,True,True,Z_mode_existing_controller,False,0.05060201485354432,0.0,0.0,False,False,False,0.2,-0.14944139122962952,-0.0026784983929246664,25.308366087449233,50.14884379218547,197.77631969570467,214.70750137289178,-0.7472069263458252,-0.013392491266131401,-0.07328153907235672,0.0013607826570744795,-0.0732815390723568,0.0013607826570745454,0.055419921875,0.0,-0.387939453125,-0.007946509087303875,-0.0010576342121354984,3.68901427498145e-06,6294.40443830068,False,True,True,Omega_safe_one_step_QP,False,0.33251953125,0.0,7.329417233486671,False,False,False
245,-17.107539407783406,-2503.6689682762017,10.959858128658137,4.304209078552323,39.59134663207979,27.83940992463198,0.2,0.0,0.0,25.353930355845975,50.16335688765839,201.055470541772,214.26913500917718,0.0,0.0,0.0,0.0,1.249000902703301e-16,1.1796119636642288e-16,0.055419921875,0.0,nan,nan,-0.0014234046121046305,9.810638251339871e-05,6479.547955059591,False,True,True,Omega_safe_one_step_QP,False,0.33251953125,0.0,0.0,False,False,False,0.2,-0.14754696190357208,-0.0299542136490345,25.29506420225701,50.14943361570097,200.18341582422408,214.0100341325718,-0.7377347946166992,-0.1497710645198822,-0.07635810310294641,-0.011655954024136252,-0.07635810310294631,-0.011655954024136161,0.055419921875,0.0,-0.387939453125,-0.09000850489033951,-0.0014216118208057807,9.80126830944796e-05,6462.440415651808,False,True,True,Omega_safe_one_step_QP,False,0.33251953125,0.0,7.724261242146692,False,False,False
246,-86.74685669587689,-2590.4158249720786,11.185074663457133,5.016092514035304,39.84516613023017,25.697562641344668,0.2,0.0,0.0,25.33759616995608,50.166341468921814,204.23785476613517,215.1145628762639,0.0,0.0,0.0,0.0,-6.938893903907228e-17,9.8879238130678e-17,0.055419921875,0.0,nan,nan,-0.001211549689041848,3.839606533665102e-05,6581.2307293540425,False,True,True,Omega_safe_one_step_QP,False,0.33251953125,0.0,0.0,False,False,False,0.2,-0.19319571554660797,-0.06958746165037155,25.278295273070466,50.15231798024637,200.53931380019202,213.0098724810725,-0.9659785628318787,-0.34793728590011597,-0.10649130783304378,-0.03041750397597679,-0.10649130783304367,-0.03041750397597677,0.055419921875,0.0,-0.387939453125,-0.15969429455438505,-0.0012118183876265072,3.7865471739120414e-05,6494.483872658166,False,True,True,Omega_safe_one_step_QP,False,0.33251953125,0.0,11.075027400472035,False,False,False
247,-81.7924035793285,-2672.208228551407,9.109140083541247,5.129497801036809,46.5082642205503,21.344883741285088,0.2,0.0,0.0,25.32706304401108,50.168618486325215,206.28495732751293,215.67683116635772,0.0,0.0,0.0,0.0,4.163336342344337e-17,-1.6479873021779667e-17,0.055419921875,0.0,nan,nan,0.001128686114198106,-0.00010161001533647972,6406.950668208072,False,True,True,Omega_safe_one_step_QP,False,0.33251953125,0.0,0.0,False,False,False,0.2,-0.19378143548965454,-0.0795769914984703,25.2650093376874,50.1540878396019,202.67875608336075,213.1054286275714,-0.9689071774482727,-0.39788493514060974,-0.11203409305712594,-0.036139034012840895,-0.11203409305712582,-0.03613903401284101,0.055419921875,0.0,-0.387939453125,-0.18206700309548318,0.001127362029313718,-0.00010091463127845477,6325.158264628743,False,True,True,Omega_safe_one_step_QP,False,0.33251953125,0.0,11.771859575493599,False,False,False
248,10.184781404076602,-2662.0234471473304,11.458126142439163,5.652306691355457,39.24822545794443,25.814471691274264,0.2,0.0,0.0,25.353319836069783,50.1684075711193,201.10865649597912,214.553243560918,0.0,0.0,0.0,0.0,-1.3877787807814457e-16,-3.8163916471489756e-17,0.055419921875,0.0,nan,nan,-0.0011094804099988967,4.27951111961985e-05,6532.781129458055,False,True,True,Omega_safe_one_step_QP,False,0.33251953125,0.0,0.0,False,False,False,0.2,-0.1492714136838913,-0.06720063835382462,25.288583223930157,50.15342375033649,201.38464112301085,212.80740980259034,-0.7463570833206177,-0.3360031843185425,-0.07951483208951307,-0.028934544221306514,-0.07951483208951309,-0.02893454422130639,0.055419921875,0.0,-0.387939453125,-0.19959637471677505,-0.0011048229978832909,4.2912335559786106e-05,6542.965910862132,False,True,True,Omega_safe_one_step_QP,False,0.33251953125,0.0,8.461569813880999,False,False,False
249,-51.837344067458616,-2713.860791214789,8.891477800962264,4.145191023062572,39.49238314588193,26.681528781436867,0.2,0.0,0.0,25.341723652703678,50.170281827172744,203.37006716722445,215.13813154296307,0.0,0.0,0.0,0.0,1.1102230246251565e-16,-1.0408340855860843e-17,0.055419921875,0.0,nan,nan,0.0007054669476046801,3.234020256927825e-05,6315.772770327757,False,True,True,Omega_safe_one_step_QP,False,0.33251953125,0.0,0.0,False,False,False,0.2,-0.19040226936340332,-0.06636956334114075,25.27754821748372,50.1554306040976,201.0098627562547,213.34178247636783,-0.9520113468170166,-0.33184781670570374,-0.10569605103707574,-0.029443643649269293,-0.10569605103707563,-0.029443643649269168,0.055419921875,0.0,-0.387939453125,-0.1545442090597628,0.0007031805446782854,3.2610543909036274e-05,6263.935426260298,False,True,True,Omega_safe_one_step_QP,False,0.33251953125,0.0,10.972047828995853,False,False,False
250,-7.3164908022527015,-2721.1772820170418,10.273058675524599,3.8132497398313783,43.60174122155205,26.73195796687824,0.2,0.0,0.0,25.359216502513895,50.172293472712646,199.89531944952066,214.5057645364782,0.0,0.0,0.0,0.0,4.85722573273506e-17,-1.3877787807814457e-17,0.26014284641297625,-0.05033574002966734,nan,nan,-0.0008636332498044783,7.028099793953725e-05,6377.828749577504,True,True,True,Z_mode_existing_controller,False,0.05060201485354432,0.0,0.0,False,False,False,0.2,-0.17419308423995972,-0.02290872298181057,25.293360996251117,50.15715835648218,199.39265112040368,214.80567124890732,-0.8709654211997986,-0.114543616771698,-0.0913887007137051,-0.009196396394155372,-0.09138870071370508,-0.009196396394155261,0.055419921875,0.0,-0.387939453125,-0.05830769428981562,-0.0008636322450278171,7.02803849758956e-05,6370.512258775251,False,True,True,Omega_safe_one_step_QP,False,0.33251953125,0.0,9.185024945408484,False,False,False
251,-11.6141280018619,-2732.7914100189037,11.47131220898263,4.56449929100086,40.63986143386652,18.693593236512385,0.2,0.0,0.0,25.350293077424084,50.17451951045997,201.6256907279767,214.99746115341523,0.0,0.0,0.0,0.0,-1.3877787807814457e-16,7.45931094670027e-17,0.055419921875,0.0,nan,nan,-0.0017723211522283578,-0.0001654426534918015,6547.19725140319,False,True,True,Omega_safe_one_step_QP,False,0.33251953125,0.0,0.0,False,False,False,0.2,-0.17379426956176758,-0.010490248911082745,25.284302738611842,50.159332613501604,200.94039226662449,215.7778976213225,-0.8689713478088379,-0.052451241761446,-0.09439116257248922,-0.004580143802056534,-0.09439116257248917,-0.004580143802056621,0.055419921875,0.0,-0.387939453125,-0.02676124024422508,-0.0017687205232773525,-0.00016565933788945477,6535.5831234013285,False,True,True,Omega_safe_one_step_QP,False,0.33251953125,0.0,9.450221843445576,False,False,False
252,-49.08725666738155,-2781.878666686285,8.670606388828226,3.4267254477754054,40.33434143329315,23.768782412320906,0.2,0.0,0.0,25.329163907962265,50.17229422010551,205.8146469832034,215.75833883440797,0.0,0.0,0.0,0.0,-9.71445146547012e-17,2.6020852139652106e-17,0.055419921875,0.0,nan,nan,0.0006122986467165643,-5.642104500158153e-05,6350.099687860558,False,True,True,Omega_safe_one_step_QP,False,0.33251953125,0.0,0.0,False,False,False,0.2,-0.19025711715221405,-0.055730726569890976,25.26294548404096,50.15700847908818,203.54736057776796,214.4050378634243,-0.9512855410575867,-0.278653621673584,-0.11155864452365247,-0.02611675703982853,-0.11155864452365243,-0.02611675703982849,0.055419921875,0.0,-0.387939453125,-0.12987025384472045,0.0006090391349030761,-5.6007213278424714e-05,6301.012431193177,False,True,True,Omega_safe_one_step_QP,False,0.33251953125,0.0,11.457493690258833,False,False,False
253,40.812760340480054,-2741.065906345805,8.10176198269354,4.4519338096444505,40.52060216421753,21.34853199127928,0.2,0.0,0.0,25.34727522803636,50.172905557785676,202.23445243286974,215.0229429844682,0.0,0.0,0.0,0.0,9.71445146547012e-17,1.3704315460216776e-16,0.055419921875,0.0,nan,nan,0.0017186104740022309,-0.00013676052103727288,6204.995116963125,False,True,True,Omega_safe_one_step_QP,False,0.33251953125,0.0,0.0,False,False,False,0.2,-0.13852408528327942,-0.0593571774661541,25.279445733527517,50.15734211053771,203.84777614689688,213.70760256367356,-0.6926203966140747,-0.2967858910560608,-0.0768299990689471,-0.026417229312090888,-0.07682999906894702,-0.026417229312091013,0.055419921875,0.0,-0.387939453125,-0.1899782341052189,0.0017074021811857715,-0.00013708370352937958,6245.807877303605,False,True,True,Omega_safe_one_step_QP,False,0.33251953125,0.0,8.124480759692899,False,False,False
254,252.98086330850583,-2488.0850430372993,10.910552923540035,3.6988859291978367,43.18347243683962,26.66434865581488,0.2,0.0,0.0,25.379018395688522,50.17135288028458,195.99236989624035,213.59458610959382,0.0,0.0,0.0,0.0,-6.938893903907228e-18,-1.249000902703301e-16,0.26014284641297625,-0.05033574002966734,nan,nan,-0.0016413869824801722,7.622151471594956e-05,6349.373252885187,True,True,True,Z_mode_existing_controller,False,0.05060201485354432,0.0,0.0,False,False,False,0.2,0.04036644101142883,0.013846086338162422,25.312607442165252,50.15611597817434,206.2434251764575,215.41053895363655,0.20183220505714417,0.06923042982816696,0.011530686701128348,0.005162088916097898,0.01153068670112846,0.005162088916097781,0.055419921875,0.0,0.387939453125,0.11405747010268391,-0.0016321188606400628,7.753624125410004e-05,6602.354116193693,False,True,True,Omega_safe_one_step_QP,False,0.33251953125,0.0,1.2633443623069682,False,False,False
255,42.397068678556025,-2445.6879743587433,12.1537342184105,3.4750065334864617,38.25672573515669,25.09318180388829,0.2,0.0,0.0,25.35520363109173,50.1730948650974,200.6640810504375,214.6866853334124,0.0,0.0,0.0,0.0,3.469446951953614e-17,-1.3530843112619095e-16,0.26014284641297625,-0.05033574002966734,nan,nan,-0.003299561527688142,2.6647667228141964e-05,6596.251563774786,True,True,True,Z_mode_existing_controller,False,0.05060201485354432,0.0,0.0,False,False,False,0.2,-0.11207704991102219,-0.07585668563842773,25.29750738365197,50.159505617490865,202.27558693090012,212.42357966020717,-0.5603852272033691,-0.37928342819213867,-0.058325627549780656,-0.03301340643903843,-0.05832562754978071,-0.03301340643903838,0.055419921875,0.0,-0.387939453125,-0.3000772482941424,-0.0032906870273389623,2.723878576902771e-05,6638.648632453342,False,True,True,Omega_safe_one_step_QP,False,0.33251953125,0.0,6.702062245148776,False,False,False
256,-105.41726538312105,-2551.1052397418644,7.231492950831937,4.131011495978088,38.703255532624254,25.481436662038618,0.2,0.0,0.0,25.310374943389746,50.17456640601008,209.481609050223,216.6487206984548,0.0,0.0,0.0,0.0,-2.7755575615628914e-17,-8.413408858487514e-17,0.055419921875,0.0,nan,nan,0.0024537922213616354,-3.296317889989924e-05,6279.758922486449,False,True,True,Omega_safe_one_step_QP,False,0.33251953125,0.0,0.0,False,False,False,0.2,-0.19659902155399323,-0.09124184399843216,25.254356206099544,50.16134334590337,204.75759818675252,213.33550993927213,-0.9829950928688049,-0.4562092125415802,-0.11914879842775358,-0.043154873327259875,-0.1191487984277535,-0.043154873327259965,0.055419921875,0.0,-0.387939453125,-0.20576362287684397,0.0024560690123255693,-3.130463533542274e-05,6174.341657103328,False,True,True,Omega_safe_one_step_QP,False,0.33251953125,0.0,12.672323882646504,False,False,False
257,62.51989867416705,-2488.5853410676973,11.883841755528232,5.035181492450817,40.301582438670835,24.94400989914004,0.2,0.0,0.0,25.35913492743128,50.17621110666332,199.84725374362768,214.67967142376014,0.0,0.0,0.0,0.0,-6.245004513516506e-17,6.938893903907228e-17,0.26014284641297625,-0.05033574002966734,nan,nan,-0.0019099606333401794,2.7193379707711463e-05,6545.998470261698,True,True,True,Z_mode_existing_controller,False,0.05060201485354432,0.0,0.0,False,False,False,0.2,-0.10722287744283676,-0.07244386523962021,25.29955738177615,50.16239358248191,202.2770891047661,212.651167801291,-0.5361143946647644,-0.36221930384635925,-0.0554978979123608,-0.03162190877083062,-0.05549789791236079,-0.03162190877083057,0.055419921875,0.0,-0.387939453125,-0.2995505024787785,-0.0019009636112099163,2.7923642286955402e-05,6608.518368935865,False,True,True,Omega_safe_one_step_QP,False,0.33251953125,0.0,6.38745785661364,False,False,False
258,-70.37799136040485,-2558.963332428102,9.608495973508333,5.513247209840877,42.086390011173236,24.723155981825965,0.2,0.0,0.0,25.334465527070115,50.17755914641494,204.6920821507939,215.78610160420928,0.0,0.0,0.0,0.0,-1.3877787807814457e-17,9.367506770274758e-17,0.055419921875,0.0,nan,nan,0.0007255883764714626,-6.771944074804911e-06,6422.519479220784,False,True,True,Omega_safe_one_step_QP,False,0.33251953125,0.0,0.0,False,False,False,0.2,-0.1898668259382248,-0.07622765749692917,25.277237142810673,50.16423536018896,201.60823410394235,213.37123041484756,-0.9493340849876404,-0.38113829493522644,-0.10673152707656094,-0.034907608883602316,-0.10673152707656106,-0.0349076088836022,0.055419921875,0.0,-0.387939453125,-0.17799974491883355,0.000724730254848871,-6.5605590370524e-06,6352.141487860379,False,True,True,Omega_safe_one_step_QP,False,0.33251953125,0.0,11.229496885464291,False,False,False
259,-17.40183303032518,-2576.3651654584273,10.15679823259589,5.849213653722305,40.308761971894725,25.064819771191043,0.2,0.0,0.0,25.35333240502623,50.17897679382036,200.95345449264178,215.063239865826,0.0,0.0,0.0,0.0,-6.938893903907228e-18,-4.336808689942018e-17,0.055419921875,0.0,nan,nan,0.00032440637378962963,5.398854198745799e-06,6390.81647593779,False,True,True,Omega_safe_one_step_QP,False,0.33251953125,0.0,0.0,False,False,False,0.2,-0.16953963041305542,-0.056313492357730865,25.29383085292451,50.16526624667811,200.08603052235335,213.73892861553958,-0.8476981520652771,-0.28156745433807373,-0.08986444226391659,-0.024883385329030304,-0.08986444226391654,-0.02488338532903038,0.055419921875,0.0,-0.387939453125,-0.14726418074029396,0.0003241605386490893,5.411182365813293e-06,6373.414642907464,False,True,True,Omega_safe_one_step_QP,False,0.33251953125,0.0,9.324591599012686,False,False,False
260,-9.15790265932992,-2585.5230681177572,10.561526719504473,6.306534432823508,40.086339158778365,25.270242099765927,0.2,0.0,0.0,25.363085296523884,50.18005397859164,199.0155425599019,214.70541031014608,0.0,0.0,0.0,0.0,9.020562075079397e-17,1.1449174941446927e-16,0.26014284641297625,-0.05033574002966734,nan,nan,0.00018757766937905476,1.653719663518736e-05,6386.073164315347,True,True,True,Z_mode_existing_controller,False,0.05060201485354432,0.0,0.0,False,False,False,0.2,-0.17247146368026733,-0.031156256794929504,25.303123611696158,50.16627645204787,198.46515525596743,214.5824177314345,-0.8623573184013367,-0.15578128397464752,-0.08836415594122436,-0.013161292722457887,-0.08836415594122429,-0.013161292722457904,0.055419921875,0.0,-0.387939453125,-0.0800910379327862,0.000188716918449355,1.6515537761194014e-05,6376.915261656017,False,True,True,Omega_safe_one_step_QP,False,0.33251953125,0.0,8.933892590204579,False,False,False
261,-15.587929401890506,-2601.1109975196478,10.975702912936946,5.151953424170418,37.1017612608271,25.33141060623701,0.2,0.0,0.0,25.369179823461174,50.181050487543516,197.7997815415826,214.49718475996394,0.0,0.0,0.0,0.0,1.4224732503009818e-16,-1.1796119636642288e-16,0.26014284641297625,-0.05033574002966734,nan,nan,-0.0009974327658240627,1.193470088733592e-05,6400.754031364892,True,True,True,Z_mode_existing_controller,False,0.05060201485354432,0.0,0.0,False,False,False,0.2,-0.18398205935955048,-0.02168228290975094,25.30903734825117,50.16722188226008,196.97330754665074,214.8515434088998,-0.9199102520942688,-0.10841141641139984,-0.09222756962406585,-0.008567331853753682,-0.09222756962406578,-0.008567331853753614,0.055419921875,0.0,-0.387939453125,-0.052249895630605385,-0.0009949389679567346,1.1855777671020314e-05,6385.166101963002,False,True,True,Omega_safe_one_step_QP,False,0.33251953125,0.0,9.262463912941438,False,False,False
262,-29.284882840739556,-2630.3958803603873,10.83507568607418,5.277904425822288,40.778590451362305,26.939769830188418,0.2,0.0,0.0,25.35649076635342,50.181763826250496,200.2903034632305,215.06428583150398,0.0,0.0,0.0,0.0,-8.326672684688674e-17,9.020562075079397e-17,0.26014284641297625,-0.05033574002966734,nan,nan,-0.0006727673530910576,7.389627655398322e-05,6446.018439866067,True,True,True,Z_mode_existing_controller,False,0.05060201485354432,0.0,0.0,False,False,False,0.2,-0.18889443576335907,0.002214678330346942,25.295965046034755,50.16782544746046,198.86830359760992,216.3924566068901,-0.9444721341133118,0.011073391884565353,-0.09967671835916404,0.0009408797307376379,-0.099676718359164,0.0009408797307376123,0.055419921875,0.0,-0.387939453125,0.005198133001645187,-0.0006714977242536953,7.382373019523738e-05,6416.733557025327,False,True,True,Omega_safe_one_step_QP,False,0.33251953125,0.0,9.968115888932987,False,False,False
263,-9.822912652325613,-2640.218793012713,9.425587323531403,5.812694758141925,37.131666754427485,21.96431142273223,0.2,0.0,0.0,25.35072944712277,50.184101412828724,201.39599768328284,215.42900000900033,0.0,0.0,0.0,0.0,1.3877787807814457e-16,7.979727989493313e-17,0.055419921875,0.0,nan,nan,0.0009472626166675394,-0.00011032562794600692,6324.832907674748,False,True,True,Omega_safe_one_step_QP,False,0.33251953125,0.0,0.0,False,False,False,0.2,-0.1740236133337021,0.0008001847309060395,25.289321565637703,50.16993084112821,200.77092382009482,216.66188200114334,-0.8701180815696716,0.0040009235963225365,-0.0941849170883288,-0.00038211642742700834,-0.09418491708832866,-0.0003821164274270179,0.055419921875,0.0,-0.387939453125,0.00203862795044228,0.0009450491503147189,-0.00011039735683301922,6315.009995022422,False,True,True,Omega_safe_one_step_QP,False,0.33251953125,0.0,9.41856922249843,False,False,False
264,7.447176496570137,-2632.771616516143,8.64320281707638,6.016211102357963,42.73038652232077,23.617449952132606,0.2,0.0,0.0,25.370176170855427,50.182920437617184,197.57363791378796,214.5388521658812,0.0,0.0,0.0,0.0,1.0408340855860843e-16,-1.0755285551056204e-16,0.26014284641297625,-0.05033574002966734,nan,nan,0.0019518612801634845,-5.2159696165332385e-05,6150.857481993742,True,True,True,Z_mode_existing_controller,False,0.05060201485354432,0.0,0.0,False,False,False,0.2,-0.17393258213996887,-0.036355357617139816,25.308482959132608,50.16864809847171,197.72335277206835,214.2948035769426,-0.869662880897522,-0.18177677690982819,-0.08770846404270069,-0.015339433080976225,-0.0877084640427008,-0.015339433080976253,0.055419921875,0.0,-0.387939453125,-0.09267089830280079,0.0019465318606688336,-5.221846172745806e-05,6158.304658490312,False,True,True,Omega_safe_one_step_QP,False,0.33251953125,0.0,8.90397263696127,False,False,False
265,251.77573378560373,-2380.995882730539,11.307848734047177,5.6337978365673855,43.265897261801236,21.674781388759097,0.2,0.0,0.0,25.401534074288378,50.18231252605072,191.3963946990104,213.17868836764228,0.0,0.0,0.0,0.0,-6.245004513516506e-17,-1.3877787807814457e-17,0.26014284641297625,-0.05033574002966734,nan,nan,-0.0008692130789333483,-6.850571162334571e-05,6275.936019600728,True,True,True,Z_mode_existing_controller,False,0.05060201485354432,0.0,0.0,False,False,False,0.2,0.010191990062594414,-0.046378493309020996,25.340137435891204,50.168104598485655,201.56424525632923,214.1901523751992,0.05095994845032692,-0.23189246654510498,0.012381983026665683,-0.0028162142303708934,0.01238198302666578,-0.0028162142303707546,0.26014284641297625,-0.05033574002966734,0.2712629841263388,-0.10093775488321166,-0.0008540650227720683,-6.681446866446455e-05,6527.711753386332,True,True,True,Z_mode_existing_controller,False,0.05060201485354432,0.0,1.2698211144251057,False,False,False
266,132.84404488922883,-2248.15183784131,13.080955647849326,4.602730321748234,40.67062288349779,24.938166263448338,0.2,0.0,0.0,25.38546871585582,50.18042037353846,194.58317027400236,213.74469943799792,0.0,0.0,0.0,0.0,1.1796119636642288e-16,-1.734723475976807e-17,0.26014284641297625,-0.05033574002966734,nan,nan,-0.003458323143109391,4.4347578100425306e-05,6538.178882670659,True,True,True,Z_mode_existing_controller,False,0.05060201485354432,0.0,0.0,False,False,False,0.2,-0.049752507358789444,-0.014056417159736156,25.332787234210905,50.16787457686479,199.73621055409438,214.25503883021287,-0.24876253306865692,-0.07028208673000336,-0.022863811550639518,-0.005499872798614403,-0.022863811550639615,-0.005499872798614296,0.055419921875,0.0,-0.387939453125,-0.12526090960074845,-0.0034363857917315897,4.652994813699818e-05,6671.022927559888,False,True,True,Omega_safe_one_step_QP,False,0.33251953125,0.0,2.3516004750469404,False,False,False
267,-91.5329254969347,-2339.684763338245,9.979916275565886,5.285163804684684,40.743829042042826,25.153378045674913,0.2,0.0,0.0,25.33320804016647,50.181285040207754,204.8729682926238,215.98631923684792,0.0,0.0,0.0,0.0,2.7755575615628914e-17,2.3418766925686896e-17,0.055419921875,0.0,nan,nan,0.0001963127982910354,7.109102688579363e-06,6466.735237540183,False,True,True,Omega_safe_one_step_QP,False,0.33251953125,0.0,0.0,False,False,False,0.2,-0.18961282074451447,-0.06696201860904694,25.285247652242024,50.16962065283981,200.93528102693327,213.81893383766,-0.9480640888214111,-0.3348100781440735,-0.10498076948072912,-0.030884110425561693,-0.10498076948072907,-0.030884110425561755,0.055419921875,0.0,-0.387939453125,-0.15657295009205913,0.00019606080221640405,7.144025131108726e-06,6375.202312043249,False,True,True,Omega_safe_one_step_QP,False,0.33251953125,0.0,10.942938470787572,False,False,False
268,-68.49447929926282,-2408.1792426375077,12.234463960388013,5.257259054918327,40.21694849235721,23.930179680029863,0.2,0.0,0.0,25.344274735101525,50.183000435926736,202.66855131639022,215.6082802724667,0.0,0.0,0.0,0.0,1.3877787807814457e-16,-2.0816681711721685e-17,0.055419921875,0.0,nan,nan,-0.0021153991654976893,2.191915906002862e-06,6653.041196623503,False,True,True,Omega_safe_one_step_QP,False,0.33251953125,0.0,0.0,False,False,False,0.2,-0.18772023916244507,-0.05957112833857536,25.29332203887596,50.17079768534597,199.7831658386519,213.92780657031452,-0.9386011958122253,-0.2978556454181671,-0.10102819351267367,-0.027086920301668146,-0.10102819351267354,-0.02708692030166803,0.055419921875,0.0,-0.387939453125,-0.14069563487706963,-0.0021149808173604725,1.4734847911335516e-06,6584.5467173242405,False,True,True,Omega_safe_one_step_QP,False,0.33251953125,0.0,10.4596353358342,False,False,False
269,-86.30819737986985,-2494.4874400173776,7.118826386444377,6.151088413325225,39.108923279105326,25.731506046510106,0.2,0.0,0.0,25.31883750587416,50.18427104205789,207.6656642851426,216.7428071516856,0.0,0.0,0.0,0.0,-5.551115123125783e-17,4.336808689942018e-17,0.055419921875,0.0,nan,nan,0.0033873238965911852,-2.5428477182594302e-05,6224.644523920934,False,True,True,Omega_safe_one_step_QP,False,0.33251953125,0.0,0.0,False,False,False,0.2,-0.19531412422657013,-0.09092534333467484,25.26576661530582,50.171670450342816,203.7833299034569,213.51057762523308,-0.9765706062316895,-0.4546267092227936,-0.11581632370814196,-0.04338347119429973,-0.11581632370814188,-0.043383471194299625,0.055419921875,0.0,-0.387939453125,-0.20639881294891937,0.003388018568878313,-2.4045585460436524e-05,6138.336326541064,False,True,True,Omega_safe_one_step_QP,False,0.33251953125,0.0,12.367516488824963,False,False,False
270,71.98232590678163,-2422.505114110596,11.246214917417115,4.934887674235835,36.95855268425652,24.925654086768734,0.2,0.0,0.0,25.380070344876884,50.18576199393253,195.57425578527847,214.2401558733465,0.0,0.0,0.0,0.0,-1.6479873021779667e-17,0.0,0.26014284641297625,-0.05033574002966734,nan,nan,-0.0014190862074881247,2.324724373450708e-06,6374.03702045515,True,True,True,Z_mode_existing_controller,False,0.05060201485354432,0.0,0.0,False,False,False,0.2,-0.11435955762863159,-0.08356314897537231,25.324086488838066,50.172691824674644,198.44031054363538,211.84276914591982,-0.571797788143158,-0.4178157448768616,-0.05471448576083185,-0.03610713042650249,-0.0547144857608319,-0.036107130426502536,0.055419921875,0.0,-0.387939453125,-0.3239650998219437,-0.0014124591075465988,2.9277398474625987e-06,6446.019346361932,False,True,True,Omega_safe_one_step_QP,False,0.33251953125,0.0,6.555455605607239,False,False,False
271,-21.100878499491046,-2443.605992610087,11.368149999818767,5.9905483064363825,43.85965124985275,24.802743055204253,0.2,0.0,0.0,25.35920224911858,50.18592714171057,199.6836284381817,215.12151863592106,0.0,0.0,0.0,0.0,2.7755575615628914e-17,-1.9081958235744878e-17,0.26014284641297625,-0.05033574002966734,nan,nan,-0.0006748801585430607,3.051486955473956e-05,6485.945434018134,True,True,True,Z_mode_existing_controller,False,0.05060201485354432,0.0,0.0,False,False,False,0.2,-0.1724185347557068,-0.03543766587972641,25.305870630460483,50.17342634235058,198.6725054368056,214.69555457318597,-0.8620926737785339,-0.17718832194805145,-0.0887633824990191,-0.015690919057018946,-0.08876338249901915,-0.015690919057018884,0.055419921875,0.0,-0.387939453125,-0.09112489801723185,-0.0006726720520149861,3.037957138390772e-05,6464.844555518643,False,True,True,Omega_safe_one_step_QP,False,0.33251953125,0.0,9.013957517939115,False,False,False
272,-34.20149703053539,-2477.8074896406224,8.35274980648877,3.45576814051703,45.29841379182987,25.35184511807146,0.2,0.0,0.0,25.35289552478214,50.18729383842028,200.90827062843388,215.45583409384943,0.0,0.0,0.0,0.0,6.938893903907228e-18,9.540979117872439e-17,0.055419921875,0.0,nan,nan,0.0010954279437639157,3.182681531619779e-06,6199.021656092938,False,True,True,Omega_safe_one_step_QP,False,0.33251953125,0.0,0.0,False,False,False,0.2,-0.1830682009458542,-0.015861937776207924,25.298999416224362,50.1746713043881,199.26263072463684,215.8587950197657,-0.9153409600257874,-0.07930968701839447,-0.09679700691888493,-0.007672088189219967,-0.09679700691888483,-0.007672088189220093,0.055419921875,0.0,-0.387939453125,-0.038414857317729575,0.0010922297798673184,3.4949067727451516e-06,6164.820159062403,False,True,True,Omega_safe_one_step_QP,False,0.33251953125,0.0,9.710057407470776,False,False,False
273,-9.523534572597782,-2487.33102421322,8.387625856543751,6.106638868017915,46.335370125142695,23.39210988250885,0.2,0.0,0.0,25.37415227319593,50.18830070897049,196.70335009025823,214.6097903692145,0.0,0.0,0.0,0.0,1.3877787807814457e-17,1.3530843112619095e-16,0.26014284641297625,-0.05033574002966734,nan,nan,0.0023215758295954863,-5.1237726688757763e-05,6102.904004156567,True,True,True,Z_mode_existing_controller,False,0.05060201485354432,0.0,0.0,False,False,False,0.2,-0.18155696988105774,-0.031095314770936966,25.319099101019198,50.17544082469712,196.13505098416715,214.5286862050089,-0.9077848196029663,-0.15547657012939453,-0.08888271150394207,-0.012967112513558185,-0.08888271150394196,-0.012967112513558199,0.055419921875,0.0,-0.387939453125,-0.07593428845669035,0.0023170253599112834,-5.115963321022064e-05,6093.380469583969,False,True,True,Omega_safe_one_step_QP,False,0.33251953125,0.0,8.982361833745198,False,False,False
274,217.57301218566317,-2269.758012027557,10.263542943977825,4.484533673053438,42.99868646265707,24.089854941821287,0.2,0.0,0.0,25.410320546392462,50.187563945135885,189.57932312121167,213.04001822767174,0.0,0.0,0.0,0.0,-9.71445146547012e-17,1.0408340855860843e-16,0.055419921875,0.0,nan,nan,-0.0004896422408359753,-1.2168278673319564e-05,6125.90507142226,False,True,True,Omega_safe_one_step_QP,False,0.33251953125,0.0,0.0,False,False,False,0.2,0.015970248728990555,0.008030322380363941,25.35496711483439,50.17464836396842,198.50368191852021,214.29925261112894,0.07985123991966248,0.04015161097049713,0.004906122095987245,0.0002447251460256511,0.0049061220959872795,0.0002447251460257101,0.26014284641297625,-0.05033574002966734,0.31074486126652057,-0.02489152189220756,-0.0004870409519045025,-1.1915284862698897e-05,6343.4780836079235,True,True,True,Z_mode_existing_controller,False,0.05060201485354432,0.0,0.4912221943055178,False,False,False
275,186.23387779490076,-2083.5241342326563,8.675668438269916,4.627034058561124,41.756762618517385,25.969377935581022,0.2,0.0,0.0,25.398430730599735,50.18650458561527,191.93314878606103,213.4760257568927,0.0,0.0,0.0,0.0,-6.591949208711867e-17,-1.1796119636642288e-16,0.26014284641297625,-0.05033574002966734,nan,nan,0.0012383031785224456,1.7108636472266438e-05,6021.395918552062,True,True,True,Z_mode_existing_controller,False,0.05060201485354432,0.0,0.0,False,False,False,0.2,-0.0013494453160092235,-0.03099263273179531,25.35057262763417,50.175013572840626,199.78569719511714,214.30717193000916,-0.006747226230800152,-0.1549631655216217,0.00788857795171432,-0.0018819475819186193,0.007888577951714187,-0.001881947581918491,0.26014284641297625,-0.05033574002966734,0.25793959209393635,-0.10093775488321166,0.001225418671633735,1.569166440702893e-05,6207.629796346962,True,True,True,Z_mode_existing_controller,False,0.05060201485354432,0.0,0.8109956152863043,False,False,False
276,171.63294704005602,-1911.8911871926002,8.224908012113774,4.615277857315114,42.65276641381483,27.18722634289855,0.2,0.0,0.0,25.414410054042058,50.18639907577967,188.78169694822515,212.79103486572677,0.0,0.0,0.0,0.0,8.326672684688674e-17,-8.326672684688674e-17,0.055419921875,0.0,nan,nan,0.0017348666359380668,5.090588943810212e-05,5901.450761577327,False,True,True,Omega_safe_one_step_QP,False,0.33251953125,0.0,0.0,False,False,False,0.2,0.04345681890845299,0.023735996335744858,25.372916998508497,50.17613646258995,196.07785519925818,213.71466816854817,0.21728408336639404,0.11867997795343399,0.01336352835136509,0.0007612887372061283,0.01336352835136519,0.0007612887372060069,0.26014284641297625,-0.05033574002966734,0.31074486126652057,-0.022697057095344107,0.0017197745352545172,4.91669554362e-05,6073.083708617383,True,True,True,Z_mode_existing_controller,False,0.05060201485354432,0.0,1.3385195199889277,False,False,False
277,145.07431340068342,-1766.8168737919168,9.28245752601074,4.951249636225094,40.59749075187114,22.157742458403995,0.2,0.0,0.0,25.435231724634136,50.18648067510773,184.67343551294817,211.91244422594698,0.0,0.0,0.0,0.0,0.0,-1.3183898417423734e-16,0.055419921875,0.0,nan,nan,0.0007412382750577318,-9.224474601449801e-05,5910.336264110597,False,True,True,Omega_safe_one_step_QP,False,0.33251953125,0.0,0.0,False,False,False,0.2,0.019399790093302727,0.032271724194288254,25.399594483661645,50.17734524279472,190.6975853485496,213.80886125163525,0.09699895232915878,0.16135862469673157,0.009902629103918661,0.011911791770145917,0.009902629103918752,0.011911791770145785,0.055419921875,0.0,0.2553103606175057,0.33251953125,0.0007369121095583066,-9.304817636837008e-05,6055.41057751128,False,True,True,Omega_safe_one_step_QP,False,0.33251953125,0.0,1.5490411432402038,False,False,False
278,128.09924888315982,-1638.717624908757,10.581501380492504,6.353727107685722,41.53952721795845,27.329926066132845,0.2,0.0,0.0,25.437750964444756,50.18306140040048,184.2144625639891,211.61199903163717,0.0,0.0,0.0,0.0,1.1102230246251565e-16,8.326672684688674e-17,0.055419921875,0.0,nan,nan,0.0002246175059519807,8.347199817226956e-05,6026.815541595619,False,True,True,Omega_safe_one_step_QP,False,0.33251953125,0.0,0.0,False,False,False,0.2,0.01913134753704071,-0.04482318460941315,25.407077502571646,50.17483806941299,189.47998311744564,210.85968941033488,0.09565673768520355,-0.22411592304706573,0.011786075213166672,-0.013062009376635611,0.011786075213166575,-0.01306200937663557,0.055419921875,0.0,0.19734528417649194,-0.33251953125,0.0002291071202247081,8.388368190609527e-05,6154.914790478779,False,True,True,Omega_safe_one_step_QP,False,0.33251953125,0.0,1.7593398133553804,False,False,False
279,53.13898449465432,-1585.5786404141027,11.035918406960967,4.659673045895341,36.26107404196459,24.915373745678142,0.2,0.0,0.0,25.432151477968585,50.18309408896128,185.31538138351655,211.8432023995381,0.0,0.0,0.0,0.0,-1.3877787807814457e-17,-6.245004513516506e-17,0.055419921875,0.0,nan,nan,-0.0013999871457637202,-4.918997247152935e-06,6100.814588149048,False,True,True,Omega_safe_one_step_QP,False,0.33251953125,0.0,0.0,False,False,False,0.2,-0.03453857824206352,-0.010760767385363579,25.405939791322325,50.175759006737394,187.43169784232433,211.9268769093678,-0.17269288003444672,-0.053803835064172745,-0.011220281388041611,-0.003385465266576071,-0.011220281388041514,-0.0033854652665761265,0.055419921875,0.0,-0.387939453125,-0.13813212197266583,-0.0013959016665137537,-4.617100188206418e-06,6153.9535726437025,False,True,True,Omega_safe_one_step_QP,False,0.33251953125,0.0,1.1719901428682091,False,False,False
280,-71.49116956328544,-1657.069809977388,11.590782436745412,3.2970846407736936,46.23064914957777,22.817812698784273,0.2,0.0,0.0,25.40309340240373,50.18152996651563,191.05965858089579,212.97434721941423,0.0,0.0,0.0,0.0,-4.85722573273506e-17,7.632783294297951e-17,0.26014284641297625,-0.05033574002966734,nan,nan,-0.0025651410844968543,-1.6796023093927723e-05,6296.678351690048,True,True,True,Z_mode_existing_controller,False,0.05060201485354432,0.0,0.0,False,False,False,0.2,-0.18011032044887543,0.0021354604978114367,25.37876926891903,50.174552196706216,188.04652103678666,213.28675383269308,-0.9005515575408936,0.01067730225622654,-0.05915814169928195,-0.0005719391464811333,-0.05915814169928199,-0.0005719391464812616,0.26014284641297625,-0.05033574002966734,-0.32560894130464346,-0.043390830925758093,-0.002566941521087173,-1.7439170118588657e-05,6225.187182126762,True,True,True,Z_mode_existing_controller,False,0.05060201485354432,0.0,5.916090637997037,False,False,False
281,-141.2640001738,-1798.3338101511881,9.729975659381164,3.9943675755328805,40.599927851987076,21.89488963551294,0.2,0.0,0.0,25.361313603441783,50.18062428213405,199.30411940876408,214.67735365307306,0.0,0.0,0.0,0.0,1.249000902703301e-16,1.2836953722228372e-16,0.26014284641297625,-0.05033574002966734,nan,nan,-0.0002491265879156193,-9.520683366142681e-05,6306.859760759463,True,True,True,Z_mode_existing_controller,False,0.05060201485354432,0.0,0.0,False,False,False,0.2,-0.18799377977848053,-0.009230957366526127,25.334627409119754,50.17315887580632,193.24828706696414,214.81187771741153,-0.9399688839912415,-0.04615478590130806,-0.08608009350774481,-0.0016489333290106729,-0.0860800935077447,-0.0016489333290108047,0.055419921875,0.0,-0.387939453125,-0.02177003671875291,-0.0002476432538162142,-9.500728407129712e-05,6165.595760585663,False,True,True,Omega_safe_one_step_QP,False,0.33251953125,0.0,8.609588538034547,False,False,False
282,-104.41145688863344,-1902.7452670398216,9.077660099404024,4.971540318401419,42.316065375101196,24.314759215013776,0.2,0.0,0.0,25.361095473812448,50.17943284508436,199.35857511384216,214.61467119037783,0.0,0.0,0.0,0.0,6.245004513516506e-17,7.632783294297951e-17,0.26014284641297625,-0.05033574002966734,nan,nan,0.0009916450036475573,-2.6079525320436055e-05,6239.006844984545,True,True,True,Z_mode_existing_controller,False,0.05060201485354432,0.0,0.0,False,False,False,0.2,-0.17325416207313538,-0.013948027975857258,25.329642113406194,50.1710174576804,194.80085664673558,214.66276845932433,-0.8662707805633545,-0.06974013894796371,-0.08117023816027304,-0.0040978324865329555,-0.08117023816027309,-0.004097832486533049,0.055419921875,0.0,-0.387939453125,-0.03569316252990307,0.000993844006877226,-2.5539801509208166e-05,6134.595388095911,False,True,True,Omega_safe_one_step_QP,False,0.33251953125,0.0,8.127361068688375,False,False,False
283,-24.978551529512515,-1927.723818569334,10.130357166202847,4.7242311676426265,38.72250383615705,24.108545699464813,0.2,0.0,0.0,25.37953753473523,50.179635615600404,195.71800226554615,213.84295128335947,0.0,0.0,0.0,0.0,-9.194034422677078e-17,5.204170427930421e-17,0.26014284641297625,-0.05033574002966734,nan,nan,-0.0003230799030564211,-2.985721669018001e-05,6262.12723083638,True,True,True,Z_mode_existing_controller,False,0.05060201485354432,0.0,0.0,False,False,False,0.2,-0.1668609380722046,0.008871205151081085,25.344560137590143,50.170521119605134,194.54161279383018,214.77131024176998,-0.834304690361023,0.044356025755405426,-0.054936901083895553,0.003507624409289707,-0.05493690108389546,0.003507624409289683,0.26014284641297625,-0.05033574002966734,-0.32560894130464346,-0.019194093959051747,-0.0003228568769478193,-2.9917350635018814e-05,6237.148679306867,True,True,True,Z_mode_existing_controller,False,0.05060201485354432,0.0,5.504876501519695,False,False,False
284,-39.27180828571454,-1966.9956268550486,11.213966359463978,6.578090311564741,39.77390653646174,24.01981988289221,0.2,0.0,0.0,25.375247166984714,50.17919727223268,196.5663897610877,213.99314536826364,0.0,0.0,0.0,0.0,-7.632783294297951e-17,-9.71445146547012e-17,0.26014284641297625,-0.05033574002966734,nan,nan,-0.00028172793490243645,-1.339410581207472e-05,6394.055717226924,True,True,True,Z_mode_existing_controller,False,0.05060201485354432,0.0,0.0,False,False,False,0.2,-0.16563303768634796,0.0012878929264843464,25.339468511185558,50.16988804331833,194.83077262428088,214.3725992223681,-0.8281651735305786,0.006439464632421732,-0.0546676568724177,-0.0009218874368630767,-0.054667656872417814,-0.0009218874368630142,0.26014284641297625,-0.05033574002966734,-0.32560894130464346,-0.04578118017485366,-0.00028109165819994184,-1.3668293102874103e-05,6354.783908941209,True,True,True,Z_mode_existing_controller,False,0.05060201485354432,0.0,5.467542943925223,False,False,False
285,-47.65931386032662,-2014.6549407153752,5.42847326432734,5.310230317109759,39.14960405763425,24.51205953902907,0.2,0.0,0.0,25.372280096287852,50.179221193819195,197.14846737915494,214.11304058887816,0.0,0.0,0.0,0.0,9.71445146547012e-17,-6.245004513516506e-17,0.26014284641297625,-0.05033574002966734,nan,nan,0.004820664086315137,-8.143993464214926e-05,5807.722885379357,True,True,True,Z_mode_existing_controller,False,0.05060201485354432,0.0,0.0,False,False,False,0.2,-0.1670372635126114,-0.007761020213365555,25.335256844557,50.16963981317078,194.8742745637183,213.87211499191073,-0.8351863026618958,-0.038805101066827774,-0.05526387020737427,-0.006236515816098208,-0.05526387020737424,-0.006236515816098267,0.26014284641297625,-0.05033574002966734,-0.32560894130464346,-0.07755141256221113,0.004820333850807215,-8.014563183579007e-05,5760.06357151903,True,True,True,Z_mode_existing_controller,False,0.05060201485354432,0.0,5.561465166502388,False,False,False
286,209.41132084755554,-1805.2436198678197,8.328611740068487,5.65438983160039,37.95717994629775,22.881712086588294,0.2,0.0,0.0,25.446330296110254,50.177974677579925,182.56249327518233,210.92022545712973,0.0,0.0,0.0,0.0,0.0,-1.3183898417423734e-16,0.055419921875,0.0,nan,nan,0.0020158105001414897,-9.044247351931971e-05,5766.969089715449,False,True,True,Omega_safe_one_step_QP,False,0.33251953125,0.0,0.0,False,False,False,0.2,0.12680330872535706,-0.06699621677398682,25.40761689003161,50.16808493584958,191.5450715369384,209.64307979929643,0.6340165138244629,-0.3349810838699341,0.06115148566125298,-0.015879537554268686,0.06115148566125286,-0.015879537554268575,0.055419921875,0.0,0.387939453125,-0.1756858777672779,0.002000601111653435,-9.23141552965313e-05,5976.380410563004,False,True,True,Omega_safe_one_step_QP,False,0.33251953125,0.0,6.317961626597505,False,False,False
287,173.83452152265545,-1631.4090983451642,8.158831435760286,4.582402916228109,43.74492818294253,23.78306041956518,0.2,0.0,0.0,25.46624785605704,50.17428692791933,178.67682172276344,209.87247166717603,0.0,0.0,0.0,0.0,-2.7755575615628914e-17,5.551115123125783e-17,0.055419921875,0.0,nan,nan,0.001832295919389956,-4.633012800301208e-05,5658.855994208534,False,True,True,Omega_safe_one_step_QP,False,0.33251953125,0.0,0.0,False,False,False,0.2,0.06666886061429977,-0.19004687666893005,25.43474340516997,50.16585222649262,186.25934045152178,204.85487200642677,0.33334431052207947,-0.9502343535423279,0.06055795957336095,-0.05122217342213821,0.06055795957336098,-0.051222173422138126,0.055419921875,0.0,0.172068501788562,-0.33251953125,0.0018185639050860196,-4.7539788013809675e-05,5832.690515731189,False,True,True,Omega_safe_one_step_QP,False,0.33251953125,0.0,7.931568267232165,False,False,False
288,150.48587209016569,-1480.9232262549986,9.435376968254593,5.2128650715118425,38.37489787682065,27.620662843428136,0.2,0.0,0.0,25.48020996954729,50.17088772891719,175.9617982406894,209.09134343749318,0.0,0.0,0.0,0.0,0.0,-1.3877787807814457e-16,0.055419921875,0.0,nan,nan,0.0006664337957769783,6.663762498375315e-05,5717.935452757066,False,True,True,Omega_safe_one_step_QP,False,0.33251953125,0.0,0.0,False,False,False,0.2,0.04055076465010643,-0.1950673609972,25.454773555942175,50.16380062048587,182.40819013790824,203.95846835651966,0.20275381207466125,-0.9753367900848389,0.060361287964221993,-0.05073088948067381,0.06036128796422187,-0.05073088948067374,0.055419921875,0.0,0.12454435757942318,-0.33251953125,0.0006642880508622427,6.634520737318307e-05,5868.4213248472315,False,True,True,Omega_safe_one_step_QP,False,0.33251953125,0.0,7.884864128315757,False,False,False
289,58.43509934362555,-1422.488126911373,9.65191615954096,4.43015275803756,40.807600713202774,26.137001095614107,0.2,0.0,0.0,25.474448771868015,50.169335200880546,177.11325415945612,209.2422166181046,0.0,0.0,0.0,0.0,-1.3877787807814457e-16,-1.3877787807814457e-17,0.055419921875,0.0,nan,nan,8.012444116892604e-05,3.335037790503292e-05,5766.219903914962,False,True,True,Omega_safe_one_step_QP,False,0.33251953125,0.0,0.0,False,False,False,0.2,0.04242536053061485,-0.06727399677038193,25.45430922969554,50.163432651230835,179.573934669483,207.29096150341434,0.21212679147720337,-0.33636999130249023,0.030148294765913325,-0.01750233580685226,0.03014829476591324,-0.017502335806852218,0.055419921875,0.0,0.26511849300201185,-0.33251953125,8.001047114751915e-05,3.3348213718980765e-05,5824.655003258587,False,True,True,Omega_safe_one_step_QP,False,0.33251953125,0.0,3.4860456623346474,False,False,False
290,-1.5708651861432372,-1424.0589920975162,10.889907916366305,6.276975164173888,38.16946531911083,20.09032141419127,0.2,0.0,0.0,25.460849914227712,50.167299822853685,179.81548935537307,209.6965524781625,0.0,0.0,0.0,0.0,-1.3877787807814457e-16,9.71445146547012e-17,0.055419921875,0.0,nan,nan,-0.00022010772361512288,-0.00014411572775700938,5951.465301042863,False,True,True,Omega_safe_one_step_QP,False,0.33251953125,0.0,0.0,False,False,False,0.2,0.0022289820481091738,-0.0330643467605114,25.442788488877,50.16185800030846,179.72197804494192,208.57596790676718,0.011144910007715225,-0.1653217375278473,0.007838545134484481,-0.008737251200096066,0.00783854513448437,-0.008737251200096191,0.055419921875,0.0,0.07783621429929538,-0.33251953125,-0.00021865565589846954,-0.00014387830791979346,5949.89443585672,False,True,True,Omega_safe_one_step_QP,False,0.33251953125,0.0,1.1738072599832179,False,False,False
291,24.04886770389021,-1400.010124393626,11.905241881461796,4.32531226395936,40.362786883404084,24.124877543438895,0.2,0.0,0.0,25.444988585072785,50.16214001291478,183.00050484981725,210.07435982124454,0.0,0.0,0.0,0.0,-9.71445146547012e-17,6.938893903907228e-17,0.055419921875,0.0,nan,nan,-0.0024356124192324875,-8.363368668936905e-07,6129.80964881801,False,True,True,Omega_safe_one_step_QP,False,0.33251953125,0.0,0.0,False,False,False,0.2,-0.04949503764510155,-0.19210268557071686,25.426951911912226,50.15673129691802,184.0575262199843,204.69216987405255,-0.24747517704963684,-0.9605134129524231,0.01849599331845382,-0.05152114018631898,0.018495993318453766,-0.051521140186319106,0.055419921875,0.0,-0.030253355768438905,-0.33251953125,-0.002431444967340243,1.2515113964844775e-07,6153.8585165219,False,True,True,Omega_safe_one_step_QP,False,0.33251953125,0.0,5.474056681232525,False,False,False
292,-114.71239692177551,-1514.7225213154015,9.411476638580034,5.403114071801983,43.36667032594362,28.097466529944448,0.2,0.0,0.0,25.39854425604984,50.160353598364104,192.17488963438925,211.92536763932046,0.0,0.0,0.0,0.0,1.0408340855860843e-16,-1.1102230246251565e-16,0.26014284641297625,-0.05033574002966734,nan,nan,0.0009037746747379403,9.719978759170416e-05,6102.60879133518,True,True,True,Z_mode_existing_controller,False,0.05060201485354432,0.0,0.0,False,False,False,0.2,-0.12130160629749298,0.0014152495423331857,25.381504372696103,50.15529747056955,187.2542618419259,211.6485316950869,-0.6065080165863037,0.0070762475952506065,-0.040156677410555106,-0.000398636139115123,-0.04015667741055512,-0.000398636139115123,0.26014284641297625,-0.05033574002966734,-0.32560894130464346,-0.04350165946971898,0.0009058603123128745,9.756906448426324e-05,5987.896394413405,True,True,True,Z_mode_existing_controller,False,0.05060201485354432,0.0,4.015865599627066,False,False,False
293,-150.24095024613234,-1664.9634715615339,8.754207524467658,3.2632770033212877,40.824815963962365,25.1844857437939,0.2,0.0,0.0,25.409783907100078,50.16195698842428,189.93770982138335,211.53394338829412,0.0,0.0,0.0,0.0,3.469446951953614e-17,7.632783294297951e-17,0.055419921875,0.0,nan,nan,0.0004745895098805385,-8.023933101684692e-06,5984.012842612046,False,True,True,Omega_safe_one_step_QP,False,0.33251953125,0.0,0.0,False,False,False,0.2,-0.17766132950782776,-0.0014949277974665165,25.388864669756614,50.15614155102322,183.40247272234583,212.14435098451432,-0.8883066177368164,-0.0074746389873325825,-0.059055571465229245,0.008121609238715521,-0.059055571465229176,0.008121609238715508,0.055419921875,0.0,-0.387939453125,-0.0037306388272056626,0.0004805491666949296,-6.985488753987737e-06,5833.771892365914,False,True,True,Omega_safe_one_step_QP,False,0.33251953125,0.0,5.961141717583276,False,False,False
294,-132.72101999736515,-1797.684491558899,10.52069797119142,4.0280579852436755,40.89865580587356,23.817784205911742,0.2,0.0,0.0,25.4127307708878,50.161104655632904,189.36424441922077,211.35666896521582,0.0,0.0,0.0,0.0,-2.7755575615628914e-17,-1.3877787807814457e-16,0.055419921875,0.0,nan,nan,-0.001086153172864875,-2.486582572691783e-05,6148.551638194324,False,True,True,Omega_safe_one_step_QP,False,0.33251953125,0.0,0.0,False,False,False,0.2,-0.18129779398441315,0.0014884283300489187,25.386698451401617,50.15426241052339,183.72616617668623,212.29353322828214,-0.9064889550209045,0.00744214141741395,-0.061248834442357916,0.009626476867991965,-0.06124883444235793,0.009626476867991965,0.055419921875,0.0,-0.387939453125,0.003639915520425567,-0.0010874683762074943,-2.532427909738102e-05,6015.830618196959,False,True,True,Omega_safe_one_step_QP,False,0.33251953125,0.0,6.200071594294175,False,False,False
295,-115.42209380314125,-1913.1065853620403,9.718024817314967,5.401083452865766,38.388052005580256,24.331121071745166,0.2,0.0,0.0,25.391794772279813,50.159828794098004,193.5039730982694,212.16171192724363,0.0,0.0,0.0,0.0,-3.469446951953614e-18,6.245004513516506e-17,0.26014284641297625,-0.05033574002966734,nan,nan,0.0004690769770346821,-2.9852042060687966e-05,6167.0044954758205,True,True,True,Z_mode_existing_controller,False,0.05060201485354432,0.0,0.0,False,False,False,0.2,-0.19419369101524353,-0.004745235200971365,25.36128743510217,50.1520663999668,188.542885775025,211.8160714728811,-0.9709684252738953,-0.023726176470518112,-0.06435424197880522,-0.004744848332514547,-0.06435424197880525,-0.004744848332514477,0.26014284641297625,-0.05033574002966734,-0.32560894130464346,-0.06464892388017345,0.0004702667614605656,-2.9649024147805148e-05,6051.582401672679,True,True,True,Z_mode_existing_controller,False,0.05060201485354432,0.0,6.452892410667637,False,False,False
296,-107.6754723820859,-2020.7820577441262,9.65630741089468,4.513544334932377,40.049807668330494,24.884210366802787,0.2,0.0,0.0,25.397614887268443,50.15909933870173,192.36263748009924,211.87021825342183,0.0,0.0,0.0,0.0,1.3877787807814457e-17,9.020562075079397e-17,0.26014284641297625,-0.05033574002966734,nan,nan,9.818210705656022e-05,-7.832096213925867e-06,6133.294380369917,True,True,True,Z_mode_existing_controller,False,0.05060201485354432,0.0,0.0,False,False,False,0.2,-0.18241101503372192,0.0029388796538114548,25.36323642171763,50.15057701684497,187.70263028395476,211.96057172271702,-0.9120550751686096,0.014694398269057274,-0.060617772324008064,-0.00012461889496601097,-0.06061777232400813,-0.00012461889496610118,0.26014284641297625,-0.05033574002966734,-0.32560894130464346,-0.04089851382494085,9.941091295330613e-05,-7.631224198045026e-06,6025.618907987831,True,True,True,Z_mode_existing_controller,False,0.05060201485354432,0.0,6.061790042053794,False,False,False
297,-111.50325871746736,-2132.2853164615935,9.269046971618407,5.890154184677058,37.185865774396284,26.32026998321865,0.2,0.0,0.0,25.39692982583314,50.15863511392711,192.5005967992129,211.86721462754625,0.0,0.0,0.0,0.0,-2.7755575615628914e-17,7.632783294297951e-17,0.26014284641297625,-0.05033574002966734,nan,nan,0.0011511655779619324,1.991831218641372e-05,6097.034283142002,True,True,True,Z_mode_existing_controller,False,0.05060201485354432,0.0,0.0,False,False,False,0.2,-0.1863478720188141,0.001393768354319036,25.358940236999697,50.14939049604357,187.64081550546774,211.8413438643577,-0.931739330291748,0.006968841888010502,-0.06208347425139396,-0.0010695131784317843,-0.06208347425139392,-0.001069513178431701,0.26014284641297625,-0.05033574002966734,-0.32560894130464346,-0.045954674142721266,0.0011533113803894638,2.0374384912184894e-05,5985.531024424535,True,True,True,Z_mode_existing_controller,False,0.05060201485354432,0.0,6.209268582983277,False,False,False
298,-108.59974677446007,-2240.8850632360536,8.655684060236148,6.15021487237569,40.31281327870259,26.974520164190448,0.2,0.0,0.0,25.412155038926784,50.15874866847623,189.4952454121394,211.22607002582248,0.0,0.0,0.0,0.0,4.163336342344337e-17,1.3183898417423734e-16,0.055419921875,0.0,nan,nan,0.0019623839302107295,4.266078763437236e-05,5962.75938837083,False,True,True,Omega_safe_one_step_QP,False,0.33251953125,0.0,0.0,False,False,False,0.2,-0.17624464631080627,-0.01077090110629797,25.37042088570527,50.14876021951296,184.68782058924896,211.69028392014383,-0.881223201751709,-0.053854502737522125,-0.0612339412438138,0.004015574352555659,-0.06123394124381393,0.004015574352555798,0.055419921875,0.0,-0.387939453125,-0.027095177542322196,0.0019655261940136554,4.348692749880532e-05,5854.1596415963695,False,True,True,Omega_safe_one_step_QP,False,0.33251953125,0.0,6.136546583895355,False,False,False
299,1.3531368909025332,-2239.531926345151,9.71910402142779,5.751067141458659,40.416353198671466,21.69245778676112,0.2,0.0,0.0,25.43706260739597,50.158850359597814,184.58127798821153,210.17659390208894,0.0,0.0,0.0,0.0,-9.71445146547012e-17,7.632783294297951e-17,0.055419921875,0.0,nan,nan,0.0007091372134719613,-0.00010112639490742533,5952.369543337817,False,True,True,Omega_safe_one_step_QP,False,0.33251953125,0.0,0.0,False,False,False,0.2,-0.07455648481845856,0.008831709623336792,25.391656363277804,50.14812186463268,184.48104865598157,211.20945466926472,-0.3727824091911316,0.04415854811668396,-0.02289080261552799,0.0083133616081663,-0.022890802615528144,0.008313361608166175,0.055419921875,0.0,-0.387939453125,0.05251885558068402,0.0007094463272688448,-0.00010128659054545533,5953.72268022872,False,True,True,Omega_safe_one_step_QP,False,0.33251953125,0.0,2.435366144158205,False,False,False
300,71.87939183622348,-2167.6525345089276,9.91630274937284,4.828816291119482,40.35550738513997,23.72928907217071,0.2,0.0,0.0,25.439107037078568,50.15531330417937,184.21730837959674,209.8897138368037,0.0,0.0,0.0,0.0,8.326672684688674e-17,6.938893903907228e-17,0.055419921875,0.0,nan,nan,1.7862334208093057e-06,-3.7608026364787045e-05,5963.552650594742,False,True,True,Omega_safe_one_step_QP,False,0.33251953125,0.0,0.0,False,False,False,0.2,0.002208092948421836,-0.03898698836565018,25.393812914722517,50.14456195620517,187.13643673834312,209.0537458426107,0.011040464974939823,-0.1949349343776703,0.00614626138266583,-0.010559629061476103,0.006146261382665816,-0.010559629061476089,0.055419921875,0.0,0.07425271873736454,-0.33251953125,2.3650940522813933e-06,-3.7550995510876334e-05,6035.432042430965,False,True,True,Omega_safe_one_step_QP,False,0.33251953125,0.0,1.2218113393647125,False,False,False
301,60.007413053735036,-2107.6451214551926,7.7561572336492555,5.009925965471647,40.07423179386616,24.524461333161277,0.2,0.0,0.0,25.430250710557615,50.15299929303669,185.9878983485289,210.1290667142871,0.0,0.0,0.0,0.0,-6.938893903907228e-17,-8.326672684688674e-17,0.055419921875,0.0,nan,nan,0.002357312786460052,-4.243744374300977e-05,5791.284084456203,False,True,True,Omega_safe_one_step_QP,False,0.33251953125,0.0,0.0,False,False,False,0.2,-0.026408622041344643,-0.12272496521472931,25.387517405745538,50.14276449317791,188.57060033596167,206.9470260924285,-0.13204310834407806,-0.6136248111724854,0.006543512087759759,-0.0334657487614977,0.006543512087759884,-0.03346574876149777,0.055419921875,0.0,-0.016133430018656983,-0.33251953125,0.002347748151642083,-4.294139431714622e-05,5851.291497509938,False,True,True,Omega_safe_one_step_QP,False,0.33251953125,0.0,3.409947053269823,False,False,False
302,162.67278017451918,-1944.9723412806734,11.324210379975808,6.101359254937785,41.81301153575149,23.934910618373948,0.2,0.0,0.0,25.45819858665914,50.15086965171464,180.50082750492868,208.82889589360286,0.0,0.0,0.0,0.0,-1.1102230246251565e-16,5.551115123125783e-17,0.055419921875,0.0,nan,nan,-0.000652481373973612,-8.040154258890124e-06,6010.351218154506,False,True,True,Omega_safe_one_step_QP,False,0.33251953125,0.0,0.0,False,False,False,0.2,0.09596311300992966,-0.023887725546956062,25.417591050312616,50.141151978432944,187.08006248016073,208.86405760223403,0.4798155725002289,-0.11943862587213516,0.049439500949582355,-0.0009178580322204699,0.049439500949582216,-0.0009178580322205115,0.055419921875,0.0,0.387939453125,-0.08277279730056876,-0.0006404602605585147,-6.859097531839711e-06,6173.023998329025,False,True,True,Omega_safe_one_step_QP,False,0.33251953125,0.0,4.9448020359879346,False,False,False
303,73.24521013298545,-1871.727131147688,9.648946647455602,5.347520878957667,43.36351004501484,24.719582482148247,0.2,0.0,0.0,25.436467736148817,50.14858166402056,184.80916552482716,209.6117737475185,0.0,0.0,0.0,0.0,9.71445146547012e-17,1.1102230246251565e-16,0.055419921875,0.0,nan,nan,0.0006364789717450822,-3.3386722116265054e-07,5950.790566941741,False,True,True,Omega_safe_one_step_QP,False,0.33251953125,0.0,0.0,False,False,False,0.2,0.013624334707856178,-0.13392575085163116,25.401537372563148,50.13995967039076,187.89862106485512,206.02611226226003,0.06812167167663574,-0.6696287393569946,0.02456778223744724,-0.0355683286967428,0.02456778223744728,-0.03556832869674266,0.055419921875,0.0,0.08924730280690435,-0.33251953125,0.0006355554525689332,-1.1465194168646005e-07,6024.035777074727,False,True,True,Omega_safe_one_step_QP,False,0.33251953125,0.0,4.322825384336203,False,False,False
304,58.74944837767907,-1812.9776827700089,9.2698845899628,4.786282859339316,42.40071794305518,24.90613488571078,0.2,0.0,0.0,25.43764140555513,50.147122689128906,184.59240813166394,209.47582747488627,0.0,0.0,0.0,0.0,-1.3877787807814457e-16,-9.71445146547012e-17,0.055419921875,0.0,nan,nan,0.0007122925590213147,-3.2980070236790504e-06,5908.546329587207,False,True,True,Omega_safe_one_step_QP,False,0.33251953125,0.0,0.0,False,False,False,0.2,0.006729928310960531,-0.13107824325561523,25.40534509385638,50.13912043831113,187.09114554451617,205.93645422075375,0.033649642020463943,-0.6553912162780762,0.0226572160428236,-0.034562748832232246,0.02265721604282371,-0.034562748832232246,0.055419921875,0.0,0.0724924165295302,-0.33251953125,0.0007100944873573281,-3.2014576828307472e-06,5967.295777964886,False,True,True,Omega_safe_one_step_QP,False,0.33251953125,0.0,4.132714659459506,False,False,False
305,41.2213721590515,-1771.7563106109574,7.486122533558234,6.115486175903884,46.39899399583796,24.880229021231003,0.2,0.0,0.0,25.43977737738833,50.14557466654015,184.1869931914009,209.29446891106434,0.0,0.0,0.0,0.0,-2.7755575615628914e-17,1.3877787807814457e-16,0.055419921875,0.0,nan,nan,0.003226286376313045,-1.6688736925557957e-05,5721.759932723157,False,True,True,Omega_safe_one_step_QP,False,0.33251953125,0.0,0.0,False,False,False,0.2,0.0035955035127699375,-0.10730598121881485,25.40960671153001,50.13809262838289,185.98617845070862,206.36676221477194,0.0179775170981884,-0.5365298986434937,0.018669503283615774,-0.028058246119384428,0.018669503283615885,-0.02805824611938458,0.055419921875,0.0,0.06656166000640956,-0.33251953125,0.0032187698074690367,-1.7042703181907766e-05,5762.981304882209,False,True,True,Omega_safe_one_step_QP,False,0.33251953125,0.0,3.370186238404187,False,False,False
306,60.30969794231987,-1711.4466126686375,9.743076862595712,5.096205010665015,36.92974180716935,19.88975720409629,0.2,0.0,0.0,25.479292586799453,50.143700001541816,176.41656890324649,207.52127700230707,0.0,0.0,0.0,0.0,-2.7755575615628914e-17,9.71445146547012e-17,0.055419921875,0.0,nan,nan,0.0002441670150196019,-0.00016686925092771398,5760.279164856305,False,True,True,Omega_safe_one_step_QP,False,0.33251953125,0.0,0.0,False,False,False,0.2,0.031763818114995956,-0.06999244540929794,25.450592440952928,50.13659887958532,178.92826759860623,205.6754035575715,0.15881909430027008,-0.3499622046947479,0.027519222519209574,-0.017046937928590064,0.027519222519209435,-0.017046937928590175,0.055419921875,0.0,0.20632320648727936,-0.33251953125,0.0002446747635737861,-0.00016649540810200982,5820.588862798625,False,True,True,Omega_safe_one_step_QP,False,0.33251953125,0.0,3.2371371623750687,False,False,False
307,94.36183741268451,-1617.084775255953,11.012474290942894,5.781429965862625,35.92905121909853,25.990443203870754,0.2,0.0,0.0,25.467654948959357,50.13762028436443,178.77977079738756,207.67069880586843,0.0,0.0,0.0,0.0,-8.326672684688674e-17,-1.3877787807814457e-16,0.055419921875,0.0,nan,nan,-0.0007087948884682456,2.4992367352171842e-05,5939.823507493213,False,True,True,Omega_safe_one_step_QP,False,0.33251953125,0.0,0.0,False,False,False,0.2,0.00375934736803174,-0.19749541580677032,25.441116508325866,50.13099664060089,182.73197178169943,202.655003549039,0.018796736374497414,-0.9874770641326904,0.04504695325917968,-0.048309940691936504,0.045046953259179665,-0.048309940691936476,0.055419921875,0.0,0.06174946840911749,-0.33251953125,-0.0007024556767219986,2.6038578193724815e-05,6034.185344905897,False,True,True,Omega_safe_one_step_QP,False,0.33251953125,0.0,6.605360223025795,False,False,False
308,28.920928483538773,-1588.1638467724142,7.795934570859364,4.083669168858963,44.80589529751873,25.214755364513252,0.2,0.0,0.0,25.443695486757676,50.13576036112938,183.5224191319174,208.5709615017354,0.0,0.0,0.0,0.0,-8.326672684688674e-17,1.249000902703301e-16,0.055419921875,0.0,nan,nan,0.0020151549053264474,-6.3878932154748966e-06,5738.153595797515,False,True,True,Omega_safe_one_step_QP,False,0.33251953125,0.0,0.0,False,False,False,0.2,-0.03088361956179142,-0.19302226603031158,25.420563709639953,50.129946646543985,184.85292043549504,203.42790264078562,-0.15441809594631195,-0.9651113152503967,0.02446975717082997,-0.048802738524585276,0.024469757170830025,-0.04880273852458525,0.055419921875,0.0,0.0022166986863470448,-0.33251953125,0.002010315384969521,-6.2328633881285735e-06,5767.0745242810535,False,True,True,Omega_safe_one_step_QP,False,0.33251953125,0.0,5.45937386840141,False,False,False
309,80.85402648396212,-1507.309820288452,9.203946110435908,4.639715458774354,39.67311213016074,27.93448091054301,0.2,0.0,0.0,25.464523320088148,50.1340140567267,179.43447132044923,207.59167735803717,0.0,0.0,0.0,0.0,-1.1102230246251565e-16,-1.3877787807814457e-17,0.055419921875,0.0,nan,nan,0.0006458434427884727,7.77328120852562e-05,5780.196996218948,False,True,True,Omega_safe_one_step_QP,False,0.33251953125,0.0,0.0,False,False,False,0.2,0.08402907848358154,-0.07563132792711258,25.44249332950023,50.128575776465176,182.87010964435188,205.56098432307948,0.4201453924179077,-0.3781566321849823,0.0465892536990927,-0.017625685776471986,0.04658925369909256,-0.01762568577647211,0.055419921875,0.0,0.387939453125,-0.29928798653971145,0.0006435371586222234,7.741825923904654e-05,5861.05102270291,False,True,True,Omega_safe_one_step_QP,False,0.33251953125,0.0,4.981187970082367,False,False,False
310,-3.8022670964728604,-1511.112087384925,9.248036125629259,5.258668885040892,39.473804718994366,29.027123933650536,0.2,0.0,0.0,25.46143569856193,50.133320116097515,180.04877780069626,207.67723326394864,0.0,0.0,0.0,0.0,-1.3877787807814457e-16,1.249000902703301e-16,0.055419921875,0.0,nan,nan,0.0009107305720825309,0.00011017353233327943,5798.901462025897,False,True,True,Omega_safe_one_step_QP,False,0.33251953125,0.0,0.0,False,False,False,0.2,0.02608916535973549,0.022879648953676224,25.442245409577115,50.12849438434805,179.81332672849413,208.3370841052429,0.13044582307338715,0.11439824104309082,0.014423234624613451,0.00993858697385587,0.014423234624613507,0.009938586973855842,0.055419921875,0.0,0.387939453125,0.2916126307736395,0.0009106816738605958,0.00011019962002781694,5795.099194929424,False,True,True,Omega_safe_one_step_QP,False,0.33251953125,0.0,1.7515855904680995,False,False,False
311,-92.2757630196129,-1603.3878504045379,10.482513671127895,3.69501672759576,45.76451214152984,24.943969159034886,0.2,0.0,0.0,25.46283155869197,50.13337230053597,179.77044345252037,207.61503655183083,0.0,0.0,0.0,0.0,8.326672684688674e-17,9.71445146547012e-17,0.055419921875,0.0,nan,nan,-0.001114212312303462,2.7452052906878498e-05,5911.629105220021,False,True,True,Omega_safe_one_step_QP,False,0.33251953125,0.0,0.0,False,False,False,0.2,-0.10871507972478867,0.02553604543209076,25.443530535269154,50.12850188073709,175.8164348152501,209.41059368197136,-0.5435754060745239,0.1276802271604538,-0.024088899396024016,0.02107753326258753,-0.02408889939602399,0.021077533262587503,0.055419921875,0.0,-0.387939453125,0.10414052191659166,-0.0011151250209980477,2.7043796945556068e-05,5819.353342200408,False,True,True,Omega_safe_one_step_QP,False,0.33251953125,0.0,3.200839706307155,False,False,False
312,-124.39868665384984,-1727.7865370583877,9.530951106428454,4.091356881297235,37.27920227784744,22.595860390517796,0.2,0.0,0.0,25.43362296327965,50.131726878191,185.54537254157808,208.74812019186484,0.0,0.0,0.0,0.0,-1.1102230246251565e-16,-1.3877787807814457e-17,0.055419921875,0.0,nan,nan,-5.587903039350585e-05,-8.746537825948686e-05,5959.328626277398,False,True,True,Omega_safe_one_step_QP,False,0.33251953125,0.0,0.0,False,False,False,0.2,-0.15920133888721466,0.006224516313523054,25.41118757050266,50.126177404895245,180.1704717110869,210.05587687742744,-0.7960066795349121,0.031122582033276558,-0.0456378669262885,0.01506098656997773,-0.04563786692628859,0.015060986569977855,0.055419921875,0.0,-0.387939453125,0.01733463852584794,-5.386309981527586e-05,-8.73228551174414e-05,5834.929939623548,False,True,True,Omega_safe_one_step_QP,False,0.33251953125,0.0,4.805879954849772,False,False,False
313,-103.84548960554639,-1831.632026663934,11.83409306357908,4.6396438863521,42.43423522244405,26.96367483551762,0.2,0.0,0.0,25.425070544726086,50.128684049921134,187.2646347847761,208.93463034727495,0.0,0.0,0.0,0.0,4.163336342344337e-17,6.938893903907228e-17,0.055419921875,0.0,nan,nan,-0.002079989917470262,9.384281090847236e-05,6229.699044917073,False,True,True,Omega_safe_one_step_QP,False,0.33251953125,0.0,0.0,False,False,False,0.2,-0.14287172257900238,-0.003919252660125494,25.398406890905886,50.12225542040351,182.92637099425932,209.7671379654327,-0.7143585681915283,-0.019596263766288757,-0.04477011902984039,0.008823206248826015,-0.04477011902984039,0.008823206248826168,0.055419921875,0.0,-0.387939453125,-0.012162220616465809,-0.002083750605479531,9.279243300647851e-05,6125.853555311526,False,True,True,Omega_safe_one_step_QP,False,0.33251953125,0.0,4.563126698279806,False,False,False
314,-133.21629525266508,-1964.8483219165992,11.076490172195022,3.7288865315291204,40.77364963488558,25.529051560872876,0.2,0.0,0.0,25.387587477458425,50.129542231737446,194.64131804745625,210.55377804542434,0.0,0.0,0.0,0.0,-1.0018028073766061e-16,1.0408340855860843e-16,0.26014284641297625,-0.05033574002966734,nan,nan,-0.0018749690649672796,3.44112835198868e-05,6335.912267651289,True,True,True,Z_mode_existing_controller,False,0.05060201485354432,0.0,0.0,False,False,False,0.2,-0.1967153698205948,0.004171465057879686,25.35746553186372,50.12239184287955,189.04423537051616,210.67361448035237,-0.9835768342018127,0.020857324823737144,-0.06529949889620958,0.0004526043799771423,-0.0652994988962096,0.0004526043799770105,0.26014284641297625,-0.05033574002966734,-0.32560894130464346,-0.03791452903185339,-0.001877888440271848,3.362258613071704e-05,6202.695972398624,True,True,True,Z_mode_existing_controller,False,0.05060201485354432,0.0,6.530106742481965,False,False,False
315,-174.94785995289567,-2139.796181869495,11.006900674880422,4.095786557486326,47.254146611083414,23.68262794024848,0.2,0.0,0.0,25.359278232152924,50.130355022746556,200.21003085995628,211.78416286064393,0.0,0.0,0.0,0.0,8.326672684688674e-17,2.7755575615628914e-17,0.26014284641297625,-0.05033574002966734,nan,nan,-0.0013858941209071586,5.570103678103743e-06,6463.7882051087545,True,True,True,Z_mode_existing_controller,False,0.05060201485354432,0.0,0.0,False,False,False,0.2,-0.18427906930446625,-0.01776002161204815,25.324705266397814,50.12230941342813,192.86792219881272,211.87811957331198,-0.9213953018188477,-0.0888001099228859,-0.08313563780954669,0.00028380454902126456,-0.08313563780954658,0.0002838045490212021,0.055419921875,0.0,-0.387939453125,-0.04272906365125278,-0.001389996672168753,4.599040504909364e-06,6288.840345155859,False,True,True,Omega_safe_one_step_QP,False,0.33251953125,0.0,8.313612222747805,False,False,False
316,-168.26365702628755,-2308.0598388957824,9.141212101466856,2.386763620634166,36.98446603972702,26.515103530059392,0.2,0.0,0.0,25.342908442148335,50.13145365102762,203.42166573811622,212.52754833637425,0.0,0.0,0.0,0.0,-5.551115123125783e-17,-2.7755575615628914e-17,0.055419921875,0.0,nan,nan,-0.0005141433555558182,2.2419436376238614e-05,6346.388338424129,False,True,True,Omega_safe_one_step_QP,False,0.33251953125,0.0,0.0,False,False,False,0.2,-0.1920650452375412,-0.04694957286119461,25.302471595989473,50.122233827343806,196.1524745715243,211.38341252544626,-0.9603251814842224,-0.23474785685539246,-0.0952913704164391,-0.014131493768854489,-0.09529137041643906,-0.014131493768854433,0.055419921875,0.0,-0.387939453125,-0.10837751999335475,-0.0005098937932866733,2.323735087992209e-05,6178.124681397841,False,True,True,Omega_safe_one_step_QP,False,0.33251953125,0.0,9.633350607126356,False,False,False
317,-137.8278238866833,-2445.8876627824657,10.384776107986148,3.1743978613532393,35.89923617590363,26.584639831090907,0.2,0.0,0.0,25.342267935540537,50.13338525259717,203.52266757083837,212.65444513640557,0.0,0.0,0.0,0.0,-1.3877787807814457e-17,1.249000902703301e-16,0.055419921875,0.0,nan,nan,-0.0015563678343171045,3.759351004858924e-05,6481.365028462422,False,True,True,Omega_safe_one_step_QP,False,0.33251953125,0.0,0.0,False,False,False,0.2,-0.18393222987651825,-0.04583705589175224,25.296175168903,50.12307704387768,197.65369632357027,211.67037254048432,-0.9196611642837524,-0.2291852831840515,-0.09373047843679554,-0.014520672906114439,-0.09373047843679562,-0.014520672906114529,0.055419921875,0.0,-0.387939453125,-0.11048791430218936,-0.0015567891146569751,3.730578727908029e-05,6343.5372045757385,False,True,True,Omega_safe_one_step_QP,False,0.33251953125,0.0,9.484857684560676,False,False,False
318,-137.01777394059536,-2582.905436723061,8.893053045132028,4.391809582876668,41.268055225013235,25.002087142048083,0.2,0.0,0.0,25.326071910927762,50.135631261051664,206.6865484546402,213.45360601177214,0.0,0.0,0.0,0.0,-8.326672684688674e-17,5.898059818321144e-17,0.055419921875,0.0,nan,nan,0.0008609709811521734,-1.279687400508394e-05,6395.648698368574,False,True,True,Omega_safe_one_step_QP,False,0.33251953125,0.0,0.0,False,False,False,0.2,-0.1906355917453766,-0.052883584052324295,25.27540975767888,50.12443441572308,200.70265337792605,212.15849151150258,-0.9531779289245605,-0.2644179165363312,-0.10513248713376913,-0.01926913282617356,-0.10513248713376923,-0.0192691328261737,0.055419921875,0.0,-0.387939453125,-0.12299084635000802,0.0008635881199531396,-1.1898620221121732e-05,6258.630924427978,False,True,True,Omega_safe_one_step_QP,False,0.33251953125,0.0,10.688376551565199,False,False,False
319,-82.81464897345722,-2665.7200856965183,10.678922527095125,3.457068929364418,39.85600114396554,24.019961030490943,0.2,0.0,0.0,25.348746091221077,50.13735510977641,202.19379471945365,212.58740514782676,0.0,0.0,0.0,0.0,5.551115123125783e-17,-4.85722573273506e-17,0.055419921875,0.0,nan,nan,-0.0016164920090359445,-1.9721342975851492e-05,6479.261166949722,False,True,True,Omega_safe_one_step_QP,False,0.33251953125,0.0,0.0,False,False,False,0.2,-0.17690686881542206,-0.04428916797041893,25.293485423365354,50.1252862881666,198.60841826605835,211.9327440356104,-0.8845343589782715,-0.22144584357738495,-0.09143292267372785,-0.014520038074629482,-0.09143292267372775,-0.014520038074629517,0.055419921875,0.0,-0.387939453125,-0.11099635623036455,-0.0016166579442379826,-1.9979179072679563e-05,6396.446517976265,False,True,True,Omega_safe_one_step_QP,False,0.33251953125,0.0,9.257867386363102,False,False,False
320,-102.45586641729005,-2768.1759521138083,7.234569502294745,4.8653728926238236,35.66858435557826,23.059603115103645,0.2,0.0,0.0,25.330537448513127,50.13823872537378,205.77046948407016,213.39640329249391,0.0,0.0,0.0,0.0,-1.249000902703301e-16,1.1449174941446927e-16,0.055419921875,0.0,nan,nan,0.0027018605331955853,-0.00011284631580868378,6196.443833469829,False,True,True,Omega_safe_one_step_QP,False,0.33251953125,0.0,0.0,False,False,False,0.2,-0.1939927637577057,-0.0625426396727562,25.27259726365059,50.12564171327554,201.1272371590932,211.9081497438252,-0.969963788986206,-0.3127131760120392,-0.10845142583583303,-0.02388847592030768,-0.10845142583583293,-0.02388847592030773,0.055419921875,0.0,-0.387939453125,-0.1429376286983383,0.002703984352411976,-0.000111091656783983,6093.987967052539,False,True,True,Omega_safe_one_step_QP,False,0.33251953125,0.0,11.105120912272982,False,False,False
321,18.35315542546141,-2749.822796688347,11.477748708768258,3.8425733943625415,43.48049788758852,26.52030326321042,0.2,0.0,0.0,25.380059666029936,50.13781304983178,196.01025045614873,211.28156471816123,0.0,0.0,0.0,0.0,1.4051260155412137e-16,4.163336342344337e-17,0.26014284641297625,-0.05033574002966734,nan,nan,-0.0021642896817789734,8.188437371906096e-05,6409.941123845996,True,True,True,Z_mode_existing_controller,False,0.05060201485354432,0.0,0.0,False,False,False,0.2,-0.1366146355867386,-0.044584374874830246,25.31862842950351,50.12458446623559,196.6014422670529,210.87824257968327,-0.6830731630325317,-0.22292187809944153,-0.06413740955319057,-0.014352665306401668,-0.06413740955319067,-0.014352665306401648,0.055419921875,0.0,-0.387939453125,-0.14469094394150878,-0.002159051094447499,8.205455343911378e-05,6428.2942792714575,False,True,True,Omega_safe_one_step_QP,False,0.33251953125,0.0,6.572371189754355,False,False,False
322,-65.81356023384706,-2815.636356922194,10.086174394546429,4.010175002904058,41.99728871243806,26.316730567757304,0.2,0.0,0.0,25.348518581639965,50.13976792849312,202.2026481085526,212.71084009373848,0.0,0.0,0.0,0.0,1.1102230246251565e-16,-2.7755575615628914e-17,0.055419921875,0.0,nan,nan,-0.0005916130464258536,4.86650339145059e-05,6415.640907066942,False,True,True,Omega_safe_one_step_QP,False,0.33251953125,0.0,0.0,False,False,False,0.2,-0.18625621497631073,-0.03185908868908882,25.287895731940797,50.126682260523104,199.2645030719278,212.7961480506722,-0.9312810897827148,-0.1592954397201538,-0.0988727763602687,-0.009391614496140843,-0.09887277636026867,-0.009391614496140968,0.055419921875,0.0,-0.387939453125,-0.07583653329936131,-0.0005920273481829297,4.8633298185347094e-05,6349.827346833095,False,True,True,Omega_safe_one_step_QP,False,0.33251953125,0.0,9.931781475662788,False,False,False
323,-53.266117483184644,-2868.9024744053786,10.463499317196105,4.103894924717043,39.13302089688758,24.550616714312067,0.2,0.0,0.0,25.34568341920109,50.14201499924836,202.73259203297044,212.94750328149632,0.0,0.0,0.0,0.0,9.71445146547012e-17,1.3877787807814457e-17,0.055419921875,0.0,nan,nan,-0.0010203486133028654,-9.865924571084692e-06,6469.113676431429,False,True,True,Omega_safe_one_step_QP,False,0.33251953125,0.0,0.0,False,False,False,0.2,-0.1824297159910202,-0.03601709008216858,25.282922960897885,50.128490670469375,200.33398140585055,212.86441838420237,-0.9121485948562622,-0.1800854504108429,-0.09877465236194333,-0.011917732210308046,-0.09877465236194338,-0.011917732210307955,0.055419921875,0.0,-0.387939453125,-0.08753242015097466,-0.001020203867237405,-9.994558665260144e-06,6415.847558948244,False,True,True,Omega_safe_one_step_QP,False,0.33251953125,0.0,9.94910261795475,False,False,False
324,-65.38476887271918,-2934.287243278098,9.457447797113613,5.959139502249506,41.79848255551526,28.318332988114822,0.2,0.0,0.0,25.336848900423494,50.14316816672626,204.45810610427466,213.37662815439637,0.0,0.0,0.0,0.0,9.71445146547012e-17,-3.122502256758253e-17,0.055419921875,0.0,nan,nan,0.001102503249753511,9.803867913558734e-05,6401.949981267129,False,True,True,Omega_safe_one_step_QP,False,0.33251953125,0.0,0.0,False,False,False,0.2,-0.19261538982391357,-0.058855682611465454,25.272404789053066,50.129295286618174,201.52856987347218,212.27720444901962,-0.9630769491195679,-0.29427841305732727,-0.10845515305415264,-0.022778071362285636,-0.10845515305415271,-0.022778071362285747,0.055419921875,0.0,-0.387939453125,-0.13547317626941793,0.0011011376432010812,9.817607994318841e-05,6336.56521239441,False,True,True,Omega_safe_one_step_QP,False,0.33251953125,0.0,11.082130101647902,False,False,False
325,-3.1264531931619786,-2937.4136964712598,10.399685312492975,4.320877176346134,32.58427662826989,26.955851466008212,0.2,0.0,0.0,25.361280898172115,50.146744547328886,199.59702862173964,212.53828610268522,0.0,0.0,0.0,0.0,-1.1102230246251565e-16,-7.632783294297951e-17,0.26014284641297625,-0.05033574002966734,nan,nan,-0.0010015169874314509,3.561998571067083e-05,6387.106158486031,True,True,True,Z_mode_existing_controller,False,0.05060201485354432,0.0,0.0,False,False,False,0.2,-0.16883739829063416,-0.022535383701324463,25.29470733172125,50.132473585546094,199.26226714442436,213.22073236722989,-0.8441869616508484,-0.11267691850662231,-0.08774327051320346,-0.005813225811731354,-0.08774327051320335,-0.0058132258117312464,0.055419921875,0.0,-0.387939453125,-0.05917689880535574,-0.0010002895147338793,3.5625381795712137e-05,6383.979705292869,False,True,True,Omega_safe_one_step_QP,False,0.33251953125,0.0,8.793563051852967,False,False,False
326,-24.522335431300235,-2961.93603190256,10.737406621830923,5.61282207522342,42.093670052246964,24.49233059575683,0.2,0.0,0.0,25.350121590574446,50.148308904312,201.77600958991226,213.0879108710938,0.0,0.0,0.0,0.0,-1.249000902703301e-16,1.0408340855860843e-16,0.055419921875,0.0,nan,nan,-0.0003370489568713924,4.20621085781849e-06,6473.2238728839175,False,True,True,Omega_safe_one_step_QP,False,0.33251953125,0.0,0.0,False,False,False,0.2,-0.17991523444652557,-0.01924639753997326,25.283567278321197,50.134001619862275,200.55041324645916,213.85655794736905,-0.8995761275291443,-0.09623198956251144,-0.09758935324153353,-0.005095753955092944,-0.09758935324153364,-0.005095753955092996,0.055419921875,0.0,-0.387939453125,-0.047428283716909374,-0.0003360398200854273,4.07789822590458e-06,6448.701537452617,False,True,True,Omega_safe_one_step_QP,False,0.33251953125,0.0,9.772230336249581,False,False,False
327,-17.299212833937418,-2979.2352447364974,11.148438819199034,4.5137665763767005,36.06856885097795,24.988530824946597,0.2,0.0,0.0,25.350726869778487,50.14957946115966,201.63920569930434,213.12602850995506,0.0,0.0,0.0,0.0,-1.3877787807814457e-17,-5.551115123125783e-17,0.055419921875,0.0,nan,nan,-0.0015947929891635413,2.396947695003631e-07,6515.16531788025,False,True,True,Omega_safe_one_step_QP,False,0.33251953125,0.0,0.0,False,False,False,0.2,-0.17833514511585236,-0.020777443423867226,25.283467201777995,50.13508859414755,200.71797747912507,213.8469890294134,-0.8916757106781006,-0.10388721525669098,-0.09690994754679144,-0.005937857306100285,-0.09690994754679154,-0.005937857306100334,0.055419921875,0.0,-0.387939453125,-0.05165484528873598,-0.0015919641379961384,1.1743317259501479e-07,6497.866105046312,False,True,True,Omega_safe_one_step_QP,False,0.33251953125,0.0,9.709168905168722,False,False,False
328,-46.4929433102634,-3025.728188046761,9.11622766582162,4.108089468414406,37.84836235691771,27.608719912386015,0.2,0.0,0.0,25.332349117130473,50.15074637716833,205.24589140803303,213.95774187425494,0.0,0.0,0.0,0.0,-6.938893903907228e-17,-2.0816681711721685e-17,0.055419921875,0.0,nan,nan,0.00040393356305399317,5.7679932581769554e-05,6385.311002641908,False,True,True,Omega_safe_one_step_QP,False,0.33251953125,0.0,0.0,False,False,False,0.2,-0.1909121423959732,-0.059108227491378784,25.26466084446921,50.13612239376433,203.0977908251809,212.8656726506572,-0.9545606970787048,-0.2955411374568939,-0.11097254695018405,-0.02434125044230394,-0.11097254695018405,-0.024341250442303897,0.055419921875,0.0,-0.387939453125,-0.1372683081811577,0.0004014183899125985,5.7859357332142774e-05,6338.818059331645,False,True,True,Omega_safe_one_step_QP,False,0.33251953125,0.0,11.361075059036333,False,False,False
329,-9.318568131429856,-3035.0467561781907,11.79993366711156,5.885495429540642,42.57356227103099,24.063199331147906,0.2,0.0,0.0,25.346931815458838,50.15361924298081,202.33476177060072,213.49543744666025,0.0,0.0,0.0,0.0,-5.551115123125783e-17,-2.0816681711721685e-17,0.055419921875,0.0,nan,nan,-0.001194236802795257,1.0166780937685e-05,6599.041750223908,False,True,True,Omega_safe_one_step_QP,False,0.33251953125,0.0,0.0,False,False,False,0.2,-0.17820602655410767,-0.041984833776950836,25.27774306901116,50.13872433509068,201.76489834312082,213.28555734898632,-0.8910301327705383,-0.20992416143417358,-0.09909481528798203,-0.016164703662504734,-0.09909481528798204,-0.016164703662504665,0.055419921875,0.0,-0.387939453125,-0.10445420967385768,-0.0011895036057064231,1.010814867830436e-05,6589.723182092478,False,True,True,Omega_safe_one_step_QP,False,0.33251953125,0.0,10.040458187481228,False,False,False
330,-31.05533032461517,-3066.102086502806,11.007040751260027,5.525441034279614,37.45797119691132,25.335350876115374,0.2,0.0,0.0,25.335125780766234,50.15508272602178,204.64242699849547,214.06675549188418,0.0,0.0,0.0,0.0,1.1102230246251565e-16,-7.28583859910259e-17,0.055419921875,0.0,nan,nan,-0.0007847782042374441,1.4872066271024885e-05,6572.803299681657,False,True,True,Omega_safe_one_step_QP,False,0.33251953125,0.0,0.0,False,False,False,0.2,-0.1879294365644455,-0.05928439646959305,25.26582933274276,50.14013961679008,203.18871157481826,213.01034790741133,-0.9396471977233887,-0.29642197489738464,-0.10904795199780697,-0.02480811910524159,-0.109047951997807,-0.024808119105241486,0.055419921875,0.0,-0.387939453125,-0.13986256462274588,-0.0007831423179527636,1.4736956435705919e-05,6541.747969357042,False,True,True,Omega_safe_one_step_QP,False,0.33251953125,0.0,11.183424613442813,False,False,False
331,-33.406774230202245,-3099.508860733008,11.596921496174282,5.444175123526848,45.46264942189073,26.435068741894213,0.2,0.0,0.0,25.331365921064815,50.156995025746504,205.3586086912579,214.3239643692164,0.0,0.0,0.0,0.0,-1.1102230246251565e-16,-6.245004513516506e-17,0.055419921875,0.0,nan,nan,-0.0011904155508364474,9.170920477172837e-05,6651.637130525883,False,True,True,Omega_safe_one_step_QP,False,0.33251953125,0.0,0.0,False,False,False,0.2,-0.190541610121727,-0.06823205202817917,25.261200059204803,50.1418853490699,203.82831847535937,212.8587534553428,-0.9527080059051514,-0.34116023778915405,-0.1124260840765901,-0.029326767690130588,-0.11242608407659022,-0.029326767690130533,0.055419921875,0.0,-0.387939453125,-0.1587649013926933,-0.0011880499390430621,9.143219951973538e-05,6618.23035629568,False,True,True,Omega_safe_one_step_QP,False,0.33251953125,0.0,11.618813917068909,False,False,False
332,-34.93677777137236,-3134.4456385043804,9.329542505930302,3.37467694459167,39.57752932401291,22.927713302146756,0.2,0.0,0.0,25.322108202357953,50.160550551100066,207.1392920775441,214.90301712727967,0.0,0.0,0.0,0.0,5.551115123125783e-17,-6.245004513516506e-17,0.055419921875,0.0,nan,nan,-0.000166679261086614,-7.428961995627615e-05,6453.093416232617,False,True,True,Omega_safe_one_step_QP,False,0.33251953125,0.0,0.0,False,False,False,0.2,-0.1910032331943512,-0.03920649737119675,25.251025332615647,50.14527135646858,205.45919790090892,214.6503799427711,-0.9550161361694336,-0.19603247940540314,-0.11661325269609979,-0.017646959383947586,-0.11661325269609966,-0.017646959383947607,0.055419921875,0.0,-0.387939453125,-0.09100666978105904,-0.00016973113651842613,-7.414766965164543e-05,6418.156638461244,False,True,True,Omega_safe_one_step_QP,False,0.33251953125,0.0,11.794094233921943,False,False,False
333,-28.88270494754397,-3163.3283434519244,11.267492351529384,6.282531913502408,38.40601019005864,25.56305651387057,0.2,0.0,0.0,25.32966876909389,50.16105366239113,205.64037385763294,214.60609432461644,0.0,0.0,0.0,0.0,8.326672684688674e-17,1.1449174941446927e-16,0.055419921875,0.0,nan,nan,-0.0005445048264187259,2.9594146078318903e-05,6624.381855187326,False,True,True,Omega_safe_one_step_QP,False,0.33251953125,0.0,0.0,False,False,False,0.2,-0.19442600011825562,-0.07441400736570358,25.257470033787737,50.145555346080585,204.2900417272657,212.88998067142438,-0.9721300005912781,-0.3720700442790985,-0.116385538271086,-0.032781067006796845,-0.11638553827108597,-0.03278106700679685,0.055419921875,0.0,-0.387939453125,-0.1696899991607961,-0.0005421864751915147,2.9437767416409712e-05,6595.4991502397825,False,True,True,Omega_safe_one_step_QP,False,0.33251953125,0.0,12.091398543077862,False,False,False
334,-20.584719842215236,-3183.9130632941396,10.099084623693697,5.354483963227621,40.36362837441926,24.113830934350585,0.2,0.0,0.0,25.33032079757995,50.163400620679894,205.48169479014976,214.7014438552236,0.0,0.0,0.0,0.0,5.551115123125783e-17,8.326672684688674e-17,0.055419921875,0.0,nan,nan,0.00010518733109798851,-2.3806813217504535e-05,6495.003273891781,False,True,True,Omega_safe_one_step_QP,False,0.33251953125,0.0,0.0,False,False,False,0.2,-0.19280767440795898,-0.06839948147535324,25.257358215325734,50.14777213468257,204.44842006271082,213.2654796608087,-0.9640383720397949,-0.3419974148273468,-0.11556369949563153,-0.030376623164071654,-0.11556369949563162,-0.03037662316407167,0.055419921875,0.0,-0.387939453125,-0.15728394344444657,0.00010403934806780396,-2.374709621590261e-05,6474.4185540495655,False,True,True,Omega_safe_one_step_QP,False,0.33251953125,0.0,11.948936302436573,False,False,False
335,-1.3432355633103725,-3185.25629885745,10.307721683143646,5.999507774372393,40.824683259754245,21.423982727509184,0.2,0.0,0.0,25.340580051808324,50.16464910899012,203.4419954440085,214.33187935649664,0.0,0.0,0.0,0.0,-1.1102230246251565e-16,-4.85722573273506e-17,0.055419921875,0.0,nan,nan,0.00027637058447222643,-9.993181699876523e-05,6467.61614764913,False,True,True,Omega_safe_one_step_QP,False,0.33251953125,0.0,0.0,False,False,False,0.2,-0.18842238187789917,-0.0667748972773552,25.26706140312576,50.14893777364273,203.21147926158665,213.06469089201917,-0.9421119093894958,-0.3338744640350342,-0.10945325631238871,-0.02902152515769224,-0.10945325631238881,-0.029021525157692303,0.055419921875,0.0,-0.387939453125,-0.15712186857802335,0.00027615994430864495,-9.977460435483176e-05,6466.272912085819,False,True,True,Omega_safe_one_step_QP,False,0.33251953125,0.0,11.323543720878218,False,False,False
336,48.35106793791965,-3136.9052309195304,8.299995636032895,5.510260050768189,46.19608319119328,24.18730556927275,0.2,0.0,0.0,25.35171642682022,50.1640554104914,201.2510582010099,213.8240947393433,0.0,0.0,0.0,0.0,-2.7755575615628914e-17,-6.591949208711867e-17,0.055419921875,0.0,nan,nan,0.0021184723804715698,-3.0162229805226308e-05,6201.644355349094,False,True,True,Omega_safe_one_step_QP,False,0.33251953125,0.0,0.0,False,False,False,0.2,-0.1581706553697586,-0.06935365498065948,25.278308000472233,50.14838673814553,203.17260435452923,212.52347453965996,-0.7908532619476318,-0.34676826000213623,-0.08850541556108593,-0.02947410364990021,-0.08850541556108597,-0.029474103649900323,0.055419921875,0.0,-0.387939453125,-0.19440137650254558,0.0021069705449852164,-3.058996099682262e-05,6249.995423287014,False,True,True,Omega_safe_one_step_QP,False,0.33251953125,0.0,9.328414318417453,False,False,False
337,270.9408624553862,-2865.964368464144,9.6366954311766,5.548889474309648,43.247619718973894,25.72276569244446,0.2,0.0,0.0,25.388674081333516,50.164518632233495,193.95734112273385,212.28720529405356,0.0,0.0,0.0,0.0,-3.2959746043559335e-17,6.938893903907228e-17,0.26014284641297625,-0.05033574002966734,nan,nan,0.0007507455985025134,2.8607953142389606e-05,6168.088307569006,True,True,True,Z_mode_existing_controller,False,0.05060201485354432,0.0,0.0,False,False,False,0.2,0.030173873528838158,-0.059544969350099564,25.31694871423063,50.14922521747661,205.23227997169013,212.0592768366899,0.15086936950683594,-0.2977248430252075,0.007611281648702839,-0.01838326032451221,0.00761128164870277,-0.018383260324512308,0.055419921875,0.0,0.22392118052564824,-0.33251953125,0.0007441165829657303,2.805574788611277e-05,6439.029170024392,False,True,True,Omega_safe_one_step_QP,False,0.33251953125,0.0,1.9896629576254004,False,False,False
338,252.0693307094307,-2613.8950377547135,10.13569303159376,4.913409021129728,41.11800153418331,24.758307578802327,0.2,0.0,0.0,25.39908211081256,50.165023865480045,191.89705998752424,211.8705161057553,0.0,0.0,0.0,0.0,1.0408340855860843e-16,-1.1796119636642288e-16,0.26014284641297625,-0.05033574002966734,nan,nan,-0.0001608957184058747,-1.027861062020529e-06,6170.190161301804,True,True,True,Z_mode_existing_controller,False,0.05060201485354432,0.0,0.0,False,False,False,0.2,0.05386725813150406,-0.021369071677327156,25.336680300663534,50.151564298775426,202.27497700009795,213.0400894252595,0.2693362832069397,-0.10684535652399063,0.016473197146750912,-0.0016264764202708892,0.016473197146750995,-0.0016264764202709031,0.26014284641297625,-0.05033574002966734,0.31074486126652057,-0.07040949391895537,-0.0001600280836424185,-8.940362756898988e-07,6422.259492011235,True,True,True,Z_mode_existing_controller,False,0.05060201485354432,0.0,1.6553297248023418,False,False,False
339,204.6902308732142,-2409.2048068814993,8.353521213073787,4.793603503087331,43.58531727894527,23.74816265837372,0.2,0.0,0.0,25.394110074672405,50.164615394616305,192.8795193809931,212.0511771115285,0.0,0.0,0.0,0.0,1.1102230246251565e-16,2.0816681711721685e-17,0.26014284641297625,-0.05033574002966734,nan,nan,0.0016937878892050048,-4.869708318301202e-05,6011.395559067434,True,True,True,Z_mode_existing_controller,False,0.05060201485354432,0.0,0.0,False,False,False,0.2,-0.028768746182322502,-0.0592150054872036,25.34038037960712,50.15281547917981,201.56352699637222,212.8046943222063,-0.14384372532367706,-0.2960750162601471,0.013676548146870457,-0.0035956782811682325,0.013676548146870401,-0.003595678281168267,0.26014284641297625,-0.05033574002966734,0.23555859602478166,-0.10093775488321166,0.0016757832693254347,-5.0700449615993185e-05,6216.085789940648,True,True,True,Z_mode_existing_controller,False,0.05060201485354432,0.0,1.4141317884671396,False,False,False
340,192.86514710965093,-2216.3396597718483,11.641372235136183,5.015239396434939,38.872876118006204,23.57499525397917,0.2,0.0,0.0,25.41777210730609,50.16340727778307,188.22653638049013,210.98221781880267,0.0,0.0,0.0,0.0,1.3877787807814457e-17,2.0816681711721685e-17,0.055419921875,0.0,nan,nan,-0.0017377350682715096,-2.6197588496982204e-05,6233.262307677834,False,True,True,Omega_safe_one_step_QP,False,0.33251953125,0.0,0.0,False,False,False,0.2,0.050637613981962204,0.014607860706746578,25.37102492904653,50.15296125688899,195.97012630190304,211.94466404712014,0.2531880736351013,0.07303930073976517,0.015517337763102733,0.00022671414557708797,0.015517337763102764,0.00022671414557721287,0.26014284641297625,-0.05033574002966734,0.31074486126652057,-0.03573814890452852,-0.0017221859618407112,-2.4557823205318503e-05,6426.127454787485,True,True,True,Z_mode_existing_controller,False,0.05060201485354432,0.0,1.5518993864230322,False,False,False
341,15.913040328444367,-2200.426619443404,10.597783899170311,5.2789790232820115,41.67667720345489,25.033178784444672,0.2,0.0,0.0,25.38611659387296,50.16193000293102,194.48188947090685,212.22764024808183,0.0,0.0,0.0,0.0,1.3964523981613297e-16,2.0816681711721685e-17,0.26014284641297625,-0.05033574002966734,nan,nan,-0.0004107608059285297,1.6091359735799938e-05,6280.132270202972,True,True,True,Z_mode_existing_controller,False,0.05060201485354432,0.0,0.0,False,False,False,0.2,-0.14006082713603973,0.001849292078986764,25.346065643195445,50.1527510281655,195.01163468635636,212.9722724941023,-0.7003041505813599,0.009246460162103176,-0.04616448105204477,-0.00033424581418544513,-0.046164481052044896,-0.00033424581418557697,0.26014284641297625,-0.05033574002966734,-0.32560894130464346,-0.042601770700567185,-0.0004092509168477005,1.6116197089843624e-05,6296.045310531416,True,True,True,Z_mode_existing_controller,False,0.05060201485354432,0.0,4.6165691060233325,False,False,False
342,-38.52446616574889,-2238.951085609153,9.579752283049983,3.6666453224996474,39.47827264770445,25.609171705121156,0.2,0.0,0.0,25.379543715667857,50.16227360712437,195.7710887152201,212.51706435440062,0.0,0.0,0.0,0.0,-3.469446951953614e-18,-9.020562075079397e-17,0.26014284641297625,-0.05033574002966734,nan,nan,-0.0002858519128955424,1.0695888954418776e-05,6207.29356866737,True,True,True,Z_mode_existing_controller,False,0.05060201485354432,0.0,0.0,False,False,False,0.2,-0.1860618144273758,-0.01392121147364378,25.340109886328886,50.15318091780948,194.03453922423304,212.16340065161393,-0.9303090572357178,-0.06960605829954147,-0.061451605022055114,-0.010037394973535577,-0.06145160502205511,-0.010037394973535632,0.26014284641297625,-0.05033574002966734,-0.32560894130464346,-0.09416189819639167,-0.00028599779489085026,1.0793060458199472e-05,6168.769102501621,True,True,True,Z_mode_existing_controller,False,0.05060201485354432,0.0,6.226595424179584,False,False,False
343,-53.46790779739331,-2292.418993406546,9.839231471043307,4.444452301741425,38.108594678143376,25.159119121841687,0.2,0.0,0.0,25.375909749004837,50.16270874579087,196.47984182495904,212.68777894339132,0.0,0.0,0.0,0.0,-1.0755285551056204e-16,-1.0408340855860843e-16,0.26014284641297625,-0.05033574002966734,nan,nan,-0.00018437679220479307,-4.416888526147982e-06,6251.189896178442,True,True,True,Z_mode_existing_controller,False,0.05060201485354432,0.0,0.0,False,False,False,0.2,-0.18704266846179962,-0.012699722312390804,25.335230559194255,50.15337314383788,194.11732756617326,212.29895229964686,-0.9352133274078369,-0.0634986087679863,-0.061944062426354855,-0.009331832151348661,-0.06194406242635477,-0.009331832151348654,0.26014284641297625,-0.05033574002966734,-0.32560894130464346,-0.09010679927072776,-0.00018419282929948424,-4.355809047004895e-06,6197.7219883810485,True,True,True,Z_mode_existing_controller,False,0.05060201485354432,0.0,6.264303601503578,False,False,False
344,-62.81387039636775,-2355.232863802914,8.281133167092069,3.205614435920771,40.998146539376634,28.7091073662134,0.2,0.0,0.0,25.374382847934022,50.16295072288325,196.77548659220918,212.75915569165943,0.0,0.0,0.0,0.0,-9.020562075079397e-17,3.469446951953614e-17,0.26014284641297625,-0.05033574002966734,nan,nan,0.0009765359963135601,9.050517081625356e-05,6096.136392025804,True,True,True,Z_mode_existing_controller,False,0.05060201485354432,0.0,0.0,False,False,False,0.2,-0.18654929101467133,-0.011843771673738956,25.33196135418509,50.15327325835649,193.94428596394266,212.33250967239675,-0.932746410369873,-0.05921885743737221,-0.06194686285046394,-0.008825464356174421,-0.06194686285046398,-0.008825464356174532,0.26014284641297625,-0.05033574002966734,-0.32560894130464346,-0.08752435861662457,0.000976856919456376,9.108723746481745e-05,6033.322521629436,True,True,True,Z_mode_existing_controller,False,0.05060201485354432,0.0,6.257237919494757,False,False,False
345,29.540477625615495,-2325.6923861772984,12.20089153324035,5.023846872576637,38.102015169962826,25.02064545622019,0.2,0.0,0.0,25.390513482162245,50.165136590738115,193.56729658731598,212.1939361217622,0.0,0.0,0.0,0.0,-5.204170427930421e-18,-4.163336342344337e-17,0.26014284641297625,-0.05033574002966734,nan,nan,-0.0023270872396953545,2.225394831214091e-05,6423.113456873788,True,True,True,Z_mode_existing_controller,False,0.05060201485354432,0.0,0.0,False,False,False,0.2,-0.17866301536560059,-0.025189856067299843,25.34597921553648,50.15505489387093,194.6568244986748,211.49162089461308,-0.8933150768280029,-0.12594927847385406,-0.018954587580639573,-0.010848850197893549,-0.01895458758063948,-0.010848850197893549,0.26014284641297625,-0.05033574002966734,-0.09875990131035484,-0.10093775488321166,-0.0023194906046261087,2.2658740095688997e-05,6452.6539344994035,True,True,True,Z_mode_existing_controller,False,0.05060201485354432,0.0,2.1839733079148806,False,False,False
346,-118.16449094263135,-2443.85687711993,9.150180511970833,4.4179287816682615,37.58814198755722,26.802902102078097,0.2,0.0,0.0,25.354429939109956,50.165453944756784,200.6744696843418,213.72449020855547,0.0,0.0,0.0,0.0,0.0,4.85722573273506e-17,0.055419921875,0.0,nan,nan,0.0005236812580657777,3.350980608376065e-05,6279.384168083017,False,True,True,Omega_safe_one_step_QP,False,0.33251953125,0.0,0.0,False,False,False,0.2,-0.1647137999534607,-0.002491126535460353,25.311075461085736,50.155599093338296,195.49229101331946,214.2989384357764,-0.8235689997673035,-0.012455632910132408,-0.07774350307638783,0.002577685755146844,-0.07774350307638793,0.0025776857551468996,0.055419921875,0.0,-0.387939453125,-0.006705353796219138,0.0005258525585101047,3.408693539370066e-05,6161.219677140386,False,True,True,Omega_safe_one_step_QP,False,0.33251953125,0.0,7.778622458019566,False,False,False
347,-119.7939362731895,-2563.6508133931193,12.644332925796459,4.828843416383837,39.75580421378404,24.520221759160133,0.2,0.0,0.0,25.366985133556383,50.167099189767086,198.17749580570475,213.2800955696187,0.0,0.0,0.0,0.0,-8.326672684688674e-17,-1.0408340855860843e-17,0.26014284641297625,-0.05033574002966734,nan,nan,-0.002857815718993857,2.2506544536356806e-05,6584.366610684292,True,True,True,Z_mode_existing_controller,False,0.05060201485354432,0.0,0.0,False,False,False,0.2,-0.18638485670089722,0.007658610586076975,25.31964562565573,50.156436807863194,193.18348353819127,214.55375649049287,-0.9319242835044861,0.03829305246472359,-0.08502616706410396,0.008120222428544592,-0.08502616706410393,0.008120222428544505,0.055419921875,0.0,-0.387939453125,0.018217771888305593,-0.0028618125924837435,2.0770869855485635e-05,6464.5726744111025,False,True,True,Omega_safe_one_step_QP,False,0.33251953125,0.0,8.541303821959486,False,False,False
348,-140.87461609305228,-2704.5254294861716,9.63185283054374,3.453612562786156,38.63432315810285,20.8413277333487,0.2,0.0,0.0,25.326747871598503,50.16813267713505,206.0950988605785,215.02492474896943,0.0,0.0,0.0,0.0,-1.249000902703301e-16,1.196959198423997e-16,0.055419921875,0.0,nan,nan,-0.0004838465054760985,-0.00013591379727951724,6460.565454426485,False,True,True,Omega_safe_one_step_QP,False,0.33251953125,0.0,0.0,False,False,False,0.2,-0.19254855811595917,-0.04890270531177521,25.275499345315943,50.15662874796257,200.0216400990344,213.5831537447472,-0.962742805480957,-0.24451352655887604,-0.10481505526725116,-0.02042869336228528,-0.10481505526725124,-0.020428693362285297,0.055419921875,0.0,-0.387939453125,-0.11260262385231952,-0.0004826796655060979,-0.0001354392914036562,6319.690838333433,False,True,True,Omega_safe_one_step_QP,False,0.33251953125,0.0,10.678729944692499,False,False,False
349,-115.22599127661397,-2819.7514207627855,8.704201901761436,5.005454730698067,39.022607117739994,26.456682535267543,0.2,0.0,0.0,25.328665513446545,50.167224528456885,205.72523094585932,214.8880395771367,0.0,0.0,0.0,0.0,1.3877787807814457e-16,3.469446951953614e-17,0.055419921875,0.0,nan,nan,0.0013082673158254128,2.0753596990547366e-05,6351.119169024937,False,True,True,Omega_safe_one_step_QP,False,0.33251953125,0.0,0.0,False,False,False,0.2,-0.19059506058692932,-0.0797940343618393,25.272727153946143,50.154830524837756,200.67976353469075,212.2384814457293,-0.9529752731323242,-0.3989701569080353,-0.10505097144915604,-0.03419904595599439,-0.10505097144915612,-0.03419904595599445,0.055419921875,0.0,-0.387939453125,-0.1856156874918495,0.0013098063649815,2.1560995439560754e-05,6235.893177748323,False,True,True,Omega_safe_one_step_QP,False,0.33251953125,0.0,11.047751511828817,False,False,False
350,-45.714450708562254,-2865.465871471348,9.477097969822454,5.382592662293933,41.34001108694435,26.86037473825524,0.2,0.0,0.0,25.357161694057822,50.169394785052525,200.07951456758187,213.8013138601041,0.0,0.0,0.0,0.0,-2.7755575615628914e-17,9.020562075079397e-17,0.26014284641297625,-0.05033574002966734,nan,nan,0.0007725765815420201,5.318425983976251e-05,6298.315601164415,True,True,True,Z_mode_existing_controller,False,0.05060201485354432,0.0,0.0,False,False,False,0.2,-0.16732285916805267,-0.04618304595351219,25.297390274602996,50.15631828565326,197.99243658800094,212.9294272436062,-0.8366142511367798,-0.23091523349285126,-0.08424634601562724,-0.01786408077796126,-0.08424634601562712,-0.01786408077796137,0.055419921875,0.0,-0.387939453125,-0.12237231954649096,0.0007714201817699152,5.329757988196222e-05,6252.601150455853,False,True,True,Omega_safe_one_step_QP,False,0.33251953125,0.0,8.611952275196535,False,False,False
351,-33.73706723874511,-2899.202938710093,10.844769827323216,6.1827484850866945,40.11766849879875,23.19246552807997,0.2,0.0,0.0,25.372946733569968,50.17133176947655,196.9423875323599,213.23697445184843,0.0,0.0,0.0,0.0,5.898059818321144e-17,4.163336342344337e-17,0.26014284641297625,-0.05033574002966734,nan,nan,-0.00015946691877471628,-4.195733905953828e-05,6365.31925171522,True,True,True,Z_mode_existing_controller,False,0.05060201485354432,0.0,0.0,False,False,False,0.2,-0.17469507455825806,-0.026110893115401268,25.311712788150142,50.15798229306903,195.36519056852737,213.41996224670876,-0.8734753727912903,-0.1305544674396515,-0.08318275078369654,-0.007980093327141662,-0.0831827507836965,-0.007980093327141558,0.055419921875,0.0,-0.387939453125,-0.06626694703104251,-0.00015780326065800276,-4.21218776140435e-05,6331.582184476475,False,True,True,Omega_safe_one_step_QP,False,0.33251953125,0.0,8.356465710725109,False,False,False
352,-45.60869934101356,-2944.8116380511065,12.579820488217447,4.68817711769015,40.61535686754172,25.99356205979978,0.2,0.0,0.0,25.372150803848836,50.17087409936595,197.1021688565486,213.23912156274426,0.0,0.0,0.0,0.0,6.938893903907228e-17,-1.1796119636642288e-16,0.26014284641297625,-0.05033574002966734,nan,nan,-0.0028642466906129023,6.96550020384914e-05,6550.117844925755,True,True,True,Z_mode_existing_controller,False,0.05060201485354432,0.0,0.0,False,False,False,0.2,-0.18888843059539795,-0.016629736870527267,25.309915421837758,50.15729815616549,195.07028799106087,213.91120471954787,-0.9444421529769897,-0.08314868062734604,-0.09082814415627322,-0.0035813700199880533,-0.0908281441562733,-0.0035813700199880012,0.055419921875,0.0,-0.387939453125,-0.03903335806269894,-0.002859901427759254,6.90414784440816e-05,6504.509145584741,False,True,True,Omega_safe_one_step_QP,False,0.33251953125,0.0,9.089872376492877,False,False,False
353,-79.46563337271164,-3024.277271423818,8.943232069959109,3.495965323195926,40.363291615129654,23.696359876028026,0.2,0.0,0.0,25.330916728098064,50.17267481518169,205.20725847929683,215.0681184638135,0.0,0.0,0.0,0.0,-8.326672684688674e-17,-1.3357370765021415e-16,0.055419921875,0.0,nan,nan,0.00034492822321573365,-5.4159387788813886e-05,6364.664291088733,False,True,True,Omega_safe_one_step_QP,False,0.33251953125,0.0,0.0,False,False,False,0.2,-0.1942356526851654,-0.04275217652320862,25.26735608501992,50.15877749006297,201.64421056176053,214.28364703611368,-0.9711782336235046,-0.2137608826160431,-0.1098661489309623,-0.018719429806185225,-0.1098661489309623,-0.018719429806185198,0.055419921875,0.0,-0.387939453125,-0.09758547414538117,0.0003439254479019266,-5.365484984335149e-05,6285.198657716021,False,True,True,Omega_safe_one_step_QP,False,0.33251953125,0.0,11.144948511854635,False,False,False
354,-51.718883645745336,-3075.9961550695634,10.128210132759298,4.650488654063883,40.05220814083745,24.609233137297352,0.2,0.0,0.0,25.34451842971349,50.17325316612384,202.5165373296399,214.52101347091244,0.0,0.0,0.0,0.0,-9.71445146547012e-17,6.938893903907228e-17,0.055419921875,0.0,nan,nan,-0.00032751101328883396,-9.613041042163921e-06,6426.190100473067,False,True,True,Omega_safe_one_step_QP,False,0.33251953125,0.0,0.0,False,False,False,0.2,-0.190433070063591,-0.05977604538202286,25.278317847382493,50.1588547489039,200.19245211191932,213.16835498132613,-0.9521653652191162,-0.2988802194595337,-0.1037943897258306,-0.02542475619200915,-0.10379438972583055,-0.025424756192009224,0.055419921875,0.0,-0.387939453125,-0.1391684233820073,-0.0003278809919833878,-9.598021943028542e-06,6374.471216827322,False,True,True,Omega_safe_one_step_QP,False,0.33251953125,0.0,10.686296629787465,False,False,False
355,-41.09047623289371,-3117.086631302457,9.423451328009273,4.00164655945143,40.981101410443756,27.252168541521755,0.2,0.0,0.0,25.345806463681765,50.174303390565555,202.24775196716533,214.51833058942543,0.0,0.0,0.0,0.0,-5.551115123125783e-17,1.734723475976807e-17,0.055419921875,0.0,nan,nan,9.422567314734502e-05,6.284349963874263e-05,6344.831985966897,False,True,True,Omega_safe_one_step_QP,False,0.33251953125,0.0,0.0,False,False,False,0.2,-0.1901460736989975,-0.05186609551310539,25.277989283336762,50.15960937632068,200.33504193712903,213.57355340317636,-0.9507303833961487,-0.25933048129081726,-0.10393602431291013,-0.022047779727066924,-0.10393602431291005,-0.022047779727067042,0.055419921875,0.0,-0.387939453125,-0.12093502244375792,9.230811962757535e-05,6.293661424102109e-05,6303.741509734004,False,True,True,Omega_safe_one_step_QP,False,0.33251953125,0.0,10.624877289111208,False,False,False
356,-6.884186868812321,-3123.9708181712695,10.159149514120989,4.428265793306465,39.56560214547751,25.55890111861489,0.2,0.0,0.0,25.353195172240657,50.176758504600535,200.75976543586057,214.33602363000168,0.0,0.0,0.0,0.0,1.457167719820518e-16,-1.3877787807814457e-16,0.055419921875,0.0,nan,nan,-0.0004978830452735572,1.7576451310931385e-05,6386.924087688247,False,True,True,Omega_safe_one_step_QP,False,0.33251953125,0.0,0.0,False,False,False,0.2,-0.17457808554172516,-0.013451342470943928,25.284077766771677,50.16182531519374,200.2553176012882,215.16766446239188,-0.8728904128074646,-0.06725671142339706,-0.093457962227838,-0.0048795977916692365,-0.093457962227838,-0.0048795977916693215,0.055419921875,0.0,-0.387939453125,-0.03416109629294382,-0.0004980988988692618,1.756928693406228e-05,6380.0399008194345,False,True,True,Omega_safe_one_step_QP,False,0.33251953125,0.0,9.358526154469232,False,False,False
357,-10.706162049240447,-3134.67698022051,12.347804191430498,5.487463141380119,38.91877221749706,24.712166380564522,0.2,0.0,0.0,25.35046434595956,50.17807116968631,201.28016239324555,214.51699172711474,0.0,0.0,0.0,0.0,-4.163336342344337e-17,-3.122502256758253e-17,0.055419921875,0.0,nan,nan,-0.002116854341336882,2.099297468561266e-05,6630.448016169277,False,True,True,Omega_safe_one_step_QP,False,0.33251953125,0.0,0.0,False,False,False,0.2,-0.17746123671531677,-0.01377921737730503,25.281217901700163,50.16307157804512,200.6322713411564,215.31975208841064,-0.8873061537742615,-0.06889608502388,-0.09614768574020069,-0.005362684791114474,-0.0961476857402006,-0.005362684791114529,0.055419921875,0.0,-0.387939453125,-0.03442523740658578,-0.0021099596192759376,2.0859006824723754e-05,6619.741854120037,False,True,True,Omega_safe_one_step_QP,False,0.33251953125,0.0,9.6297122809382,False,False,False
358,-54.4912495902754,-3189.1682298107853,8.349547986531462,3.908512798372948,41.52463605012337,26.21780406963833,0.2,0.0,0.0,25.323875502667118,50.179529778615944,206.50215531975786,215.71054288710593,0.0,0.0,0.0,0.0,-1.3877787807814457e-17,8.673617379884035e-18,0.055419921875,0.0,nan,nan,0.001216357081345527,1.605106202404779e-05,6330.604354086213,False,True,True,Omega_safe_one_step_QP,False,0.33251953125,0.0,0.0,False,False,False,0.2,-0.1949007213115692,-0.06532584875822067,25.254491168077468,50.16443928818579,203.99274560882134,214.01722160739,-0.9745035767555237,-0.32662925124168396,-0.11601880218173613,-0.03050453411208767,-0.1160188021817361,-0.030504534112087783,0.055419921875,0.0,-0.387939453125,-0.1486029773614287,0.0012124681320981098,1.6513261235877232e-05,6276.1131044959375,False,True,True,Omega_safe_one_step_QP,False,0.33251953125,0.0,11.996203174788416,False,False,False
359,10.407845036680555,-3178.7603847741048,11.661728218672831,4.711743294077224,36.53107157374488,22.92611634427077,0.2,0.0,0.0,25.351599485007394,50.181696731839864,201.0087146087729,214.65616928900107,0.0,0.0,0.0,0.0,3.469446951953614e-17,-9.020562075079397e-17,0.055419921875,0.0,nan,nan,-0.0020008037052483474,-5.32371981805395e-05,6552.074746487528,False,True,True,Omega_safe_one_step_QP,False,0.33251953125,0.0,0.0,False,False,False,0.2,-0.17088590562343597,-0.04239370673894882,25.280408712049304,50.16630147375073,201.2449297605474,214.24196427942007,-0.8544295430183411,-0.2119685262441635,-0.09311367942390839,-0.0184759254696976,-0.09311367942390839,-0.018475925469697535,0.055419921875,0.0,-0.387939453125,-0.10998945322694845,-0.0019946865232401325,-5.309160020534453e-05,6562.482591524208,False,True,True,Omega_safe_one_step_QP,False,0.33251953125,0.0,9.492901093880725,False,False,False
360,-44.373248184799195,-3223.133632958904,9.538203285499705,3.7606258710334437,40.570806099469365,26.885922686306394,0.2,0.0,0.0,25.326516227310822,50.18161968371213,205.95196989308928,215.70189483587768,0.0,0.0,0.0,0.0,4.163336342344337e-17,-4.423544863740858e-17,0.055419921875,0.0,nan,nan,-0.0001701779258909187,5.191348184349978e-05,6445.551673125227,False,True,True,Omega_safe_one_step_QP,False,0.33251953125,0.0,0.0,False,False,False,0.2,-0.19436298310756683,-0.0815909281373024,25.25589965947778,50.166315924796024,203.93143947347085,213.34894679544237,-0.9718148708343506,-0.4079546332359314,-0.1154735733327546,-0.03783803892780134,-0.11547357333275465,-0.03783803892780147,0.055419921875,0.0,-0.387939453125,-0.18611621578479465,-0.00017235607765373438,5.19505599361628e-05,6401.178424940428,False,True,True,Omega_safe_one_step_QP,False,0.33251953125,0.0,12.151486875332132,False,False,False
361,-26.491936057630483,-3249.6255690165344,8.499303302453464,6.256695567820423,43.98358488333064,27.543155438148123,0.2,0.0,0.0,25.3329810310745,50.18441347075145,204.6421391607276,215.57712204476618,0.0,0.0,0.0,0.0,-1.1102230246251565e-16,5.377642775528102e-17,0.055419921875,0.0,nan,nan,0.0022190752892343926,6.657515744482685e-05,6301.425364402062,False,True,True,Omega_safe_one_step_QP,False,0.33251953125,0.0,0.0,False,False,False,0.2,-0.19150754809379578,-0.06678284704685211,25.260984417428286,50.1688938796784,203.33821609675587,213.9575943627417,-0.9575377106666565,-0.33391422033309937,-0.11197011628144835,-0.031129082238755525,-0.11197011628144847,-0.0311290822387555,0.055419921875,0.0,-0.387939453125,-0.15460905652090157,0.0022133654475330646,6.669797150723198e-05,6274.933428344431,False,True,True,Omega_safe_one_step_QP,False,0.33251953125,0.0,11.621672298386455,False,False,False
362,85.5120786840198,-3164.1134903325146,11.816599714752318,5.262354351877228,42.6643534448835,22.152449958219236,0.2,0.0,0.0,25.374193071105772,50.18729017916418,196.48134677237766,213.99385731719508,0.0,0.0,0.0,0.0,1.734723475976807e-17,-9.020562075079397e-17,0.26014284641297625,-0.05033574002966734,nan,nan,-0.0016271554670430268,-4.8154503558629595e-05,6453.832652703585,True,True,True,Z_mode_existing_controller,False,0.05060201485354432,0.0,0.0,False,False,False,0.2,-0.1350625604391098,-0.06769877672195435,25.301349152974822,50.17165060521289,199.8032586545644,212.63132618059763,-0.6753127574920654,-0.33849388360977173,-0.068294695004138,-0.02900951417645025,-0.06829469500413789,-0.029009514176450313,0.055419921875,0.0,-0.387939453125,-0.222229515256686,-0.0016157671515721252,-4.7136440681309726e-05,6539.344731387605,False,True,True,Omega_safe_one_step_QP,False,0.33251953125,0.0,7.42005207425249,False,False,False
363,2.0723457611193226,-3162.0411445713953,10.833520715829529,5.622610557753396,45.75068653408235,21.862053105637937,0.2,0.0,0.0,25.350953637669004,50.186598132112735,201.0683534265662,214.92813909164286,0.0,0.0,0.0,0.0,-1.249000902703301e-16,8.673617379884035e-18,0.055419921875,0.0,nan,nan,-0.0003255088305102612,-5.875826927555878e-05,6463.356719120225,False,True,True,Omega_safe_one_step_QP,False,0.33251953125,0.0,0.0,False,False,False,0.2,-0.17831028997898102,-0.015887584537267685,25.281268115335426,50.17158773813222,200.94018605230582,215.66031298198462,-0.8915514349937439,-0.07943791896104813,-0.0973757122979439,-0.007234982870000479,-0.09737571229794403,-0.0072349828700006055,0.055419921875,0.0,-0.387939453125,-0.03950366269682468,-0.0003237547030038026,-5.880942610968004e-05,6465.429064881344,False,True,True,Omega_safe_one_step_QP,False,0.33251953125,0.0,9.76441207787811,False,False,False
364,-4.504323903254772,-3166.54546847465,9.526631460607698,4.738038022943017,41.048388360034686,27.60839063805511,0.2,0.0,0.0,25.351034761293704,50.18640808971432,201.0520957257529,214.9080990320409,0.0,0.0,0.0,0.0,-1.3183898417423734e-16,2.0816681711721685e-17,0.055419921875,0.0,nan,nan,0.00037422626332272763,7.544830075212772e-05,6326.214197994614,False,True,True,Omega_safe_one_step_QP,False,0.33251953125,0.0,0.0,False,False,False,0.2,-0.1836474984884262,-0.03889431059360504,25.281556632124715,50.171393563119715,200.67257630988854,214.62855885873327,-0.9182375073432922,-0.1944715529680252,-0.10034404377442968,-0.01741584991594998,-0.10034404377442954,-0.017415849915949896,0.055419921875,0.0,-0.387939453125,-0.09389813298722044,0.0003716482508507625,7.544029926239001e-05,6321.709874091359,False,True,True,Omega_safe_one_step_QP,False,0.33251953125,0.0,10.184418957063553,False,False,False
365,30.08838043021933,-3136.4570880444307,8.307044090632399,4.487897676606215,44.857444442269724,22.225428917763903,0.2,0.0,0.0,25.36159907177492,50.18890030420135,198.93764966529233,214.59414119699252,0.0,0.0,0.0,0.0,7.632783294297951e-17,0.0,0.26014284641297625,-0.05033574002966734,nan,nan,0.0016165333702828153,-9.278838626379472e-05,6147.529742283703,True,True,True,Z_mode_existing_controller,False,0.05060201485354432,0.0,0.0,False,False,False,0.2,-0.16486163437366486,-0.007910267449915409,25.292059072817075,50.173871160422394,200.0141583688793,215.75587789420422,-0.8243081569671631,-0.03955133631825447,-0.08675350826435518,-0.0031713691502430665,-0.0867535082643551,-0.003171369150243162,0.055419921875,0.0,-0.387939453125,-0.02127293743023553,0.001607361907768728,-9.319136688745126e-05,6177.618122713922,False,True,True,Omega_safe_one_step_QP,False,0.33251953125,0.0,8.681145534122,False,False,False
366,73.15377777073354,-3063.303310273697,10.066417760123178,5.772515624110396,42.72532895537637,27.941559118817388,0.2,0.0,0.0,25.38904185062459,50.18769332156606,193.53934763637676,213.3661110841616,0.0,0.0,0.0,0.0,1.3877787807814457e-16,5.898059818321144e-17,0.26014284641297625,-0.05033574002966734,nan,nan,0.00043231330761393176,9.983147293929047e-05,6200.770374337161,True,True,True,Z_mode_existing_controller,False,0.05060201485354432,0.0,0.0,False,False,False,0.2,-0.1437528133392334,-0.018788008019328117,25.32052047821842,50.17283297257346,196.400029697211,214.20164100226972,-0.718764066696167,-0.09394004195928574,-0.06771309781068814,-0.0062446344071037385,-0.0677130978106882,-0.006244634407103624,0.055419921875,0.0,-0.387939453125,-0.05794557546005884,0.000432343269782115,9.989976118618881e-05,6273.924152107895,False,True,True,Omega_safe_one_step_QP,False,0.33251953125,0.0,6.800043436624662,False,False,False
367,40.95726575181925,-3022.346044521878,10.895834308509821,6.256500703769268,38.99269922505992,23.783379932392737,0.2,0.0,0.0,25.394260194335736,50.18950387006335,192.48681467322083,213.2397721682133,0.0,0.0,0.0,0.0,-3.122502256758253e-17,-8.673617379884035e-17,0.26014284641297625,-0.05033574002966734,nan,nan,-0.0002003209390291913,-2.8634164040440557e-05,6260.71611184853,True,True,True,Z_mode_existing_controller,False,0.05060201485354432,0.0,0.0,False,False,False,0.2,-0.1686869114637375,-0.027516096830368042,25.32833625643254,50.175115238028454,193.9878359527673,213.6884583659067,-0.8434345722198486,-0.1375804841518402,-0.07694651795077274,-0.009423132100297656,-0.07694651795077281,-0.009423132100297674,0.055419921875,0.0,-0.387939453125,-0.07232048644019413,-0.0001956663579250808,-2.8453175731114888e-05,6301.673377600349,False,True,True,Omega_safe_one_step_QP,False,0.33251953125,0.0,7.752136507652749,False,False,False
368,5.263973821860418,-3017.0820707000175,11.160396511240862,4.1592271634676345,41.88788943979016,25.057649332962384,0.2,0.0,0.0,25.38911318136312,50.188577246002005,193.50988912247954,213.39937464159067,0.0,0.0,0.0,0.0,3.2959746043559335e-17,7.28583859910259e-17,0.26014284641297625,-0.05033574002966734,nan,nan,-0.0016711157536741532,2.576794118184676e-05,6313.153486283716,True,True,True,Z_mode_existing_controller,False,0.05060201485354432,0.0,0.0,False,False,False,0.2,-0.19309401512145996,-0.009017928503453732,25.324744652609088,50.174455296223385,193.514365273763,214.6479504793523,-0.9654700756072998,-0.045089639723300934,-0.08961100992656712,-0.001057440512298613,-0.0896110099265671,-0.0010574405122985714,0.055419921875,0.0,-0.387939453125,-0.020705888489454195,-0.0016669319256842905,2.577839595334407e-05,6318.4174601055765,False,True,True,Omega_safe_one_step_QP,False,0.33251953125,0.0,8.961724878892642,False,False,False
369,-10.710643860944401,-3027.792714560962,10.469842817716197,4.403285773072033,39.47723880411829,28.35116131459292,0.2,0.0,0.0,25.362753188782794,50.18890002716914,198.7001401208425,214.52086188644932,0.0,0.0,0.0,0.0,-6.245004513516506e-17,-2.42861286636753e-17,0.26014284641297625,-0.05033574002966734,nan,nan,-0.0008460570148011968,0.00010575742233302418,6368.833385561539,True,True,True,Z_mode_existing_controller,False,0.05060201485354432,0.0,0.0,False,False,False,0.2,-0.1871117800474167,0.012709512375295162,25.298715017109586,50.17477895201317,198.02161380200803,216.5137945014624,-0.9355589151382446,0.06354755908250809,-0.09657058817868441,0.006386072028800406,-0.09657058817868439,0.006386072028800284,0.055419921875,0.0,-0.387939453125,0.03011505455101583,-0.0008450396970466805,0.00010588591923524132,6358.122741700595,False,True,True,Omega_safe_one_step_QP,False,0.33251953125,0.0,9.6781508652914,False,False,False
370,-18.41837401394241,-3046.2110885749044,9.780446219590702,5.8730108064753646,36.04128814367709,21.625401757650806,0.2,0.0,0.0,25.35306084791512,50.191627746919174,200.57627505676325,215.0727826603125,0.0,0.0,0.0,0.0,-7.632783294297951e-17,1.0755285551056204e-16,0.26014284641297625,-0.05033574002966734,nan,nan,0.0006007725449855943,-0.0001196587594051589,6342.1663262782695,True,True,True,Z_mode_existing_controller,False,0.05060201485354432,0.0,0.0,False,False,False,0.2,-0.18832123279571533,-0.006012495141476393,25.288751353935602,50.17737958862622,199.58876816293,216.14683776812072,-0.9416061639785767,-0.030062474310398102,-0.10097565251053542,-0.0029829848820372208,-0.10097565251053535,-0.0029829848820372277,0.055419921875,0.0,-0.387939453125,-0.014155047991891436,0.0005998365595392867,-0.00011973984396042433,6323.747952264327,False,True,True,Omega_safe_one_step_QP,False,0.33251953125,0.0,10.101970401231066,False,False,False
371,3.155822667315988,-3043.0552659075884,12.47887195798418,5.703259158475864,38.49489157481883,25.9984766916045,0.2,0.0,0.0,25.366614591340138,50.19013163243834,197.91943026029742,214.4136722190165,0.0,0.0,0.0,0.0,-1.1449174941446927e-16,-1.0408340855860843e-16,0.26014284641297625,-0.05033574002966734,nan,nan,-0.0021219358052363335,5.8475050596958154e-05,6559.111110431551,True,True,True,Z_mode_existing_controller,False,0.05060201485354432,0.0,0.0,False,False,False,0.2,-0.18323008716106415,-0.014635786414146423,25.30175555153314,50.17572929094425,197.84296400705594,215.24988756910864,-0.9161504507064819,-0.07317893207073212,-0.09371699692181938,-0.005641208038027885,-0.09371699692181933,-0.005641208038027853,0.055419921875,0.0,-0.387939453125,-0.03541401533857003,-0.002113530969158516,5.854371448396449e-05,6562.266933098867,False,True,True,Omega_safe_one_step_QP,False,0.33251953125,0.0,9.388662705717241,False,False,False
372,-32.32666688178506,-3075.3819327893734,9.720117853725563,5.5415295176642845,37.74576520991756,24.63487009316895,0.2,0.0,0.0,25.33713480165006,50.19178968677727,203.70900257241857,215.7399455516788,0.0,0.0,0.0,0.0,8.326672684688674e-17,8.933825901280557e-17,0.055419921875,0.0,nan,nan,0.000522654034664314,-2.3567179917150568e-05,6410.689814406721,False,True,True,Omega_safe_one_step_QP,False,0.33251953125,0.0,0.0,False,False,False,0.2,-0.19032630324363708,-0.041488490998744965,25.272606428311718,50.177388650130446,202.1744255885481,215.1358357542819,-0.951631486415863,-0.20744244754314423,-0.10838145270764257,-0.020036510080262988,-0.10838145270764264,-0.02003651008026302,0.055419921875,0.0,-0.387939453125,-0.09664618670888647,0.0005212916954496034,-2.3508252161273408e-05,6378.363147524936,False,True,True,Omega_safe_one_step_QP,False,0.33251953125,0.0,11.021797052756634,False,False,False
373,-1.6299376029710402,-3077.0118703923445,10.593703213166004,3.8203551477700737,36.68074148308442,23.94011048681969,0.2,0.0,0.0,25.35210734820521,50.19270168878489,200.7441266247374,215.15350759838597,0.0,0.0,0.0,0.0,-1.3183898417423734e-16,-6.938893903907228e-17,0.055419921875,0.0,nan,nan,-0.0013948772224346455,-3.642227398882635e-05,6432.51611352068,False,True,True,Omega_safe_one_step_QP,False,0.33251953125,0.0,0.0,False,False,False,0.2,-0.18102818727493286,-0.03793159872293472,25.286581176374742,50.17811001018661,200.4977197342889,214.85758318906286,-0.9051409363746643,-0.18965798616409302,-0.09821000476597647,-0.017397928001500574,-0.09821000476597651,-0.017397928001500473,0.055419921875,0.0,-0.387939453125,-0.09289895764691142,-0.0013934137681609164,-3.6408559842350356e-05,6430.886175917709,False,True,True,Omega_safe_one_step_QP,False,0.33251953125,0.0,9.97391243939835,False,False,False
374,-30.65919414705786,-3107.6710645394023,7.334228950826305,5.437407131762506,39.24827596031189,22.55897892213749,0.2,0.0,0.0,25.335862112442726,50.1928941202971,203.94191660893108,215.8419507234179,0.0,0.0,0.0,0.0,5.551115123125783e-17,9.540979117872439e-17,0.055419921875,0.0,nan,nan,0.0029037984843578207,-0.00011608676220030032,6161.650218983538,False,True,True,Omega_safe_one_step_QP,False,0.33251953125,0.0,0.0,False,False,False,0.2,-0.19339106976985931,-0.06481635570526123,25.270427690659425,50.17830819950101,202.44872639334739,214.2242173222657,-0.966955304145813,-0.32408177852630615,-0.1112027787770348,-0.030705971303380094,-0.1112027787770348,-0.030705971303379983,0.055419921875,0.0,-0.387939453125,-0.1485949635081912,0.0028967239461156116,-0.00011552638522278457,6130.99102483648,False,True,True,Omega_safe_one_step_QP,False,0.33251953125,0.0,11.536426951798429,False,False,False
375,229.87698733205707,-2877.7940772073453,8.959959374807044,5.582403173958452,37.655988296067356,27.58263651503276,0.2,0.0,0.0,25.386741270776263,50.191989405566574,193.9198740988975,213.64375728276295,0.0,0.0,0.0,0.0,-1.3530843112619095e-16,-2.7755575615628914e-17,0.26014284641297625,-0.05033574002966734,nan,nan,0.0013159445934239965,5.548191345611589e-05,6097.275833625038,True,True,True,Z_mode_existing_controller,False,0.05060201485354432,0.0,0.0,False,False,False,0.2,-0.004032474476844072,-0.036285724490880966,25.3202605070325,50.177258848273965,203.56597294076755,213.97950863909406,-0.020162371918559074,-0.18142861127853394,-0.0025821203790711567,-0.01165508981960495,-0.0025821203790710318,-0.01165508981960484,0.055419921875,0.0,0.01846664226900073,-0.33251953125,0.0013024425801435,5.412594919295376e-05,6327.152820957095,False,True,True,Omega_safe_one_step_QP,False,0.33251953125,0.0,1.193769091386886,False,False,False
376,259.37369351974485,-2618.4203836876004,10.194973650417545,3.6798121757908038,42.44388748280364,24.923070660098205,0.2,0.0,0.0,25.405516446716316,50.192962573455205,190.20463978903348,212.900577038769,0.0,0.0,0.0,0.0,-5.551115123125783e-17,-9.71445146547012e-17,0.055419921875,0.0,nan,nan,-0.000885958459681134,9.864364210594462e-06,6133.978258615227,False,True,True,Omega_safe_one_step_QP,False,0.33251953125,0.0,0.0,False,False,False,0.2,0.07441375404596329,0.02810693345963955,25.346917514328705,50.179771453551155,200.8831228658786,214.233577254971,0.37206876277923584,0.1405346691608429,0.02278215442492776,0.0006691703164245777,0.022782154424927648,0.0006691703164245291,0.26014284641297625,-0.05033574002966734,0.31074486126652057,-0.03122277519343871,-0.0008841594314393498,1.0103358677128818e-05,6393.351952134972,True,True,True,Z_mode_existing_controller,False,0.05060201485354432,0.0,2.2791979930528803,False,False,False
377,208.26989606358984,-2410.1504876240106,11.034486258339667,5.253939934262473,41.16801630977952,23.27406963005476,0.2,0.0,0.0,25.388187485293056,50.192444269580996,193.6244377618049,213.59557866795728,0.0,0.0,0.0,0.0,-5.204170427930421e-17,3.8163916471489756e-17,0.26014284641297625,-0.05033574002966734,nan,nan,-0.0008856053313170285,-3.284117207228744e-05,6302.601466457739,True,True,True,Z_mode_existing_controller,False,0.05060201485354432,0.0,0.0,False,False,False,0.2,-0.13358074426651,-0.04575703293085098,25.33850424420093,50.180956638273344,202.09154250526467,213.8383944182713,-0.66790372133255,-0.22878515720367432,0.014461271336353672,-0.008111345713632909,0.014461271336353727,-0.008111345713632968,0.26014284641297625,-0.05033574002966734,0.11241790944565846,-0.10093775488321166,-0.0008760176444314463,-3.16686121939521e-05,6510.871362521329,True,True,True,Z_mode_existing_controller,False,0.05060201485354432,0.0,1.6580780981296246,False,False,False
378,-4.809085296368721,-2414.9595729203793,8.975718828792822,2.4863120158757233,37.18335752643814,24.179101127627387,0.2,0.0,0.0,25.373693802971225,50.19160427753755,196.48908137501678,214.15351367027608,0.0,0.0,0.0,0.0,1.734723475976807e-17,6.245004513516506e-17,0.26014284641297625,-0.05033574002966734,nan,nan,-0.0002555708541037297,-4.858349646924467e-05,6161.230292159644,True,True,True,Z_mode_existing_controller,False,0.05060201485354432,0.0,0.0,False,False,False,0.2,-0.13259339332580566,-0.06414183229207993,25.33121652908538,50.18151230219999,196.20681769111457,212.3485067686098,-0.6629669666290283,-0.32070913910865784,-0.0613577139985162,-0.026780312075953296,-0.061357713998516125,-0.02678031207595342,0.055419921875,0.0,-0.387939453125,-0.2144743562486135,-0.00025772699795797906,-4.846907438634364e-05,6156.421206863275,False,True,True,Omega_safe_one_step_QP,False,0.33251953125,0.0,6.694739862017922,False,False,False
379,-39.75749855576032,-2454.7170714761396,9.816895018489044,5.949743381972477,37.95060474360222,26.65629785215849,0.2,0.0,0.0,25.37102242434914,50.190896491564374,197.0215497194188,214.2209347971719,0.0,0.0,0.0,0.0,3.8163916471489756e-17,-1.1796119636642288e-16,0.26014284641297625,-0.05033574002966734,nan,nan,0.0006549849048538137,3.9641424214248346e-05,6259.791382545804,True,True,True,Z_mode_existing_controller,False,0.05060201485354432,0.0,0.0,False,False,False,0.2,-0.16516874730587006,-0.007873628288507462,25.328460765635356,50.180837365820366,195.20193625253611,214.95257811247794,-0.8258436918258667,-0.03936814144253731,-0.07742626044105336,-0.0015618583674057007,-0.07742626044105334,-0.0015618583674057007,0.055419921875,0.0,-0.387939453125,-0.02113503295215053,0.0006549581139008798,3.969871283017153e-05,6220.033883990043,False,True,True,Omega_safe_one_step_QP,False,0.33251953125,0.0,7.744201190210413,False,False,False
380,6.501800814330636,-2448.215270661809,9.515752593215522,4.933060871585917,44.06300014953163,28.996910332101397,0.2,0.0,0.0,25.382451911315336,50.19203784015864,194.75245154472296,213.79630525741985,0.0,0.0,0.0,0.0,1.24683249835833e-16,-2.0816681711721685e-17,0.26014284641297625,-0.05033574002966734,nan,nan,0.0005658261094349234,0.0001282971080063199,6173.164313171325,True,True,True,Z_mode_existing_controller,False,0.05060201485354432,0.0,0.0,False,False,False,0.2,-0.192038893699646,-0.01696072891354561,25.338593176617575,50.18169280890073,194.90750953964624,213.56617926598912,-0.96019446849823,-0.08480364084243774,-0.06079220645757883,-0.011661065865553488,-0.06079220645757884,-0.01166106586555335,0.26014284641297625,-0.05033574002966734,-0.31280157130522834,-0.10093775488321166,0.0005644178920543768,0.0001282578113046555,6179.666113985656,True,True,True,Z_mode_existing_controller,False,0.05060201485354432,0.0,6.190050745431468,False,False,False
381,134.2185225211906,-2313.9967481406184,10.062462169915708,4.49466100577897,38.99467217165429,27.449719454559993,0.2,0.0,0.0,25.390663977301163,50.19459727104913,193.10094401983125,213.58512108313377,0.0,0.0,0.0,0.0,1.249000902703301e-16,7.632783294297951e-17,0.26014284641297625,-0.05033574002966734,nan,nan,-0.0003729554241782903,7.086381794489888e-05,6190.717328743628,True,True,True,Z_mode_existing_controller,False,0.05060201485354432,0.0,0.0,False,False,False,0.2,-0.16495533287525177,-0.034119635820388794,25.347091791787072,50.18430763842582,198.62270811817092,213.36373629257767,-0.8247766494750977,-0.17059817910194397,0.0017865583244967495,-0.010016486579750364,0.0017865583244966801,-0.010016486579750468,0.26014284641297625,-0.05033574002966734,0.015501542259990647,-0.10093775488321166,-0.00037281354086228643,7.090349376141563e-05,6324.935851264819,True,True,True,Z_mode_existing_controller,False,0.05060201485354432,0.0,1.0174566037386947,False,False,False
382,141.60419970540715,-2172.392548435211,9.384133502749444,5.257633296323039,41.46432605502227,27.5161407174219,0.2,0.0,0.0,25.383420863608396,50.195745273509274,194.5128409904629,213.94708297254772,0.0,0.0,0.0,0.0,1.0278236595162582e-16,3.8163916471489756e-17,0.26014284641297625,-0.05033574002966734,nan,nan,0.0008083615516819031,7.245391526314272e-05,6154.174134949062,True,True,True,Z_mode_existing_controller,False,0.05060201485354432,0.0,0.0,False,False,False,0.2,-0.06926102191209793,-0.06428097933530807,25.344503228788312,50.186368619448196,200.41414842979862,214.17596657720927,-0.34630510210990906,-0.32140490412712097,0.013924844114153234,-0.004205696684004619,0.013924844114153179,-0.004205696684004695,0.26014284641297625,-0.05033574002966734,0.2056205398798746,-0.10093775488321166,0.0008033690402198892,7.196735092027595e-05,6295.778334654469,True,True,True,Z_mode_existing_controller,False,0.05060201485354432,0.0,1.4546104915107576,False,False,False
383,168.75479033962256,-2003.6377580955887,9.579615874768638,4.717224022886185,38.444018798966304,27.40866395897912,0.2,0.0,0.0,25.39506187528385,50.19714151840276,192.19904684009737,213.52756882748014,0.0,0.0,0.0,0.0,-4.163336342344337e-17,9.71445146547012e-17,0.26014284641297625,-0.05033574002966734,nan,nan,0.00024879536801856826,6.124429445645728e-05,6119.562600652093,True,True,True,Z_mode_existing_controller,False,0.05060201485354432,0.0,0.0,False,False,False,0.2,0.10592619329690933,-0.10226843506097794,25.361010404720236,50.18871258461777,199.2524599988909,213.44582580627522,0.5296309590339661,-0.5113421678543091,0.032462409788621936,-0.006247004589300276,0.03246240978862202,-0.00624700458930038,0.26014284641297625,-0.05033574002966734,0.31074486126652057,-0.09919040674556576,0.00024525687196575796,6.083981063094044e-05,6288.317390991716,True,True,True,Z_mode_existing_controller,False,0.05060201485354432,0.0,3.3058026493170547,False,False,False
384,174.11961927126413,-1829.5181388243245,9.308140936522504,5.117480624959318,33.89608328950844,29.58828397719183,0.2,0.0,0.0,25.39639163244896,50.19795095039095,191.92489385574905,213.50995323764235,0.0,0.0,0.0,0.0,1.0755285551056204e-16,-7.28583859910259e-17,0.26014284641297625,-0.05033574002966734,nan,nan,0.0006349749214393343,0.00010733043784292304,6085.9071259495195,True,True,True,Z_mode_existing_controller,False,0.05060201485354432,0.0,0.0,False,False,False,0.2,0.1351785510778427,-0.108070507645607,25.368141513543385,50.19066150495208,199.25907194958302,213.27958822902673,0.67589271068573,-0.5403525233268738,0.041505224792560906,-0.0068366467893907,0.041505224792560975,-0.00683664678939078,0.26014284641297625,-0.05033574002966734,0.31074486126652057,-0.09079027508356054,0.0006295133622896392,0.00010662519225531145,6260.026745220784,True,True,True,Z_mode_existing_controller,False,0.05060201485354432,0.0,4.206451502637233,False,False,False
385,163.90688208028587,-1665.6112567440387,8.61345029040567,6.336652968550644,41.61332566640854,25.639113850270913,0.2,0.0,0.0,25.40328498166727,50.199637642728476,190.54362686238505,213.3063166199024,0.0,0.0,0.0,0.0,1.1102230246251565e-16,7.979727989493313e-17,0.26014284641297625,-0.05033574002966734,nan,nan,0.002120149470825651,5.986475947491847e-06,5980.821221150392,True,True,True,Z_mode_existing_controller,False,0.05060201485354432,0.0,0.0,False,False,False,0.2,0.14145182073116302,-0.10008610785007477,25.381011358736117,50.19352763091028,197.54307592604636,213.03608809449014,0.7072590589523315,-0.5004305243492126,0.04353169896253474,-0.006496108086687401,0.04353169896253475,-0.006496108086687484,0.26014284641297625,-0.05033574002966734,0.31074486126652057,-0.08613986534869306,0.0021101888479943035,4.684856906369671e-06,6144.728103230678,True,True,True,Z_mode_existing_controller,False,0.05060201485354432,0.0,4.401372779984289,False,False,False
386,148.992203862078,-1516.6190528819607,12.906086527690496,4.924153177745666,41.85368496365076,24.3076373333931,0.2,0.0,0.0,25.43130858821135,50.19907887339859,185.02321208199078,212.08951561488675,0.0,0.0,0.0,0.0,6.938893903907228e-17,-1.457167719820518e-16,0.055419921875,0.0,nan,nan,-0.0030370282220188866,2.4944441600607044e-05,6276.534847202092,False,True,True,Omega_safe_one_step_QP,False,0.33251953125,0.0,0.0,False,False,False,0.2,0.08141153305768967,-0.08045699447393417,25.414648827166353,50.194080912447376,191.0011965787249,210.04889907467128,0.40705767273902893,-0.40228497982025146,0.03780303435945473,-0.0236051425764717,0.0378030343594547,-0.023605142576471595,0.055419921875,0.0,0.387939453125,-0.328620787294331,-0.0030188244048145593,2.7436407969539268e-05,6425.52705106417,False,True,True,Omega_safe_one_step_QP,False,0.33251953125,0.0,4.4567613385031954,False,False,False
387,-25.988408069925754,-1542.6074609518864,9.17749383560835,4.179483679060375,35.583504886261174,27.331747070846504,0.2,0.0,0.0,25.37741047665853,50.19804378543151,195.65825353730915,214.2958906221623,0.0,0.0,0.0,0.0,-1.1102230246251565e-16,4.5102810375396984e-17,0.26014284641297625,-0.05033574002966734,nan,nan,0.0003310104571197182,4.3462630378265834e-05,6161.596184578081,True,True,True,Z_mode_existing_controller,False,0.05060201485354432,0.0,0.0,False,False,False,0.2,-0.1606576293706894,0.02010367065668106,25.36593715483589,50.19411820788138,194.49099051574993,215.1108989904524,-0.8032881617546082,0.1005183532834053,-0.023534211640369673,0.006503679861935167,-0.02353421164036972,0.006503679861935188,0.26014284641297625,-0.05033574002966734,-0.1442410040083461,0.00026627482387697743,0.00033141216636454183,4.361892699967715e-05,6135.607776508155,True,True,True,Z_mode_existing_controller,False,0.05060201485354432,0.0,2.4416325875943232,False,False,False
388,40.765719835618256,-1501.8417411162682,11.020737315607573,2.5596886658543108,39.41565698078612,29.425429019891727,0.2,0.0,0.0,25.38283194990703,50.19903299531507,194.57535763889354,214.11588448982357,0.0,0.0,0.0,0.0,-5.637851296924623e-18,8.326672684688674e-17,0.26014284641297625,-0.05033574002966734,nan,nan,-0.0025663276871539225,0.000145259683867454,6325.458882296126,True,True,True,Z_mode_existing_controller,False,0.05060201485354432,0.0,0.0,False,False,False,0.2,-0.021763337776064873,-0.02772611752152443,25.37047096313237,50.19490869557672,196.22284990334086,214.08411390396645,-0.10881669074296951,-0.13863058388233185,0.006039482938106798,-0.001683596881787118,0.00603948293810689,-0.0016835968817870244,0.26014284641297625,-0.05033574002966734,0.22042330253698292,-0.10093775488321166,-0.0025642674974049565,0.0001454876959062104,6366.224602131744,True,True,True,Z_mode_existing_controller,False,0.05060201485354432,0.0,0.6269756982535185,False,False,False
389,-107.11117588241632,-1608.9529169986845,7.594596319398298,4.646671864195149,38.683043420477134,27.437122483852598,0.2,0.0,0.0,25.343894831849823,50.201887664765984,202.21526033705285,215.9061962272024,0.0,0.0,0.0,0.0,-5.551115123125783e-17,-5.637851296924623e-18,0.055419921875,0.0,nan,nan,0.0023019766784008705,3.393411562167348e-05,6149.010754450449,False,True,True,Omega_safe_one_step_QP,False,0.33251953125,0.0,0.0,False,False,False,0.2,-0.12128078937530518,0.07730987668037415,25.332954029666883,50.198039870353384,197.38974534116406,219.47735060164655,-0.6064039468765259,0.3865493834018707,-0.05703294929083133,0.03458923798954561,-0.057032949290831386,0.034589237989545475,0.055419921875,0.0,-0.387939453125,0.28261737726879393,0.002310900788694916,3.5730380788613625e-05,6041.899578568033,False,True,True,Omega_safe_one_step_QP,False,0.33251953125,0.0,6.670211907809198,False,False,False
390,114.71432573725906,-1494.2385912614254,10.489483154591818,6.229097776090624,45.52923706395598,28.207603243369547,0.2,0.0,0.0,25.38429256533328,50.20369483512293,194.22760610141495,214.29847245847705,0.0,0.0,0.0,0.0,-1.734723475976807e-17,5.551115123125783e-17,0.26014284641297625,-0.05033574002966734,nan,nan,0.00035511007233040746,0.00012527139704452198,6259.169556648657,True,True,True,Z_mode_existing_controller,False,0.05060201485354432,0.0,0.0,False,False,False,0.2,0.1004832312464714,-0.06684476882219315,25.36962758635378,50.19901854781793,198.97429991947772,214.0868078343164,0.5024161338806152,-0.33422383666038513,0.030978910634351674,-0.004399410736972871,0.03097891063435159,-0.0043994107369728155,0.26014284641297625,-0.05033574002966734,0.31074486126652057,-0.0839978739286619,0.00035733442264806754,0.00012557139433051452,6373.883882385916,True,True,True,Z_mode_existing_controller,False,0.05060201485354432,0.0,3.1289738236740345,False,False,False
391,78.29693777632383,-1415.9416534851016,9.78414043473675,3.367638689574731,38.58840313761557,27.346871246342925,0.2,0.0,0.0,25.388875656605425,50.206084193748445,193.29351552321936,214.23075912041293,0.0,0.0,0.0,0.0,1.0408340855860843e-17,-1.0755285551056204e-16,0.26014284641297625,-0.05033574002966734,nan,nan,-0.0006970086791474109,6.265957201524383e-05,6166.794963435296,True,True,True,Z_mode_existing_controller,False,0.05060201485354432,0.0,0.0,False,False,False,0.2,0.06238512322306633,0.0030979313887655735,25.37815261069075,50.20218685306662,196.56056231334944,214.3708789577745,0.31192561984062195,0.01548965647816658,0.019265543715484328,-0.00047460099149638363,0.01926554371548419,-0.00047460099149644955,0.26014284641297625,-0.05033574002966734,0.31074486126652057,-0.047822936302582365,-0.0006978222582390474,6.25698087309088e-05,6245.09190121162,True,True,True,Z_mode_existing_controller,False,0.05060201485354432,0.0,1.9271388656616228,False,False,False
392,57.164937451993865,-1358.7767160331077,8.341653559579154,2.971849435523033,35.197224379321455,28.841569136873844,0.2,0.0,0.0,25.37689736613744,50.20707036795297,195.6408064698494,214.78322243684258,0.0,0.0,0.0,0.0,1.5612511283791264e-17,8.153200337090993e-17,0.26014284641297625,-0.05033574002966734,nan,nan,0.0006780657041367378,7.753167415270289e-05,6074.660254963031,True,True,True,Z_mode_existing_controller,False,0.05060201485354432,0.0,0.0,False,False,False,0.2,0.04326493665575981,0.010695094242691994,25.36885660808141,50.20369594094979,198.08156091238624,214.94866346233547,0.21632467210292816,0.05347546935081482,0.013374802801872261,0.00010333474143391086,0.01337480280187224,0.00010333474143381545,0.26014284641297625,-0.05033574002966734,0.31074486126652057,-0.037826919734036374,0.0006737070356337776,7.699902517209825e-05,6131.8251924150245,True,True,True,Z_mode_existing_controller,False,0.05060201485354432,0.0,1.3375201981942553,False,False,False
393,60.6062214908452,-1298.1704945422625,8.935128058463405,6.557723586899919,40.77786382178449,22.09441249840466,0.2,0.0,0.0,25.387483675505056,50.208716060172286,193.53200740336513,214.42185463930699,0.0,0.0,0.0,0.0,1.4224732503009818e-16,-1.0755285551056204e-16,0.26014284641297625,-0.05033574002966734,nan,nan,0.0018968841309522843,-9.96105841117043e-05,6084.0390521066265,True,True,True,Z_mode_existing_controller,False,0.05060201485354432,0.0,0.0,False,False,False,0.2,0.05328141525387764,0.016845183447003365,25.38139211773614,50.20572169105002,196.10082784534188,214.58294026447055,0.2664070725440979,0.08422591537237167,0.0164830500532471,0.00031317085091429886,0.016483050053247093,0.00031317085091443764,0.26014284641297625,-0.05033574002966734,0.31074486126652057,-0.03433766229591367,0.0018941625001248818,-9.999401798995843e-05,6144.645273597472,True,True,True,Z_mode_existing_controller,False,0.05060201485354432,0.0,1.6486024840443299,False,False,False
394,169.15907861797587,-1129.0114159242867,11.97680066118853,5.334133284222044,35.92563743565969,26.659658182848116,0.2,0.0,0.0,25.41460330410473,50.20648747662343,188.2094541952543,213.15132075164587,0.0,0.0,0.0,0.0,-8.326672684688674e-17,-8.326672684688674e-17,0.055419921875,0.0,nan,nan,-0.0019672391683768593,5.7252030214986586e-05,6264.58101366198,False,True,True,Omega_safe_one_step_QP,False,0.33251953125,0.0,0.0,False,False,False,0.2,0.1382472664117813,-0.08850408345460892,25.410581367442273,50.203895678483626,195.1427951645424,210.7333290574063,0.6912363171577454,-0.442520409822464,0.061784088558457635,-0.02525764175526829,0.06178408855845764,-0.025257641755268165,0.055419921875,0.0,0.387939453125,-0.2128746347604418,-0.0019546579892918583,5.9089574482567436e-05,6433.740092279956,False,True,True,Omega_safe_one_step_QP,False,0.33251953125,0.0,6.6747449884147665,False,False,False
395,19.737854162864096,-1109.2735617614226,9.319772404693605,5.4721993795469075,41.45587014793706,22.820189878407653,0.2,0.0,0.0,25.379365628322162,50.206575641932666,195.1526129580104,214.63376512241885,0.0,0.0,0.0,0.0,-2.8189256484623115e-17,4.163336342344337e-17,0.26014284641297625,-0.05033574002966734,nan,nan,0.0009845531339065616,-7.005924983976425e-05,6162.431019973241,True,True,True,Z_mode_existing_controller,False,0.05060201485354432,0.0,0.0,False,False,False,0.2,0.03366071358323097,-0.0417819581925869,25.381168757559934,50.20519971040874,195.9996219401162,214.30976202492567,0.16830356419086456,-0.2089097797870636,0.012525728073907545,-0.002537101506310417,0.012525728073907672,-0.002537101506310358,0.26014284641297625,-0.05033574002966734,0.3009092442172266,-0.10093775488321166,0.0009841106605630113,-7.01108567982946e-05,6182.168874136105,True,True,True,Z_mode_existing_controller,False,0.05060201485354432,0.0,1.2780091855491635,False,False,False
396,32.366797281458275,-1076.9067644799643,13.597658062415817,4.746992342640222,39.88738123393995,28.35278528341253,0.2,0.0,0.0,25.394147075397097,50.20519547289776,192.25239872316556,213.92939137282536,0.0,0.0,0.0,0.0,-3.469446951953614e-17,1.0755285551056204e-16,0.26014284641297625,-0.05033574002966734,nan,nan,-0.0039315384566167635,0.00014926815118752098,6530.061746620671,True,True,True,Z_mode_existing_controller,False,0.05060201485354432,0.0,0.0,False,False,False,0.2,-0.06997097283601761,-0.07748361676931381,25.39662767797651,50.20396355937082,193.55068614104874,213.3996544905501,-0.34985485672950745,-0.38741806149482727,0.016544587204616292,-0.004704992521262059,0.016544587204616434,-0.004704992521262025,0.26014284641297625,-0.05033574002966734,0.21444709349908622,-0.10093775488321166,-0.003927999119328808,0.00014985695989706577,6562.42854390213,True,True,True,Z_mode_existing_controller,False,0.05060201485354432,0.0,1.7200590699051146,False,False,False
397,-232.68766289452287,-1309.5944273744872,12.312713802005415,5.481476553039228,44.268910977577555,23.09169254482754,0.2,0.0,0.0,25.332792613631838,50.20775526343964,204.31507915275625,216.64740285901703,0.0,0.0,0.0,0.0,2.7755575615628914e-17,7.762887554996212e-17,0.055419921875,0.0,nan,nan,-0.0019101903470629912,-2.6458542856265185e-06,6699.844596816283,False,True,True,Omega_safe_one_step_QP,False,0.33251953125,0.0,0.0,False,False,False,0.2,-0.18938341736793518,-0.011588025838136673,25.336373084737314,50.20675768276927,194.90527803103961,216.0214182432021,-0.9469170570373535,-0.057940129190683365,-0.09073625839934431,-0.005741662249770218,-0.09073625839934422,-0.005741662249770097,0.055419921875,0.0,-0.387939453125,-0.027128351386218,-0.0019282995194223108,-5.5057752940063445e-06,6467.15693392176,False,True,True,Omega_safe_one_step_QP,False,0.33251953125,0.0,9.091773904856508,False,False,False
398,-217.17112890395947,-1526.7655562784466,8.952935055679069,6.217563343890015,38.73541244988662,21.983656436236814,0.2,0.0,0.0,25.31172746757729,50.2091431908965,208.4490092221389,217.60457681039009,0.0,0.0,0.0,0.0,0.0,-7.45931094670027e-17,0.055419921875,0.0,nan,nan,0.0016445396039866792,-0.00011195766739060132,6440.163363821232,False,True,True,Omega_safe_one_step_QP,False,0.33251953125,0.0,0.0,False,False,False,0.2,-0.19647780060768127,-0.012870527803897858,25.307407292961344,50.20660435006812,199.1480625437685,216.92968015056718,-0.982388973236084,-0.06435263901948929,-0.10534089343800852,-0.008698355264479015,-0.10534089343800858,-0.008698355264478909,0.055419921875,0.0,-0.387939453125,-0.029042818809084284,0.00165394080299151,-0.00011062278670832034,6222.992234917273,False,True,True,Omega_safe_one_step_QP,False,0.33251953125,0.0,10.569940971748611,False,False,False
399,-126.35568373387923,-1653.1212400123259,7.823475313637415,4.5171938010520885,40.611585326795094,25.544368961677417,0.2,0.0,0.0,25.347398233296627,50.20898331641606,201.41636962891508,216.08774872454833,0.0,0.0,0.0,0.0,-2.7755575615628914e-17,-1.1687699419393738e-16,0.055419921875,0.0,nan,nan,0.0020453942282339637,-1.3913658742247328e-05,6154.139424606726,False,True,True,Omega_safe_one_step_QP,False,0.33251953125,0.0,0.0,False,False,False,0.2,-0.17138934135437012,-0.023064976558089256,25.335709999745877,50.20501005822167,195.8782689804054,215.4498165212522,-0.8569467067718506,-0.11532488465309143,-0.08234436529319267,-0.010631003883874618,-0.08234436529319267,-0.010631003883874654,0.055419921875,0.0,-0.387939453125,-0.059665749984069,0.0020548049166264973,-1.2333761677722418e-05,6027.7837408728465,False,True,True,Omega_safe_one_step_QP,False,0.33251953125,0.0,8.302778293509762,False,False,False
400,27.441070721743927,-1625.680169290582,11.058714786642287,4.221774360733869,38.180408058611164,25.759571298192448,0.2,0.0,0.0,25.383265871033824,50.2096930478126,194.334688414813,214.61044773378575,0.0,0.0,0.0,0.0,1.4051260155412137e-16,3.8163916471489756e-17,0.26014284641297625,-0.05033574002966734,nan,nan,-0.0016268929899012994,3.0009454379200176e-05,6322.619179851067,True,True,True,Z_mode_existing_controller,False,0.05060201485354432,0.0,0.0,False,False,False,0.2,-0.18278449773788452,-0.023514725267887115,25.367286467083787,50.20489357907714,195.43328567228627,214.0598427836276,-0.9139224886894226,-0.11757362633943558,-0.024473281318852968,-0.01109911657092362,-0.024473281318852964,-0.011099116570923686,0.26014284641297625,-0.05033574002966734,-0.1331963809928114,-0.10093775488321166,-0.0016249587857361618,3.0175041707119002e-05,6350.060250572811,True,True,True,Z_mode_existing_controller,False,0.05060201485354432,0.0,2.6872511739073905,False,False,False
401,-116.45654781737176,-1742.1367171079537,10.732458769039104,3.3982551442153293,44.18561316767105,24.688189918133173,0.2,0.0,0.0,25.358190112928433,50.21018013666654,199.2698625825679,215.68696585251612,0.0,0.0,0.0,0.0,-5.551115123125783e-17,-1.2750217548429532e-16,0.26014284641297625,-0.05033574002966734,nan,nan,-0.001594536195225233,1.833851271710457e-05,6408.653001639488,True,True,True,Z_mode_existing_controller,False,0.05060201485354432,0.0,0.0,False,False,False,0.2,-0.17096245288848877,0.00836696196347475,25.343198950502032,50.20558500586743,194.3598659957325,216.54351337768946,-0.8548122644424438,0.04183480888605118,-0.07896575059977484,0.003924238237902378,-0.07896575059977473,0.003924238237902437,0.055419921875,0.0,-0.387939453125,0.021698162164264963,-0.001596690779810356,1.785821622536307e-05,6292.196453822116,False,True,True,Omega_safe_one_step_QP,False,0.33251953125,0.0,7.9063198857203005,False,False,False
402,-130.01588808610904,-1872.1526051940627,9.26521705143079,4.433229836253565,44.134814987717064,23.242101728047025,0.2,0.0,0.0,25.337680023895484,50.211198933283846,203.29871659050846,216.6004812528404,0.0,0.0,0.0,0.0,-4.163336342344337e-17,8.673617379884035e-19,0.055419921875,0.0,nan,nan,0.0005611678396308718,-4.95863584785948e-05,6350.648937956228,False,True,True,Omega_safe_one_step_QP,False,0.33251953125,0.0,0.0,False,False,False,0.2,-0.18317754566669464,-0.03423541784286499,25.31874612792236,50.2057957586064,197.73016453156308,215.50187182213756,-0.915887713432312,-0.17117708921432495,-0.09343113700836957,-0.01684499160537312,-0.09343113700836966,-0.016844991605373047,0.055419921875,0.0,-0.387939453125,-0.08286274064013864,0.000564300098191247,-4.899761085925148e-05,6220.633049870119,False,True,True,Omega_safe_one_step_QP,False,0.33251953125,0.0,9.493751157925846,False,False,False
403,-99.41232571161345,-1971.5649309056762,12.163864388507285,3.7922037807939244,40.692389853539765,25.31435514335971,0.2,0.0,0.0,25.352834647843284,50.21148229397849,200.30536842418965,215.97187729264013,0.0,0.0,0.0,0.0,-3.469446951953614e-17,-5.4643789493269423e-17,0.26014284641297625,-0.05033574002966734,nan,nan,-0.0030222341051572674,4.4470717749379475e-05,6585.144271100754,True,True,True,Z_mode_existing_controller,False,0.05060201485354432,0.0,0.0,False,False,False,0.2,-0.17922495305538177,-0.01021639909595251,25.329519926350088,50.20524520509092,196.1927766267148,216.16834240894855,-0.8961247205734253,-0.05108199641108513,-0.08761781034484728,-0.005282099915949736,-0.08761781034484736,-0.005282099915949875,0.055419921875,0.0,-0.387939453125,-0.025272911169531242,-0.003026808730875496,4.331874620069811e-05,6485.7319453891405,False,True,True,Omega_safe_one_step_QP,False,0.33251953125,0.0,8.777688345542751,False,False,False
404,-145.41149236742967,-2116.976423273106,12.265187539493011,3.57436862414907,38.716290436343094,26.668360540194275,0.2,0.0,0.0,25.31176174501994,50.213181507750235,208.3799223193077,217.78861880413507,0.0,0.0,0.0,0.0,1.1102230246251565e-16,-1.2836953722228372e-16,0.055419921875,0.0,nan,nan,-0.003324139825668786,8.023431293874544e-05,6798.46672135613,False,True,True,Omega_safe_one_step_QP,False,0.33251953125,0.0,0.0,False,False,False,0.2,-0.19489388167858124,-0.05861622840166092,25.285147232674923,50.206273421920805,202.45866880867095,215.56087997211398,-0.9744693636894226,-0.293081134557724,-0.11230017032351489,-0.030546352843010823,-0.11230017032351476,-0.030546352843010927,0.055419921875,0.0,-0.387939453125,-0.13334463947861178,-0.003331733521407182,7.838512464293686e-05,6653.0552289887,False,True,True,Omega_safe_one_step_QP,False,0.33251953125,0.0,11.638044477789272,False,False,False
405,-161.95530995977697,-2278.931733232883,9.791754602787755,4.860003063547521,37.64916739765311,21.42343102663215,0.2,0.0,0.0,25.272833455297793,50.21684543127565,216.0085768230145,219.62308967883743,0.0,0.0,0.0,0.0,-1.3877787807814457e-16,-2.0816681711721685e-17,0.055419921875,0.0,nan,nan,7.165961136177713e-05,-0.00012036874830182506,6713.329257383716,False,True,True,Omega_safe_one_step_QP,False,0.33251953125,0.0,0.0,False,False,False,0.2,-0.19835451245307922,-0.05980563163757324,25.241422483137928,50.209034638006266,209.14217637607922,217.09289495033346,-0.9917725324630737,-0.2990281581878662,-0.131324908387888,-0.03509586174968159,-0.1313249083878881,-0.035095861749681545,0.055419921875,0.0,-0.387939453125,-0.13367675449575123,7.314644288465046e-05,-0.00012000630504926512,6551.373947423939,False,True,True,Omega_safe_one_step_QP,False,0.33251953125,0.0,13.593362746222864,False,False,False
406,-120.69918498946299,-2399.630918222346,10.064020678340311,4.757462494801674,47.38071911132175,21.29639715886654,0.2,0.0,0.0,25.291140739459223,50.217672495870204,212.38732625076605,218.89164254175807,0.0,0.0,0.0,0.0,-1.1102230246251565e-16,7.632783294297951e-17,0.055419921875,0.0,nan,nan,-1.4216049612151248e-05,-8.282455551349155e-05,6654.150578655613,False,True,True,Omega_safe_one_step_QP,False,0.33251953125,0.0,0.0,False,False,False,0.2,-0.19525457918643951,-0.09330545365810394,25.25432332340318,50.20886353177997,207.30129049463363,215.17159115947402,-0.9762728810310364,-0.4665272533893585,-0.12430804080574895,-0.048723685492199645,-0.12430804080574907,-0.048723685492199624,0.055419921875,0.0,-0.387939453125,-0.21186620969564146,-1.4715594431552806e-05,-8.253962792355123e-05,6533.45139366615,False,True,True,Omega_safe_one_step_QP,False,0.33251953125,0.0,13.351586623658848,False,False,False
407,-88.82336954423863,-2488.4542877665845,9.943726659552022,6.149038963249115,45.52671337336314,21.180947563686793,0.2,0.0,0.0,25.305162460930255,50.21868628553316,209.6087251248985,218.35091067346383,0.0,0.0,0.0,0.0,8.326672684688674e-17,-1.3877787807814457e-17,0.055419921875,0.0,nan,nan,0.0008293711253239229,-9.562233889921432e-05,6573.709197946636,False,True,True,Omega_safe_one_step_QP,False,0.33251953125,0.0,0.0,False,False,False,0.2,-0.19283761084079742,-0.10459621995687485,25.264372042464835,50.209198421183466,205.85190935359918,214.34867989527828,-0.9641880393028259,-0.5229811072349548,-0.11893897854829522,-0.05284668492150228,-0.11893897854829515,-0.05284668492150218,0.055419921875,0.0,-0.387939453125,-0.2404806536714858,0.0008287752053775053,-9.520078802096286e-05,6484.885828402397,False,True,True,Omega_safe_one_step_QP,False,0.33251953125,0.0,13.0150884458402,False,False,False
408,0.3030356248427779,-2488.1512521417417,7.746647685317676,4.236959444824414,38.85842542713516,25.741279202216802,0.2,0.0,0.0,25.329536935888363,50.21901030937147,204.79732349550045,217.3363459859771,0.0,0.0,0.0,0.0,1.1102230246251565e-16,9.020562075079397e-17,0.055419921875,0.0,nan,nan,0.0019620316653154585,-1.5231275342210936e-05,6224.4644139425845,False,True,True,Omega_safe_one_step_QP,False,0.33251953125,0.0,0.0,False,False,False,0.2,-0.1531335562467575,-0.04598438739776611,25.285864123014335,50.20906844445018,204.7128219396002,216.30313898429105,-0.765667736530304,-0.22992193698883057,-0.08796229390483176,-0.024122065011669216,-0.08796229390483161,-0.02412206501166924,0.055419921875,0.0,-0.387939453125,-0.1331361313360941,0.0019559115785666758,-1.528336003113126e-05,6224.767449567427,False,True,True,Omega_safe_one_step_QP,False,0.33251953125,0.0,9.1209863334111,False,False,False
409,199.6129404272442,-2288.5383117144975,9.789128586750975,4.853362738803176,40.30113561861842,24.07184651433215,0.2,0.0,0.0,25.36692104866355,50.22019450215931,197.41111334605384,215.8213002241228,0.0,0.0,0.0,0.0,5.204170427930421e-17,-1.2836953722228372e-16,0.26014284641297625,-0.05033574002966734,nan,nan,0.000146011008410589,-2.9875379273697905e-05,6264.8485400173295,True,True,True,Z_mode_existing_controller,False,0.05060201485354432,0.0,0.0,False,False,False,0.2,-0.011010062880814075,-0.011066142469644547,25.323268166065073,50.21029199708446,205.69014230557696,216.82357197805024,-0.0550503134727478,-0.05533071234822273,-0.004293609184251285,-0.003782084368602923,-0.004293609184251354,-0.003782084368602819,0.055419921875,0.0,-0.2754145092019494,-0.33251953125,0.00014267624871554209,-3.013656257235854e-05,6464.461480444574,False,True,True,Omega_safe_one_step_QP,False,0.33251953125,0.0,0.572182156295694,False,False,False
410,201.2777905443436,-2087.260521170154,11.491669022616952,4.3759732909622855,40.62555737449015,27.792443872293042,0.2,0.0,0.0,25.370952490663544,50.21993621886715,196.61694148998674,215.63127811613336,0.0,0.0,0.0,0.0,-1.3877787807814457e-17,5.984795992119984e-17,0.26014284641297625,-0.05033574002966734,nan,nan,-0.0019227072256158052,0.00010809225044195337,6422.3041295858075,True,True,True,Z_mode_existing_controller,False,0.05060201485354432,0.0,0.0,False,False,False,0.2,0.02699972502887249,-0.02196027897298336,25.3341339145868,50.21134546758302,204.7653009822128,216.05202123279656,0.134998619556427,-0.10980139672756195,0.00801669262780956,-0.007442517500366791,0.00801669262780963,-0.007442517500366716,0.055419921875,0.0,0.387939453125,-0.27045540880164287,-0.0019103298571596537,0.00010976375422082872,6623.581920130151,False,True,True,Omega_safe_one_step_QP,False,0.33251953125,0.0,1.0938849456503341,False,False,False
411,-56.53791490588719,-2143.798436076041,10.366726207403147,5.052132875130923,40.4592826035837,21.963422505205198,0.2,0.0,0.0,25.343297134238572,50.22231481066931,202.03840505111867,216.92043577072164,0.0,0.0,0.0,0.0,1.3877787807814457e-17,1.1535911115245767e-16,0.055419921875,0.0,nan,nan,-0.0003356626744998423,-8.443886367785498e-05,6437.188585967645,False,True,True,Omega_safe_one_step_QP,False,0.33251953125,0.0,0.0,False,False,False,0.2,-0.1610407531261444,-0.062408268451690674,25.31341527932021,50.21506658894542,199.63911909414122,214.84423009763856,-0.8052037358283997,-0.31204134225845337,-0.08363703907555822,-0.030230914727443877,-0.08363703907555814,-0.030230914727443894,0.055419921875,0.0,-0.387939453125,-0.17181545887270058,-0.0003359164342208853,-8.437570015696564e-05,6380.650671061758,False,True,True,Omega_safe_one_step_QP,False,0.33251953125,0.0,8.893291016594718,False,False,False
412,-27.321813800931523,-2171.1202498769726,11.705068633068679,5.611056889378484,34.308107372390914,24.96398810669742,0.2,0.0,0.0,25.343924346236843,50.22167858327047,201.91978346850885,216.85297433350695,0.0,0.0,0.0,0.0,4.163336342344337e-17,6.938893903907228e-18,0.055419921875,0.0,nan,nan,-0.0015279672432743138,-1.0146695071074421e-06,6577.060512116622,False,True,True,Omega_safe_one_step_QP,False,0.33251953125,0.0,0.0,False,False,False,0.2,-0.1437384933233261,-0.05190849304199219,25.31222039037889,50.21412505941496,200.74764467829814,215.33094801025703,-0.7186924815177917,-0.25954246520996094,-0.07500345355247565,-0.025289907386582884,-0.07500345355247556,-0.025289907386582794,0.055419921875,0.0,-0.387939453125,-0.16011102176033967,-0.0015267837821775314,-1.244175405255496e-06,6549.73869831569,False,True,True,Omega_safe_one_step_QP,False,0.33251953125,0.0,7.915236863430115,False,False,False
413,-91.85210527908384,-2262.9723551560564,11.494381232544917,4.907474364194378,34.83411234799373,28.21502755606965,0.2,0.0,0.0,25.326570811177746,50.22269420731544,205.32640877676405,217.6334305907623,0.0,0.0,0.0,0.0,-4.163336342344337e-17,-6.245004513516506e-17,0.055419921875,0.0,nan,nan,-0.0017433445652393852,9.757133431867633e-05,6638.9741709430655,False,True,True,Omega_safe_one_step_QP,False,0.33251953125,0.0,0.0,False,False,False,0.2,-0.18481329083442688,-0.0595315583050251,25.29406723954347,50.21501047750676,201.51191977323006,215.58588159313544,-0.924066424369812,-0.2976577877998352,-0.10302833825872151,-0.030811636030857896,-0.10302833825872137,-0.030811636030857997,0.055419921875,0.0,-0.387939453125,-0.14281372494220723,-0.0017453479924932546,9.66674324845429e-05,6547.122065663982,False,True,True,Omega_safe_one_step_QP,False,0.33251953125,0.0,10.75369489954573,False,False,False
414,-106.91343211241019,-2369.8857872684666,10.363411883927474,3.8753045700758024,36.41609176358312,21.00146895923099,0.2,0.0,0.0,25.308801153182745,50.226208016936155,208.78567529325224,218.56877013708208,0.0,0.0,0.0,0.0,2.7755575615628914e-17,-3.8163916471489756e-17,0.055419921875,0.0,nan,nan,-0.001114348341534439,-0.00012911024057922493,6601.897587691301,False,True,True,Omega_safe_one_step_QP,False,0.33251953125,0.0,0.0,False,False,False,0.2,-0.1934880167245865,-0.08815760165452957,25.273313526988776,50.21797431088275,204.2987007837887,215.12740244457962,-0.9674400687217712,-0.44078800082206726,-0.11571012001057729,-0.04570525528575749,-0.11571012001057736,-0.04570525528575742,0.055419921875,0.0,-0.387939453125,-0.20200475374496207,-0.0011148846945566553,-0.0001289839404989149,6494.984155578891,False,True,True,Omega_safe_one_step_QP,False,0.33251953125,0.0,12.440981566419293,False,False,False
415,-98.91439775729123,-2468.800185025758,9.653847071078797,3.6197808051263642,37.09356466794277,21.30815914387569,0.2,0.0,0.0,25.303317102880467,50.22571646560578,209.87011366305939,218.7665884765658,0.0,0.0,0.0,0.0,-8.326672684688674e-17,-9.367506770274758e-17,0.055419921875,0.0,nan,nan,-0.00045995628092443223,-0.00012764565819551633,6550.767917705492,False,True,True,Omega_safe_one_step_QP,False,0.33251953125,0.0,0.0,False,False,False,0.2,-0.1944931000471115,-0.10092077404260635,25.264334696497006,50.21688734329824,205.67346797770483,214.80970801405132,-0.9724655151367188,-0.5046038627624512,-0.1197757455500138,-0.05200584072552882,-0.11977574555001369,-0.052005840725528905,0.055419921875,0.0,-0.387939453125,-0.23005531452379505,-0.0004595114187228022,-0.0001271022269769377,6451.853519948201,False,True,True,Omega_safe_one_step_QP,False,0.33251953125,0.0,13.057885239054087,False,False,False
416,-65.27511311668877,-2534.0752981424466,10.384524021931828,4.696744960366421,38.93011130273741,24.295690035110614,0.2,0.0,0.0,25.308547336929994,50.22542398432257,208.84002234492928,218.52422318589916,0.0,0.0,0.0,0.0,-5.551115123125783e-17,6.245004513516506e-17,0.055419921875,0.0,nan,nan,-0.0005978877641532286,-1.938306953834859e-05,6604.482053954422,False,True,True,Omega_safe_one_step_QP,False,0.33251953125,0.0,0.0,False,False,False,0.2,-0.1830531805753708,-0.07963786274194717,25.266333736006196,50.216070578078046,206.06262236060135,215.68572225136776,-0.9152659177780151,-0.3981893062591553,-0.11202401885747122,-0.04189559685233172,-0.11202401885747133,-0.041895596852331664,0.055419921875,0.0,-0.387939453125,-0.19288489247018353,-0.000598452125087843,-1.9486415498246035e-05,6539.206940837733,False,True,True,Omega_safe_one_step_QP,False,0.33251953125,0.0,11.960193073939976,False,False,False
417,-58.352938844806886,-2592.4282369872535,11.611320559400134,6.498930443643906,34.956115005557564,23.315178185736865,0.2,0.0,0.0,25.310857553971623,50.2271377367088,208.36197211360764,218.5151197233291,0.0,0.0,0.0,0.0,-1.3877787807814457e-16,-1.0061396160665481e-16,0.055419921875,0.0,nan,nan,-0.000832118977389917,-4.787489620039671e-05,6725.981613206642,False,True,True,Omega_safe_one_step_QP,False,0.33251953125,0.0,0.0,False,False,False,0.2,-0.18477091193199158,-0.0726342648267746,25.266559623312343,50.2174433310143,205.9067597430178,216.03899549420416,-0.9238545298576355,-0.3631713092327118,-0.11296022235538719,-0.038963231130798234,-0.11296022235538718,-0.03896323113079822,0.055419921875,0.0,-0.387939453125,-0.17428653634093783,-0.0008320509594350965,-4.827872014711004e-05,6667.628674361835,False,True,True,Omega_safe_one_step_QP,False,0.33251953125,0.0,11.9491193042544,False,False,False
418,-52.02585069523684,-2644.4540876824904,10.198315199186938,5.040412491658459,37.55595372130591,23.537943766959717,0.2,0.0,0.0,25.30925388192204,50.22820322723788,208.66312476958964,218.63517113359936,0.0,0.0,0.0,0.0,-2.7755575615628914e-17,-4.163336342344337e-17,0.055419921875,0.0,nan,nan,-0.00024541205102939466,-5.0491053102162155e-05,6580.019152548344,False,True,True,Omega_safe_one_step_QP,False,0.33251953125,0.0,0.0,False,False,False,0.2,-0.18525008857250214,-0.07559772580862045,25.26315020479399,50.218203941876666,206.41650235324371,216.05205686134,-0.9262504577636719,-0.37798863649368286,-0.11447877991662947,-0.04062706177679907,-0.1144787799166296,-0.04062706177679895,0.055419921875,0.0,-0.387939453125,-0.18092817511832743,-0.00024598084989616194,-5.047484708711053e-05,6527.993301853107,False,True,True,Omega_safe_one_step_QP,False,0.33251953125,0.0,12.14740680137779,False,False,False
419,-23.451672398161463,-2667.905760080652,10.00296678845216,6.456068087413902,42.77148403578212,23.929397792526444,0.2,0.0,0.0,25.316696768774566,50.229260595914276,207.18095691167414,218.37386728362628,0.0,0.0,0.0,0.0,1.249000902703301e-16,9.020562075079397e-17,0.055419921875,0.0,nan,nan,0.0008740215673616086,-2.1917963715702496e-05,6521.3011901167,False,True,True,Omega_safe_one_step_QP,False,0.33251953125,0.0,0.0,False,False,False,0.2,-0.17472049593925476,-0.06827729195356369,25.268953816183824,50.21900207819445,206.11392245570704,216.24668009018237,-0.8736024498939514,-0.34138643741607666,-0.1059536328965234,-0.03661669487624969,-0.10595363289652342,-0.0366166948762496,0.055419921875,0.0,-0.387939453125,-0.1732560185597745,0.0008728757836660795,-2.1880617166173365e-05,6497.849517718539,False,True,True,Omega_safe_one_step_QP,False,0.33251953125,0.0,11.210242935651127,False,False,False
420,66.529407175497,-2601.376352905155,9.849510157454429,6.386716433336721,35.473778398686385,24.93644042106235,0.2,0.0,0.0,25.33970221347114,50.230656780798256,202.62683812837452,217.47592409159256,0.0,0.0,0.0,0.0,-6.938893903907228e-17,1.0234868508263162e-16,0.055419921875,0.0,nan,nan,0.0007977478560495881,-2.1124657860814404e-05,6396.5103772043185,False,True,True,Omega_safe_one_step_QP,False,0.33251953125,0.0,0.0,False,False,False,0.2,-0.12422626465559006,-0.03647675737738609,25.291272971608254,50.22031550715478,205.30768276233616,217.07499670974903,-0.6211313009262085,-0.18238379061222076,-0.06984594330555238,-0.01959874291985765,-0.06984594330555233,-0.019598742919857776,0.055419921875,0.0,-0.387939453125,-0.13018432452832188,0.0007959270507999676,-2.1184916329486728e-05,6463.0397843798155,False,True,True,Omega_safe_one_step_QP,False,0.33251953125,0.0,7.254354912934104,False,False,False
421,99.38447447740418,-2501.9918784277506,8.852136094093463,5.283118479039544,37.80759763438598,25.50360718235902,0.2,0.0,0.0,25.357792891842777,50.23135839011078,199.04977768853539,216.74673180485937,0.0,0.0,0.0,0.0,0.0,1.9949319973733282e-17,0.26014284641297625,-0.05033574002966734,nan,nan,0.0012748763833174835,-8.743876997002221e-06,6205.864223220377,True,True,True,Z_mode_existing_controller,False,0.05060201485354432,0.0,0.0,False,False,False,0.2,-0.09765243530273438,-0.0027610757388174534,25.31170490438552,50.2214816053125,203.15337477953977,217.91932060851832,-0.4882621765136719,-0.01380537822842598,-0.05095653547911856,-0.003134328007105603,-0.050956535479118686,-0.0031343280071054642,0.055419921875,0.0,-0.387939453125,-0.012535773532884866,0.001266968636438665,-9.370378751855264e-06,6305.248697697782,False,True,True,Omega_safe_one_step_QP,False,0.33251953125,0.0,5.105284047034802,False,False,False
422,219.19363400704333,-2282.7982444207073,10.363976220193875,4.2879652091583385,37.92309606908791,27.638913931282143,0.2,0.0,0.0,25.380079990462537,50.23175063584696,194.6490857893239,215.82383884114006,0.0,0.0,0.0,0.0,-5.0306980803327406e-17,1.734723475976807e-17,0.26014284641297625,-0.05033574002966734,nan,nan,-0.0008419897612419937,7.656663634697351e-05,6257.534914340504,True,True,True,Z_mode_existing_controller,False,0.05060201485354432,0.0,0.0,False,False,False,0.2,0.019628828391432762,-0.04499824345111847,25.337384710642603,50.222507966464086,203.70093256031006,215.6640689845624,0.09814413636922836,-0.22499121725559235,0.005280778670032307,-0.015379178566711517,0.005280778670032404,-0.0153791785667115,0.055419921875,0.0,0.20046933525479452,-0.33251953125,-0.0008391927565853095,7.700263597643867e-05,6476.728548347547,False,True,True,Omega_safe_one_step_QP,False,0.33251953125,0.0,1.626055831601949,False,False,False
423,27.00783631554441,-2255.790408105163,10.081473225045983,5.764760708740915,38.157442984351555,21.348787782268325,0.2,0.0,0.0,25.366973308515348,50.233165029121295,197.2138134286005,216.4474263315277,0.0,0.0,0.0,0.0,-6.938893903907228e-17,8.218252467440124e-17,0.26014284641297625,-0.05033574002966734,nan,nan,0.00029594253116355606,-0.00011612902082312922,6290.038503371357,True,True,True,Z_mode_existing_controller,False,0.05060201485354432,0.0,0.0,False,False,False,0.2,-0.122677281498909,-0.0890488401055336,25.33182472573535,50.22540354777245,198.32437159957692,213.48026302433342,-0.6133863925933838,-0.4452441930770874,-0.05908838687002635,-0.04109103926227513,-0.05908838687002631,-0.04109103926227503,0.055419921875,0.0,-0.387939453125,-0.32182517913078657,0.00029595736869056236,-0.00011578787467521161,6317.046339686902,False,True,True,Omega_safe_one_step_QP,False,0.33251953125,0.0,7.197159836043467,False,False,False
424,54.977496410496315,-2200.8129116946666,9.700478337478913,7.245826369061434,38.29972235200909,25.385757731768077,0.2,0.0,0.0,25.37305265906994,50.23112024982695,196.03695337862965,216.0729776047208,0.0,0.0,0.0,0.0,-1.5612511283791264e-17,-9.454242944073599e-17,0.26014284641297625,-0.05033574002966734,nan,nan,0.0014764718862046936,1.0359916546428746e-06,6221.456527834758,True,True,True,Z_mode_existing_controller,False,0.05060201485354432,0.0,0.0,False,False,False,0.2,-0.0990644320845604,0.02282590977847576,25.338947754997005,50.223646813592936,198.21370701275998,218.10875116472693,-0.4953221380710602,0.11412954330444336,-0.04634282897860746,0.009218332861234281,-0.04634282897860747,0.009218332861234323,0.055419921875,0.0,-0.387939453125,0.10215655488291704,0.0014751488402332512,9.79129121703691e-07,6276.4340242452545,False,True,True,Omega_safe_one_step_QP,False,0.33251953125,0.0,4.72507720411103,False,False,False
425,191.95452988434226,-2008.8583818103243,10.522778366500043,5.304578430058552,36.64611448212169,22.29160878149962,0.2,0.0,0.0,25.395872715327226,50.23124143224151,191.53438734624487,215.11274650441013,0.0,0.0,0.0,0.0,2.0816681711721685e-17,-1.0581813203458523e-16,0.26014284641297625,-0.05033574002966734,nan,nan,-0.0004565863431739645,-8.79891168603271e-05,6198.206093333009,True,True,True,Z_mode_existing_controller,False,0.05060201485354432,0.0,0.0,False,False,False,0.2,0.020176175981760025,-0.05246112495660782,25.363650575120737,50.224075022591435,199.43227008595403,215.84584050475448,0.10088087618350983,-0.2623056173324585,0.014608607804663765,-0.003185566328333639,0.014608607804663828,-0.00318556632833377,0.26014284641297625,-0.05033574002966734,0.27960402185595823,-0.10093775488321166,-0.00045217723614093125,-8.749061601941166e-05,6390.160623217352,True,True,True,Z_mode_existing_controller,False,0.05060201485354432,0.0,1.4951898034119318,False,False,False
426,152.9104600230521,-1855.9479217872722,12.939482645105755,5.982629409675188,39.290498029414806,24.38053266010268,0.2,0.0,0.0,25.38597265702191,50.22888292414007,193.51136264175292,215.39387477840276,0.0,0.0,0.0,0.0,1.1449174941446927e-16,7.28583859910259e-17,0.26014284641297625,-0.05033574002966734,nan,nan,-0.002368961922644998,1.8083935702690145e-05,6493.106295237158,True,True,True,Z_mode_existing_controller,False,0.05060201485354432,0.0,0.0,False,False,False,0.2,0.02280030958354473,-0.014192785136401653,25.360344729566034,50.22298378825655,199.55358440850742,216.17925252759173,0.11400154232978821,-0.07096392661333084,0.0070643495283395155,-0.0009489318360826407,0.007064349528339439,-0.0009489318360825694,0.26014284641297625,-0.05033574002966734,0.31074486126652057,-0.08183458971211557,-0.0023497426490709733,2.0464920872897453e-05,6646.01675526021,True,True,True,Z_mode_existing_controller,False,0.05060201485354432,0.0,0.7127798109379989,False,False,False
427,-42.58723028684108,-1898.5351520741133,9.591119871201709,5.2341819711530775,41.473010065740894,23.29431442966339,0.2,0.0,0.0,25.34902909406436,50.22895898341598,200.79098586286406,216.94755043062463,0.0,0.0,0.0,0.0,5.551115123125783e-17,3.5561831257524545e-17,0.26014284641297625,-0.05033574002966734,nan,nan,0.0005818049216684401,-5.218139866829032e-05,6324.467641378644,True,True,True,Z_mode_existing_controller,False,0.05060201485354432,0.0,0.0,False,False,False,0.2,-0.12638859450817108,-0.04625314846634865,25.328688372128262,50.22406368805915,198.96582602814215,215.44975501493997,-0.6319429874420166,-0.23126573860645294,-0.06206259895014611,-0.022277252212598457,-0.06206259895014606,-0.022277252212598492,0.055419921875,0.0,-0.387939453125,-0.1622517211748626,0.0005819255263128272,-5.201788794810102e-05,6281.880411091803,False,True,True,Omega_safe_one_step_QP,False,0.33251953125,0.0,6.593968573317879,False,False,False
428,-29.010225546941,-1927.5453776210543,8.316003638234664,3.8175100905019823,42.64926911478627,21.979987029890086,0.2,0.0,0.0,25.36236758617672,50.22875989368471,198.16136349479905,216.36894301434037,0.0,0.0,0.0,0.0,-4.163336342344337e-17,-1.1633489310769463e-16,0.26014284641297625,-0.05033574002966734,nan,nan,0.0012522694733745861,-0.00010688116792911123,6128.823704461298,True,True,True,Z_mode_existing_controller,False,0.05060201485354432,0.0,0.0,False,False,False,0.2,-0.12816384434700012,0.00217043305747211,25.340635382628342,50.223630928944445,196.82282976713773,217.128723146045,-0.6408191919326782,0.010852164588868618,-0.05991217509345546,-0.00014883916376849313,-0.05991217509345553,-0.00014883916376861282,0.055419921875,0.0,-0.387939453125,0.007508216133364585,0.001252137965631247,-0.00010665776398992906,6099.813478914357,False,True,True,Omega_safe_one_step_QP,False,0.33251953125,0.0,5.991235997292659,False,False,False
429,136.8700110728978,-1790.6753665481565,10.12852596872073,5.660715103038461,40.196626979915074,26.98067763604029,0.2,0.0,0.0,25.383588805283058,50.22705921824882,193.99542742955268,215.37586769840348,0.0,0.0,0.0,0.0,-1.3877787807814457e-17,-1.0408340855860843e-16,0.26014284641297625,-0.05033574002966734,nan,nan,0.00024267442442500124,6.220875252066667e-05,6216.680569853723,True,True,True,Z_mode_existing_controller,False,0.05060201485354432,0.0,0.0,False,False,False,0.2,0.026338865980505943,-0.004265602212399244,25.360860983255918,50.22171180413952,199.6578870802741,216.13121329871703,0.13169433176517487,-0.02132800966501236,0.008163023668542012,-0.00048240799357646136,0.008163023668542053,-0.0004824079935763586,0.26014284641297625,-0.05033574002966734,0.31074486126652057,-0.05853078026681698,0.00024321427236469618,6.234034214028846e-05,6353.550580926621,True,True,True,Z_mode_existing_controller,False,0.05060201485354432,0.0,0.8177265611770603,False,False,False
430,135.6280501477022,-1655.0473164004543,12.25508466794498,5.215268703423746,40.48576796981083,22.1800806076594,0.2,0.0,0.0,25.386225677166742,50.228098059518906,193.4609333030656,215.31592910477295,0.0,0.0,0.0,0.0,-1.3357370765021415e-16,1.2663481374630692e-16,0.26014284641297625,-0.05033574002966734,nan,nan,-0.0021789609981692367,-5.187057681429411e-05,6421.9364614676315,True,True,True,Z_mode_existing_controller,False,0.05060201485354432,0.0,0.0,False,False,False,0.2,0.04556303471326828,-0.04031086340546608,25.368185718038415,50.22364823054865,198.89868857815887,215.74101672938022,0.2278151661157608,-0.2015543133020401,0.014126537101114493,-0.0025009271625939453,0.01412653710111441,-0.002500927162593965,0.26014284641297625,-0.05033574002966734,0.31074486126652057,-0.09510472703062721,-0.002166349523005086,-5.025507400873309e-05,6557.564511615334,True,True,True,Z_mode_existing_controller,False,0.05060201485354432,0.0,1.4346208110220697,False,False,False
431,-65.74203155659052,-1720.7893479570448,10.433101267887139,4.889828115784255,36.36196333334678,26.35138872389044,0.2,0.0,0.0,25.35209291572786,50.22676984527636,200.20296768502766,216.67405044100812,0.0,0.0,0.0,0.0,-9.020562075079397e-17,1.1449174941446927e-16,0.26014284641297625,-0.05033574002966734,nan,nan,-0.0006077311297750837,3.277743459636703e-05,6400.048587044597,True,True,True,Z_mode_existing_controller,False,0.05060201485354432,0.0,0.0,False,False,False,0.2,-0.12760348618030548,-0.0343206524848938,25.33872111020637,50.223218367584074,197.44357513027938,215.59201476734236,-0.6380174160003662,-0.171603262424469,-0.0605198627754049,-0.01644064357297747,-0.06051986277540504,-0.016440643572977334,0.055419921875,0.0,-0.387939453125,-0.11924739276945577,-0.0006082393563273669,3.258746233810936e-05,6334.306555488007,False,True,True,Omega_safe_one_step_QP,False,0.33251953125,0.0,6.271322469342112,False,False,False
432,-94.89979409849275,-1815.6891420555376,8.035343590544041,4.5125231141523106,42.108748203115645,23.640032479485008,0.2,0.0,0.0,25.34710869816691,50.22818486529953,201.16645254336078,216.9556905402166,0.0,0.0,0.0,0.0,-6.938893903907228e-17,-4.163336342344337e-17,0.055419921875,0.0,nan,nan,0.0018509173320084263,-6.358093854122362e-05,6169.542707745551,False,True,True,Omega_safe_one_step_QP,False,0.33251953125,0.0,0.0,False,False,False,0.2,-0.16106213629245758,-0.03404944762587547,25.331551479594243,50.22422804461606,197.02081855870472,215.86497741799113,-0.8053106665611267,-0.17024722695350647,-0.07862357438182124,-0.01720400060859979,-0.07862357438182113,-0.017204000608599834,0.055419921875,0.0,-0.387939453125,-0.0937286823955428,0.0018564996727082823,-6.247860226776727e-05,6074.642913647058,False,True,True,Omega_safe_one_step_QP,False,0.33251953125,0.0,8.048381256820807,False,False,False
433,54.66439073409856,-1761.024751321439,8.879968317341175,4.487642924473356,36.34138729783826,21.956379556901425,0.2,0.0,0.0,25.37979691862183,50.22781885708995,194.7242393504447,215.55318402287912,0.0,0.0,0.0,0.0,-1.0625181290357943e-16,-4.5102810375396984e-17,0.26014284641297625,-0.05033574002966734,nan,nan,0.0008270499018410105,-0.00011958691449238164,6107.170569209859,True,True,True,Z_mode_existing_controller,False,0.05060201485354432,0.0,0.0,False,False,False,0.2,-0.08504589647054672,0.008528456091880798,25.361031807069494,50.223262712480775,196.98571570741194,216.6272354798742,-0.4252294898033142,0.04264228045940399,-0.020834554953542517,0.003442795006887038,-0.02083455495354266,0.0034427950068870996,0.26014284641297625,-0.05033574002966734,-0.24446123081649795,0.00026627482387698437,0.0008236323417187762,-0.00012002253420337079,6161.834959943958,True,True,True,Z_mode_existing_controller,False,0.05060201485354432,0.0,2.111709065121502,False,False,False
434,113.85012673930942,-1647.1746245821296,10.794354994945216,4.20507298443039,42.00705669404611,23.55535846401229,0.2,0.0,0.0,25.391800113410145,50.22533364452307,192.38475750698893,214.90511308661462,0.0,0.0,0.0,0.0,-2.0816681711721685e-17,-1.734723475976807e-17,0.26014284641297625,-0.05033574002966734,nan,nan,-0.0012461359933609126,-2.450025583300517e-05,6246.11192659726,True,True,True,Z_mode_existing_controller,False,0.05060201485354432,0.0,0.0,False,False,False,0.2,0.03251773118972778,-0.02876684069633484,25.374893438640374,50.22110982672669,197.05246001975235,215.34222110704584,0.16258865594863892,-0.1438342034816742,0.010076617141386367,-0.0017847526306386044,0.010076617141386256,-0.0017847526306386564,0.26014284641297625,-0.05033574002966734,0.31074486126652057,-0.09510085884168691,-0.001242320575849742,-2.40229591414896e-05,6359.96205333657,True,True,True,Z_mode_existing_controller,False,0.05060201485354432,0.0,1.0233452739259248,False,False,False
435,93.32250885321173,-1553.8521157289179,10.351466996231839,4.7578762402515755,40.386928435405586,23.35492687732133,0.2,0.0,0.0,25.370778025355158,50.22439344703835,196.53762328830018,215.73254486276966,0.0,0.0,0.0,0.0,-1.3877787807814457e-17,3.209238430557093e-17,0.26014284641297625,-0.05033574002966734,nan,nan,-0.0004925328816585983,-4.31230096892268e-05,6301.922395176904,True,True,True,Z_mode_existing_controller,False,0.05060201485354432,0.0,0.0,False,False,False,0.2,-0.018427258357405663,0.03541967272758484,25.357779408601317,50.22092138693456,200.38611597344155,216.39265326832933,-0.09213629364967346,0.1770983636379242,0.00825647924017496,0.0014338454584264873,0.008256479240174933,0.001433845458426609,0.26014284641297625,-0.05033574002966734,0.23381690014342354,0.00026627482387697743,-0.0004914103930927214,-4.2971129454316345e-05,6395.244904030115,True,True,True,Z_mode_existing_controller,False,0.05060201485354432,0.0,0.8380057412815805,False,False,False
436,87.07316006161363,-1466.7789556673042,9.080803257835733,5.453262903771714,41.66489431860746,23.541878651874928,0.2,0.0,0.0,25.364497512937092,50.223728100675814,197.78113720835253,215.95438818924197,0.0,0.0,0.0,0.0,-8.673617379884035e-17,5.941427905220564e-17,0.26014284641297625,-0.05033574002966734,nan,nan,0.0012177667934581064,-5.1433962403310725e-05,6199.27822149197,True,True,True,Z_mode_existing_controller,False,0.05060201485354432,0.0,0.0,False,False,False,0.2,-0.016831805929541588,0.04853222891688347,25.354687494666067,50.22086214955075,201.4553774071633,216.58639695593706,-0.08415903151035309,0.24266113340854645,0.011744811021478334,0.001964662874075429,0.011744811021478431,0.001964662874075501,0.26014284641297625,-0.05033574002966734,0.2425932033682007,0.00026627482387697743,0.001214059642933397,-5.1912166298487446e-05,6286.351381553583,True,True,True,Z_mode_existing_controller,False,0.05060201485354432,0.0,1.190800092958557,False,False,False
437,125.41825395726937,-1341.3607017100348,7.379811769191056,6.042618818259223,45.39204187083604,26.35346606048621,0.2,0.0,0.0,25.38490198044008,50.22309145253433,193.76370136192085,215.05422432685623,0.0,0.0,0.0,0.0,-2.7755575615628914e-17,-7.632783294297951e-17,0.26014284641297625,-0.05033574002966734,nan,nan,0.0032531241500350088,1.98082924642122e-05,5928.624557407077,True,True,True,Z_mode_existing_controller,False,0.05060201485354432,0.0,0.0,False,False,False,0.2,0.11007504910230637,0.019380822777748108,25.37805422979638,50.22079032973426,199.24993731514002,215.41103444874113,0.55037522315979,0.09690411388874054,0.0341589673328113,-0.00013329512819450912,0.0341589673328114,-0.00013329512819444493,0.26014284641297625,-0.05033574002966734,0.31074486126652057,-0.041426285161634296,0.0032396474655002126,1.789655255190429e-05,6054.042811364347,True,True,True,Z_mode_existing_controller,False,0.05060201485354432,0.0,3.415922740395734,False,False,False
438,190.34304898507798,-1151.0176527249569,10.416659115446585,5.216161946775408,40.115602375505105,23.57520946405412,0.2,0.0,0.0,25.43251605009766,50.22325771045814,184.37278381154647,213.0525327113179,0.0,0.0,0.0,0.0,8.326672684688674e-17,-1.3877787807814457e-16,0.055419921875,0.0,nan,nan,-0.0003099473860029894,-3.717622346037855e-05,6012.932189664218,False,True,True,Omega_safe_one_step_QP,False,0.33251953125,0.0,0.0,False,False,False,0.2,0.1322840005159378,-0.08480256050825119,25.429939470470977,50.22178818370096,192.36990144130056,210.93698255177605,0.6614199876785278,-0.42401278018951416,0.06294005602781783,-0.02435702157153096,0.06294005602781796,-0.024357021571530968,0.055419921875,0.0,0.387939453125,-0.21316642646898212,-0.00030635655564444086,-3.655049020614455e-05,6203.275238649296,False,True,True,Omega_safe_one_step_QP,False,0.33251953125,0.0,6.7488629802514755,False,False,False
439,74.3368030989077,-1076.6808496260492,11.665448572613105,5.431986089886344,40.460460989604016,26.544277112586837,0.2,0.0,0.0,25.41891667755612,50.22082603831351,187.07990507438276,213.48542804951077,0.0,0.0,0.0,0.0,0.0,-9.367506770274758e-17,0.055419921875,0.0,nan,nan,-0.0014485742859567195,6.994104257065665e-05,6203.271367111121,False,True,True,Omega_safe_one_step_QP,False,0.33251953125,0.0,0.0,False,False,False,0.2,0.013947916217148304,-0.18123407661914825,25.42288327697857,50.22070772964347,190.26513466340273,208.058965335058,0.06973958015441895,-0.9061703681945801,0.028105724954546343,-0.0554134186996218,0.028105724954546447,-0.05541341869962185,0.055419921875,0.0,0.08101088494861,-0.33251953125,-0.001444235235637567,7.075742191142102e-05,6277.608170210029,False,True,True,Omega_safe_one_step_QP,False,0.33251953125,0.0,6.2133555726356295,False,False,False
440,-97.49682064968329,-1174.1776702757325,10.349325177910384,3.650616924160638,39.365964623423686,23.61966977721713,0.2,0.0,0.0,25.39048412701053,50.22096336158078,192.68097808644174,214.6841389176397,0.0,0.0,0.0,0.0,1.0408340855860843e-17,2.7755575615628914e-17,0.26014284641297625,-0.05033574002966734,nan,nan,-0.0011542257071047873,-3.921077991094618e-05,6208.899019067101,True,True,True,Z_mode_existing_controller,False,0.05060201485354432,0.0,0.0,False,False,False,0.2,-0.1194935068488121,0.0020582047291100025,25.397081803477025,50.22152303579771,188.61654288574948,214.721156974728,-0.5974675416946411,0.010291023179888725,-0.038902297457953004,-3.725294723817829e-06,-0.038902297457952865,-3.725294723932321e-06,0.26014284641297625,-0.05033574002966734,-0.32560894130464346,-0.04024651316405688,-0.001155589836252582,-3.940229810939916e-05,6111.402198417418,True,True,True,Z_mode_existing_controller,False,0.05060201485354432,0.0,3.8902297636320577,False,False,False
441,-138.87033507045362,-1313.048005346186,7.3365608743814015,5.294213329616629,42.93737692106831,25.32495435677815,0.2,0.0,0.0,25.371098902178243,50.2197870476637,196.51393983815933,215.42967988564467,0.0,0.0,0.0,0.0,-6.591949208711867e-17,-5.377642775528102e-17,0.26014284641297625,-0.05033574002966734,nan,nan,0.0029356385290190143,-1.9650162375615954e-05,5988.434162768267,True,True,True,Z_mode_existing_controller,False,0.05060201485354432,0.0,0.0,False,False,False,0.2,-0.18408702313899994,-0.0012997493613511324,25.374360547469276,50.21969043260272,190.41169424763572,215.20659794082405,-0.9204350709915161,-0.006498746573925018,-0.06004976970543406,-0.00262436529481197,-0.060049769705434033,-0.0026243652948120325,0.26014284641297625,-0.05033574002966734,-0.32560894130464346,-0.05447144986414816,0.002950332587304409,-1.748828153597462e-05,5849.563827697813,True,True,True,Z_mode_existing_controller,False,0.05060201485354432,0.0,6.010708889038186,False,False,False
442,21.21544250264469,-1291.8325628435414,8.224223310494917,5.822612689193178,41.537663324453135,26.295765187551865,0.2,0.0,0.0,25.416235288090412,50.21960018743403,187.61562507931893,213.5129054371387,0.0,0.0,0.0,0.0,-5.551115123125783e-17,7.632783294297951e-17,0.055419921875,0.0,nan,nan,0.0022653144936707237,2.0853370185282098e-05,5871.894694221986,False,True,True,Omega_safe_one_step_QP,False,0.33251953125,0.0,0.0,False,False,False,0.2,0.001745066954754293,-0.0742017924785614,25.414765004617372,50.21857834726517,188.58710241357826,211.28157107921598,0.008725334890186787,-0.371008962392807,0.010097448309795212,-0.02264759683769036,0.010097448309795254,-0.022647596837690444,0.055419921875,0.0,0.06324006780964728,-0.33251953125,0.0022637443629630657,2.0643457808823713e-05,5893.110136724631,False,True,True,Omega_safe_one_step_QP,False,0.33251953125,0.0,2.479661478693325,False,False,False
443,64.53148637144932,-1227.301076472092,10.313874552803682,5.883682781909158,40.296096949520624,24.891771483081126,0.2,0.0,0.0,25.44395790721028,50.2188425364583,182.1569352256263,212.29796605596133,0.0,0.0,0.0,0.0,1.3877787807814457e-16,6.245004513516506e-17,0.055419921875,0.0,nan,nan,0.0001817269081018551,1.7512256268552295e-06,5948.831833821167,False,True,True,Omega_safe_one_step_QP,False,0.33251953125,0.0,0.0,False,False,False,0.2,0.05515254661440849,0.030991708859801292,25.443258909156647,50.218036571486124,184.822067441274,213.5612795080839,0.27576273679733276,0.1549585461616516,0.028504940075641805,0.012491906889236945,0.028504940075641833,0.012491906889237011,0.055419921875,0.0,0.387939453125,0.18685172553764445,0.00018274991213744528,1.8109846797323761e-06,6013.363320192616,False,True,True,Omega_safe_one_step_QP,False,0.33251953125,0.0,3.112200742955534,False,False,False
444,-1.1544286656217082,-1228.4555051377138,9.488181697824787,7.190212000491064,44.042884056828846,24.62880701476394,0.2,0.0,0.0,25.43591429959138,50.21685745129752,183.76355616450496,212.5214983877979,0.0,0.0,0.0,0.0,-4.163336342344337e-17,-6.938893903907228e-17,0.055419921875,0.0,nan,nan,0.0017874264431789236,-3.071448245258075e-06,5905.326114275308,False,True,True,Omega_safe_one_step_QP,False,0.33251953125,0.0,0.0,False,False,False,0.2,0.011219273321330547,-0.002026941394433379,25.43739383522361,50.21644296759408,183.7180808475993,212.4420397622243,0.05609636753797531,-0.01013470720499754,0.005666173357830595,-0.0002465478939124438,0.005666173357830706,-0.00024654789391238136,0.055419921875,0.0,0.387939453125,-0.060074978391584107,0.0017874514809249169,-3.064044069255728e-06,5904.171685609686,False,True,True,Omega_safe_one_step_QP,False,0.33251953125,0.0,0.5671534746872526,False,False,False
445,4.1762591844371855,-1224.2792459532766,7.413328437055188,4.36254287202415,42.62820976455651,23.46748988120139,0.2,0.0,0.0,25.45329089823109,50.21503056715833,180.35703808122827,211.68339815827932,0.0,0.0,0.0,0.0,8.326672684688674e-17,-4.85722573273506e-17,0.055419921875,0.0,nan,nan,0.0025146071938115695,-6.942916228077408e-05,5623.687136582617,False,True,True,Omega_safe_one_step_QP,False,0.33251953125,0.0,0.0,False,False,False,0.2,0.014612271450459957,-0.006819141563028097,25.454730258562257,50.21461111056925,180.54765644410298,211.47239316378347,0.07306135445833206,-0.03409570828080177,0.007875322284135039,-0.001588700719961117,0.00787532228413515,-0.0015887007199612488,0.055419921875,0.0,0.387939453125,-0.15517763708079213,0.002514358097052038,-6.947416998031013e-05,5627.8633957670545,False,True,True,Omega_safe_one_step_QP,False,0.33251953125,0.0,0.8033969819248779,False,False,False
446,59.62241322952559,-1164.656832723751,8.136140952527079,5.385984373723172,43.422447327823384,24.648509248947587,0.2,0.0,0.0,25.47876325031575,50.211352470430064,175.3763244130565,210.40263655569208,0.0,0.0,0.0,0.0,-1.1102230246251565e-16,8.326672684688674e-17,0.055419921875,0.0,nan,nan,0.0022185416963886014,-2.0859254470004772e-05,5577.041331004785,False,True,True,Omega_safe_one_step_QP,False,0.33251953125,0.0,0.0,False,False,False,0.2,0.02760881558060646,-0.09199724346399307,25.48034965603337,50.21096843498305,178.03450540576864,207.83386237542877,0.138044074177742,-0.45998620986938477,0.03277442602837491,-0.025136206908861404,0.03277442602837502,-0.025136206908861515,0.055419921875,0.0,0.15521063374371064,-0.33251953125,0.002214793879609148,-2.128292753909508e-05,5636.663744234311,False,True,True,Omega_safe_one_step_QP,False,0.33251953125,0.0,4.130365479294205,False,False,False
447,76.48296417688016,-1088.1738685468708,12.473317817356428,5.08075978361019,42.8392402877805,26.67144520524193,0.2,0.0,0.0,25.495686188154497,50.20788203202185,172.0785793697672,209.49327324408227,0.0,0.0,0.0,0.0,-2.7755575615628914e-17,5.551115123125783e-17,0.055419921875,0.0,nan,nan,-0.0024851755571622,9.061664935483722e-05,5907.308899437731,False,True,True,Omega_safe_one_step_QP,False,0.33251953125,0.0,0.0,False,False,False,0.2,0.021096697077155113,-0.11948619037866592,25.499364644479137,50.2079867141886,175.25713076251228,206.22923674200436,0.10548347979784012,-0.597430944442749,0.04209067996277158,-0.03148867875865355,0.042090679962771466,-0.031488678758653535,0.055419921875,0.0,0.11413016948426173,-0.33251953125,-0.002478443776648458,9.182081968392951e-05,5983.791863614611,False,True,True,Omega_safe_one_step_QP,False,0.33251953125,0.0,5.2565789537437215,False,False,False
448,-135.3487923579014,-1223.5226609047722,10.271532000537746,4.012508701917184,40.299489394792104,23.792609807326635,0.2,0.0,0.0,25.439336247197048,50.20613812997899,183.2053607900868,211.7640428517486,0.0,0.0,0.0,0.0,9.71445146547012e-17,-1.3877787807814457e-17,0.055419921875,0.0,nan,nan,-0.000840757587593685,-3.1590136799443044e-05,5971.554564255775,False,True,True,Omega_safe_one_step_QP,False,0.33251953125,0.0,0.0,False,False,False,0.2,-0.163100466132164,0.05310946702957153,25.445676634991006,50.20686575573762,177.47708655822248,214.69417307138207,-0.8155022859573364,0.26554733514785767,-0.04172441002023308,0.031219533546765533,-0.04172441002023297,0.031219533546765408,0.055419921875,0.0,-0.387939453125,0.14436856415685295,-0.0008428333359034022,-3.1991346977220704e-05,5836.205771897874,False,True,True,Omega_safe_one_step_QP,False,0.33251953125,0.0,5.211128156564699,False,False,False
449,-127.87454345970673,-1351.397204364479,9.40132551314707,3.2976242114937833,37.75154167960981,27.128714473424836,0.2,0.0,0.0,25.41686038393545,50.20368217400987,187.6626664771935,212.5693744855682,0.0,0.0,0.0,0.0,-1.249000902703301e-16,-4.163336342344337e-17,0.055419921875,0.0,nan,nan,-0.0003164028516453015,4.8486518747651534e-05,5993.146723062717,False,True,True,Omega_safe_one_step_QP,False,0.33251953125,0.0,0.0,False,False,False,0.2,-0.15575416386127472,-0.007601784076541662,25.41850718136149,50.20340129581794,182.2248757198445,212.76882363105457,-0.7787708044052124,-0.0380089208483696,-0.04825751427810698,0.002479454163139251,-0.048257514278107067,0.002479454163139355,0.055419921875,0.0,-0.387939453125,-0.021638729607654675,-0.0003137222593209971,4.892212668715888e-05,5865.27217960301,False,True,True,Omega_safe_one_step_QP,False,0.33251953125,0.0,4.832116903851573,False,False,False
450,-131.85438540832274,-1483.2515897728017,8.354838460072557,5.164723043255878,48.178626432889466,22.644118497876867,0.2,0.0,0.0,25.405943658843427,50.203526185566595,189.81417129802395,213.01446493878427,0.0,0.0,0.0,0.0,-3.469446951953614e-17,8.326672684688674e-17,0.055419921875,0.0,nan,nan,0.0019685354337439782,-6.675509025944352e-05,5936.559370441412,False,True,True,Omega_safe_one_step_QP,False,0.33251953125,0.0,0.0,False,False,False,0.2,-0.1763576716184616,0.0013531728181988,25.403222494746103,50.20238028060297,184.08156183345395,213.7230631053873,-0.8817883729934692,0.006765863858163357,-0.05998350207001441,0.006196129376686132,-0.05998350207001454,0.006196129376686017,0.055419921875,0.0,-0.387939453125,0.0034018472201285573,0.001976306298006842,-6.557307188558579e-05,5804.7049850330895,False,True,True,Omega_safe_one_step_QP,False,0.33251953125,0.0,6.030267440036207,False,False,False
451,-7.631672796770545,-1490.8832625695723,7.792624993147335,5.182384321182664,36.95619715082613,27.186596981715915,0.2,0.0,0.0,25.431080951009708,50.2013999522573,184.88125593809374,211.83314948081096,0.0,0.0,0.0,0.0,2.7755575615628914e-17,1.1796119636642288e-16,0.055419921875,0.0,nan,nan,0.0023337242143269205,2.913794813478275e-05,5766.846199772863,False,True,True,Omega_safe_one_step_QP,False,0.33251953125,0.0,0.0,False,False,False,0.2,-0.05027518421411514,-0.027487505227327347,25.42384707478431,50.199344717769705,184.54614233034772,211.0563972694017,-0.2513759136199951,-0.13743752241134644,-0.01507562067857339,-0.010068547794000952,-0.015075620678573348,-0.010068547794001084,0.055419921875,0.0,-0.387939453125,-0.24240275452785978,0.0023336291252946725,2.922373070825832e-05,5759.214526976092,False,True,True,Omega_safe_one_step_QP,False,0.33251953125,0.0,1.8128706338961846,False,False,False
452,43.54178978057462,-1447.3414727889976,7.578451412809236,3.4035114725479696,41.95178797351603,22.690101189457803,0.2,0.0,0.0,25.45762257214947,50.20043130490855,179.65787547577273,210.65635464337717,0.0,0.0,0.0,0.0,0.0,9.71445146547012e-17,0.055419921875,0.0,nan,nan,0.001920689109606839,-9.222445890464228e-05,5624.602426954952,False,True,True,Omega_safe_one_step_QP,False,0.33251953125,0.0,0.0,False,False,False,0.2,0.001634262502193451,0.02916398085653782,25.4501470078742,50.198350873710524,181.50811445558,212.0230019367741,0.008171312510967255,0.14581990242004395,0.006235916049243284,0.0112667094722924,0.006235916049243145,0.011266709472292455,0.055419921875,0.0,0.07405332462759427,0.33251953125,0.0019162159022148486,-9.299022699234836e-05,5668.144216735526,False,True,True,Omega_safe_one_step_QP,False,0.33251953125,0.0,1.287732081243049,False,False,False
453,75.25911276543411,-1372.0823600235635,9.522940721258882,4.355805980203837,34.93437607734601,24.385702937127586,0.2,0.0,0.0,25.47365149613527,50.19622708812549,176.54501282297164,209.74430118787024,0.0,0.0,0.0,0.0,-5.551115123125783e-17,-2.7755575615628914e-17,0.055419921875,0.0,nan,nan,3.784101787781494e-05,-4.185603561136656e-05,5739.755953420159,False,True,True,Omega_safe_one_step_QP,False,0.33251953125,0.0,0.0,False,False,False,0.2,0.022848261520266533,-0.06600482016801834,25.467639246691,50.19439218809672,179.75881145859896,208.16086835183742,0.11424130946397781,-0.3300240933895111,0.02272382172262502,-0.017763563265689966,0.022723821722624993,-0.01776356326569005,0.055419921875,0.0,0.17052504891355064,-0.33251953125,3.7032281300625365e-05,-4.190355724579837e-05,5815.015066185593,False,True,True,Omega_safe_one_step_QP,False,0.33251953125,0.0,2.8842958474744207,False,False,False
454,65.96785871130487,-1306.1145013122587,10.501797624787763,4.9461248536466424,39.13072539150769,25.947735437665173,0.2,0.0,0.0,25.458875665385005,50.19255783180419,179.49863229746606,210.1587169946755,0.0,0.0,0.0,0.0,1.1102230246251565e-16,1.457167719820518e-16,0.055419921875,0.0,nan,nan,-0.0005860535959469498,3.1157218736799046e-05,5904.411988008223,False,True,True,Omega_safe_one_step_QP,False,0.33251953125,0.0,0.0,False,False,False,0.2,0.03419971466064453,-0.059425897896289825,25.455480000021172,50.19128375016567,182.27787155904113,208.6540675330784,0.17099857330322266,-0.29712948203086853,0.023542379015589948,-0.016192750280553156,0.023542379015589865,-0.016192750280553184,0.055419921875,0.0,0.24678552997549236,-0.33251953125,-0.0005843235582738619,3.1421633700311636e-05,5970.379846719527,False,True,True,Omega_safe_one_step_QP,False,0.33251953125,0.0,2.8573567704471796,False,False,False
455,22.678762782095873,-1283.4357385301628,9.5289297857416,5.8718154310324975,38.36883660912497,24.864338704212223,0.2,0.0,0.0,25.437195182268695,50.19081691410405,183.7907308165178,210.96988711907426,0.0,0.0,0.0,0.0,2.7755575615628914e-17,1.1796119636642288e-16,0.055419921875,0.0,nan,nan,0.0009144795547434215,-1.570898401804556e-05,5912.834237917576,False,True,True,Omega_safe_one_step_QP,False,0.33251953125,0.0,0.0,False,False,False,0.2,-0.015679312869906425,-0.09443078935146332,25.436091598362562,50.19003686697996,184.81386653273464,208.3729268697406,-0.07839655876159668,-0.4721539318561554,0.01049911462273441,-0.02643257972905834,0.010499114622734507,-0.02643257972905831,0.055419921875,0.0,0.0002082922610769991,-0.33251953125,0.0009141496024035012,-1.5570076256393034e-05,5935.5130006996715,False,True,True,Omega_safe_one_step_QP,False,0.33251953125,0.0,2.8441390243698526,False,False,False
456,35.697865274444666,-1247.7378732557181,10.167051269764709,5.361224941135927,38.80423429706132,26.058967690992223,0.2,0.0,0.0,25.441577755048637,50.188809634790715,182.9479557911252,210.6690129861814,0.0,0.0,0.0,0.0,1.249000902703301e-16,6.938893903907228e-17,0.055419921875,0.0,nan,nan,-4.332452204068148e-06,2.941131138767131e-05,5955.520257410551,False,True,True,Omega_safe_one_step_QP,False,0.33251953125,0.0,0.0,False,False,False,0.2,0.01709914021193981,-0.06572773307561874,25.441303859795536,50.18827074920192,184.48876014228452,208.8759510736382,0.08549569547176361,-0.32863864302635193,0.017282064096728403,-0.018186819467961385,0.017282064096728528,-0.018186819467961385,0.055419921875,0.0,0.1419252343511024,-0.33251953125,-3.959513783298018e-06,2.9525893038155875e-05,5991.218122684995,False,True,True,Omega_safe_one_step_QP,False,0.33251953125,0.0,2.5088446380827465,False,False,False
457,-33.25290816674169,-1280.9907814224598,8.832956445772487,3.7153382948904454,36.00757148459167,21.90747589698767,0.2,0.0,0.0,25.43148711208591,50.187579193429485,184.94925656672316,211.02025811741098,0.0,0.0,0.0,0.0,9.71445146547012e-17,-2.0816681711721685e-17,0.055419921875,0.0,nan,nan,0.0005036004533841834,-0.00012069048031144655,5873.114819689437,False,True,True,Omega_safe_one_step_QP,False,0.33251953125,0.0,0.0,False,False,False,0.2,-0.050815045833587646,-0.04869522526860237,25.43246909831172,50.18734016917218,183.5604481581161,209.58836469040014,-0.25407522916793823,-0.24347612261772156,-0.009559560084575675,-0.01422097783476891,-0.009559560084575716,-0.014220977834768812,0.055419921875,0.0,-0.2915749863080544,-0.33251953125,0.0005049528569874662,-0.00012025954573024978,5839.861911522696,False,True,True,Omega_safe_one_step_QP,False,0.33251953125,0.0,1.713538443069199,False,False,False
458,-10.894487429716719,-1291.8852688521765,9.804406963235188,4.409536912919593,38.237335462218866,23.5306018614691,0.2,0.0,0.0,25.430674363915475,50.18366072206269,185.15316306389082,210.8330555943368,0.0,0.0,0.0,0.0,-1.249000902703301e-16,0.0,0.055419921875,0.0,nan,nan,-0.00016097999425069426,-5.2930407995053184e-05,5973.793170480979,False,True,True,Omega_safe_one_step_QP,False,0.33251953125,0.0,0.0,False,False,False,0.2,-0.09157883375883102,-0.18915240466594696,25.430549344643413,50.183249380499596,184.82473103774828,205.59598307041298,-0.4578941762447357,-0.945762038230896,-0.001213862413231112,-0.052653697461917254,-0.0012138624132310843,-0.05265369746191727,0.055419921875,0.0,-0.10557063453736787,-0.33251953125,-0.00016094511960101053,-5.223111887544662e-05,5962.898683051262,False,True,True,Omega_safe_one_step_QP,False,0.33251953125,0.0,5.26676876117547,False,False,False
459,-77.18812412786156,-1369.073392980038,10.466485522678326,5.361899202495952,43.85703228264785,26.663956438460023,0.2,0.0,0.0,25.420073218243573,50.18113925694154,187.27029475379678,211.13481449458018,0.0,0.0,0.0,0.0,-5.551115123125783e-17,6.245004513516506e-17,0.055419921875,0.0,nan,nan,-0.0001749150757009866,7.140246317025815e-05,6089.331237055753,False,True,True,Omega_safe_one_step_QP,False,0.33251953125,0.0,0.0,False,False,False,0.2,-0.16702841222286224,-0.19711418449878693,25.419684254783473,50.180839156789176,184.18385882249493,205.63121758046185,-0.8351420164108276,-0.9855709075927734,-0.02935551141170313,-0.05550060937994092,-0.029355511411703214,-0.055500609379941016,0.055419921875,0.0,-0.22634675807755172,-0.33251953125,-0.0001763048506291569,7.145511548694358e-05,6012.143112927892,False,True,True,Omega_safe_one_step_QP,False,0.33251953125,0.0,6.278585582587388,False,False,False
460,-114.45337203655708,-1483.5267650165952,7.8928612019102635,4.570098854472185,43.129314987837404,24.106863646302777,0.2,0.0,0.0,25.411021577006558,50.18143972886423,189.04875939026513,211.52649383806016,0.0,0.0,0.0,0.0,1.1796119636642288e-16,1.1796119636642288e-16,0.055419921875,0.0,nan,nan,0.0020761398926577483,-4.5028357566842796e-05,5874.091742882681,False,True,True,Omega_safe_one_step_QP,False,0.33251953125,0.0,0.0,False,False,False,0.2,-0.16144631803035736,0.004117938224226236,25.408114431348004,50.18080540770786,184.0215786914477,212.58919586069328,-0.807231605052948,0.020589690655469894,-0.05381985141998546,0.009276676354377865,-0.0538198514199854,0.00927667635437776,0.055419921875,0.0,-0.387939453125,0.011308567080720018,0.0020848503026463716,-4.370053869691675e-05,5759.6383708461235,False,True,True,Omega_safe_one_step_QP,False,0.33251953125,0.0,5.461348854498474,False,False,False
461,64.30165234659034,-1419.2251126700048,10.28877064117319,3.8016847133161997,38.95795739760414,23.58101847006843,0.2,0.0,0.0,25.43720581991086,50.17968709168464,183.90506360938318,210.3216590549974,0.0,0.0,0.0,0.0,-2.7755575615628914e-17,2.7755575615628914e-17,0.055419921875,0.0,nan,nan,-0.001015053037522797,-4.2770962656553564e-05,5991.882315198101,False,True,True,Omega_safe_one_step_QP,False,0.33251953125,0.0,0.0,False,False,False,0.2,0.013326591812074184,-0.07368970662355423,25.4303703302891,50.178248424448554,186.62357927483424,208.54831994989667,0.0666329562664032,-0.36844852566719055,0.015746005996729318,-0.020304514065202978,0.01574600599672922,-0.02030451406520295,0.055419921875,0.0,0.11555521438130176,-0.33251953125,-0.0010139412511819864,-4.24607321359515e-05,6056.183967544692,False,True,True,Omega_safe_one_step_QP,False,0.33251953125,0.0,2.569455187920296,False,False,False
462,-28.183120055919062,-1447.4082327259239,12.397455714008647,4.689833075856845,44.95708798562183,22.874412115975964,0.2,0.0,0.0,25.412773228258015,50.177185650273046,188.7486603830083,211.2069067775067,0.0,0.0,0.0,0.0,-1.1102230246251565e-16,-1.3877787807814457e-17,0.055419921875,0.0,nan,nan,-0.0025568204042227443,-9.009122701588834e-06,6319.930917774577,False,True,True,Omega_safe_one_step_QP,False,0.33251953125,0.0,0.0,False,False,False,0.2,-0.0842287465929985,-0.09183831512928009,25.40818359274114,50.17624124986592,187.65439044675134,208.79180166758462,-0.42114371061325073,-0.45919156074523926,-0.01794745996285587,-0.026057113038562403,-0.01794745996285587,-0.026057113038562348,0.055419921875,0.0,-0.2495475995288135,-0.33251953125,-0.002558464435314722,-9.042633170427885e-06,6291.747797718658,False,True,True,Omega_safe_one_step_QP,False,0.33251953125,0.0,3.163991875815628,False,False,False
463,-111.30976574168199,-1558.7179984676059,8.347537716578934,4.306363654026676,46.541343261131914,26.15385244621728,0.2,0.0,0.0,25.369227566569503,50.17611796847663,197.34329350582456,212.97575776345752,0.0,0.0,0.0,0.0,6.938893903907228e-18,6.245004513516506e-17,0.26014284641297625,-0.05033574002966734,nan,nan,0.001528671209672477,3.19194592478169e-05,6114.2274563191,True,True,True,Z_mode_existing_controller,False,0.05060201485354432,0.0,0.0,False,False,False,0.2,-0.17439024150371552,-0.007117635104805231,25.363745652981223,50.17506957570843,192.52178855876906,212.60567137668102,-0.871951162815094,-0.03558817505836487,-0.05704123092807045,-0.0059340669359558215,-0.05704123092807035,-0.005934066935955759,0.26014284641297625,-0.05033574002966734,-0.32560894130464346,-0.074242854619405,0.0015352461938920037,3.297571102756688e-05,6002.917690577418,True,True,True,Z_mode_existing_controller,False,0.05060201485354432,0.0,5.734906430090953,False,False,False
464,-117.97766121303812,-1676.695659680644,11.494533095435566,5.464523017541943,34.69688497284432,27.255814600271968,0.2,0.0,0.0,25.394075824903457,50.17720608967105,192.42954932492162,211.9833778279687,0.0,0.0,0.0,0.0,1.3877787807814457e-17,1.1102230246251565e-16,0.26014284641297625,-0.05033574002966734,nan,nan,-0.0014133655153357027,6.51621597960862e-05,6322.010993480082,True,True,True,Z_mode_existing_controller,False,0.05060201485354432,0.0,0.0,False,False,False,0.2,-0.1730518639087677,-0.0036374174524098635,25.38481010359925,50.175422851077904,187.56498712941755,211.7928857946817,-0.8652592897415161,-0.018187087029218674,-0.05675947391418624,-0.0038819783043619258,-0.056759473914186294,-0.0038819783043618564,0.26014284641297625,-0.05033574002966734,-0.32560894130464346,-0.0626477933488249,-0.001418643822423292,6.420181888399127e-05,6204.033332267044,True,True,True,Z_mode_existing_controller,False,0.05060201485354432,0.0,5.68920700499702,False,False,False
465,-127.43402225849968,-1804.1296819391437,9.902799923396712,4.377937284743519,39.71619477168751,28.714025745602505,0.2,0.0,0.0,25.370726350571772,50.1781935726279,197.01857556459248,213.0148613422392,0.0,0.0,0.0,0.0,-7.979727989493313e-17,-8.326672684688674e-17,0.26014284641297625,-0.05033574002966734,nan,nan,-0.00024859584651855176,0.00010942778747142275,6269.1863199907575,True,True,True,Z_mode_existing_controller,False,0.05060201485354432,0.0,0.0,False,False,False,0.2,-0.1888682246208191,0.002844697330147028,25.35747937479052,50.175625167514404,191.60736446141138,213.17194020855172,-0.9443411231040955,0.014223486185073853,-0.06211316675626899,-0.0002451359199499639,-0.06211316675626907,-0.00024513591994998127,0.26014284641297625,-0.05033574002966734,-0.32560894130464346,-0.04151325784668247,-0.00024785910438374905,0.00010950656999015977,6141.752297732258,True,True,True,Z_mode_existing_controller,False,0.05060201485354432,0.0,6.211365048128579,False,False,False
466,-121.70525014120449,-1925.8349320803482,8.152058389607328,3.5454556402458732,38.53181730289064,22.142008298060492,0.2,0.0,0.0,25.3686409656427,50.18077647475669,197.39687968417923,213.23873197647882,0.0,0.0,0.0,0.0,2.0816681711721685e-17,1.3877787807814457e-17,0.26014284641297625,-0.05033574002966734,nan,nan,0.0012240385944526412,-0.00011677314287795657,6096.745792655692,True,True,True,Z_mode_existing_controller,False,0.05060201485354432,0.0,0.0,False,False,False,0.2,-0.18573522567749023,0.00048066696035675704,25.351076349997378,50.17734866403474,192.06492241314854,213.24433729171133,-0.9286761283874512,0.002403334714472294,-0.061258672227016094,-0.00159816372470295,-0.06125867222701622,-0.0015981637247030195,0.26014284641297625,-0.05033574002966734,-0.32560894130464346,-0.0488198642430535,0.0012311603488665208,-0.00011548247942856464,5975.040542514487,True,True,True,Z_mode_existing_controller,False,0.05060201485354432,0.0,6.127951574798852,False,False,False
467,-128.74340046451198,-2054.57833254486,9.107606355015566,5.135805903939824,40.3465068528032,25.849426149070144,0.2,0.0,0.0,25.388950359969066,50.178887667124826,193.41294476963236,212.27378687826942,0.0,0.0,0.0,0.0,-6.938893903907228e-18,2.7755575615628914e-17,0.26014284641297625,-0.05033574002966734,nan,nan,0.0010040292934451458,1.4569034503728734e-05,6100.495005274475,True,True,True,Z_mode_existing_controller,False,0.05060201485354432,0.0,0.0,False,False,False,0.2,-0.19131939113140106,-0.007834128104150295,25.36724547584455,50.17464395350178,187.86736195648615,211.7704721111131,-0.9565969109535217,-0.03917064145207405,-0.06327538388213871,-0.006525083800677005,-0.06327538388213862,-0.006525083800677033,0.26014284641297625,-0.05033574002966734,-0.32560894130464346,-0.07432104813188259,0.0010075861834813495,1.5228362553142399e-05,5971.751604809963,True,True,True,Z_mode_existing_controller,False,0.05060201485354432,0.0,6.361093399752806,False,False,False
468,-116.88754860916924,-2171.4658811540294,10.434482940226077,4.493315130580526,38.2220401050246,24.639409172051533,0.2,0.0,0.0,25.40267027792844,50.17901215508053,190.70435627090106,211.6969966774177,0.0,0.0,0.0,0.0,7.632783294297951e-17,8.326672684688674e-17,0.26014284641297625,-0.05033574002966734,nan,nan,-0.0007933148107792656,-1.1891619582755746e-05,6171.4004190296555,True,True,True,Z_mode_existing_controller,False,0.05060201485354432,0.0,0.0,False,False,False,0.2,-0.1735200732946396,0.0015061298618093133,25.376615320022907,50.17392252409595,185.74851813537967,211.7468409477756,-0.8676003813743591,0.007530649192631245,-0.057549649814498546,-0.0008738747373218322,-0.05754964981449849,-0.0008738747373219155,0.26014284641297625,-0.05033574002966734,-0.32560894130464346,-0.045251496792911225,-0.0007940223767091388,-1.217506016783481e-05,6054.512870420486,True,True,True,Z_mode_existing_controller,False,0.05060201485354432,0.0,5.755628419927703,False,False,False
469,-129.0545409302349,-2300.5204220842643,9.289820422061153,5.766448135866889,38.592179582832166,22.197438878119574,0.2,0.0,0.0,25.387189522347313,50.17818675276639,193.76349561969738,212.29749201664885,0.0,0.0,0.0,0.0,7.979727989493313e-17,-1.1796119636642288e-16,0.26014284641297625,-0.05033574002966734,nan,nan,0.0010993701864465224,-9.897973131816349e-05,6127.849471637987,True,True,True,Z_mode_existing_controller,False,0.05060201485354432,0.0,0.0,False,False,False,0.2,-0.19273503124713898,0.0009430052014067769,25.357215609521216,50.17231299556374,188.18615783156392,212.28657946725983,-0.9636751413345337,0.004715025890618563,-0.06408037404853016,-0.0013981891237822494,-0.0640803740485301,-0.0013981891237823674,0.26014284641297625,-0.05033574002966734,-0.32560894130464346,-0.047469800304144646,0.0011021155120502428,-9.846395074393369e-05,5998.794930707752,True,True,True,Z_mode_existing_controller,False,0.05060201485354432,0.0,6.409562598980842,False,False,False
470,-110.06419204750364,-2410.584614131768,7.353951506195891,5.885297363019161,35.28365479315137,23.33101559608192,0.2,0.0,0.0,25.402631644648622,50.176096794543334,190.7414523117464,211.52643270765262,0.0,0.0,0.0,0.0,-3.469446951953614e-17,-9.020562075079397e-17,0.26014284641297625,-0.05033574002966734,nan,nan,0.0030322283240801938,-9.856724307931095e-05,5860.004396874821,True,True,True,Z_mode_existing_controller,False,0.05060201485354432,0.0,0.0,False,False,False,0.2,-0.17416493594646454,5.328320185071789e-05,25.36830311196594,50.16935954291526,185.80392368246135,211.47388617143076,-0.8708246946334839,0.000266415998339653,-0.058064085846265975,-0.0017314085353135542,-0.05806408584626606,-0.001731408535313568,0.26014284641297625,-0.05033574002966734,-0.32560894130464346,-0.05015653788102721,0.0030391571964343876,-9.687494548696676e-05,5749.940204827318,True,True,True,Z_mode_existing_controller,False,0.05060201485354432,0.0,5.8089894479838025,False,False,False
471,147.15802388702286,-2263.426590244745,8.458865529135739,5.706647117283638,38.425633814298024,23.92280662104595,0.2,0.0,0.0,25.444573447577884,50.17355138811595,182.50068505753617,209.6145480608154,0.0,0.0,0.0,0.0,0.0,4.163336342344337e-17,0.055419921875,0.0,nan,nan,0.0019173126418414897,-5.60456916359163e-05,5777.837073252977,False,True,True,Omega_safe_one_step_QP,False,0.33251953125,0.0,0.0,False,False,False,0.2,0.07909628748893738,-0.16707299649715424,25.406488719933872,50.16607977561558,188.86458939481668,205.26564411115191,0.3954814374446869,-0.8353649973869324,0.05472190914906262,-0.04461208603423719,0.05472190914906274,-0.04461208603423722,0.055419921875,0.0,0.21284249159520421,-0.33251953125,0.001906819100657142,-5.681253462912032e-05,5924.995097139999,False,True,True,Omega_safe_one_step_QP,False,0.33251953125,0.0,7.060258891318685,False,False,False
472,157.79091283666457,-2105.6356774080805,10.515141157894464,6.4486793767712705,38.66071957697918,24.42502063195704,0.2,0.0,0.0,25.46298344054989,50.170583648211306,178.9038923502548,208.67026514345844,0.0,0.0,0.0,0.0,2.7755575615628914e-17,4.163336342344337e-17,0.055419921875,0.0,nan,nan,0.0002625329037646241,-1.6279169865050964e-05,5891.817158705982,False,True,True,Omega_safe_one_step_QP,False,0.33251953125,0.0,0.0,False,False,False,0.2,0.07778292894363403,-0.18748579919338226,25.43004788226142,50.16425635825616,185.51878254228055,203.84763905292007,0.38891464471817017,-0.9374290108680725,0.06617847777652357,-0.048048456195961375,0.06617847777652348,-0.04804845619596147,0.055419921875,0.0,0.19337353320377837,-0.33251953125,0.000268100575909105,-1.5188316879634258e-05,6049.608071542647,False,True,True,Omega_safe_one_step_QP,False,0.33251953125,0.0,8.17816914940809,False,False,False
473,135.5952563565852,-1970.0404210514953,13.822342271000851,5.223368038458686,40.544311762953576,28.223618739862584,0.2,0.0,0.0,25.45360579349004,50.16786054594481,180.78221088522156,208.9094509438585,0.0,0.0,0.0,0.0,-5.551115123125783e-17,-9.71445146547012e-17,0.055419921875,0.0,nan,nan,-0.003831085660280615,0.00014583541488960268,6260.004632932412,False,True,True,Omega_safe_one_step_QP,False,0.33251953125,0.0,0.0,False,False,False,0.2,0.08034901320934296,-0.1804555505514145,25.426242388348008,50.162765427460954,186.18772334545167,204.1061966532148,0.4017450511455536,-0.9022777080535889,0.06390215595525069,-0.046419361621567845,0.0639021559552508,-0.04641936162156772,0.055419921875,0.0,0.2034764162700479,-0.33251953125,-0.003806389917661025,0.0001487386392834268,6395.5998892889975,False,True,True,Omega_safe_one_step_QP,False,0.33251953125,0.0,7.898254661052082,False,False,False
474,-190.94358957631448,-2160.9840106278098,9.57639715713098,5.247666957382144,38.95763400989959,29.152033939714578,0.2,0.0,0.0,25.38438548205927,50.16867845147034,194.41610691205537,211.8630490439249,0.0,0.0,0.0,0.0,-5.898059818321144e-17,-9.020562075079397e-17,0.26014284641297625,-0.05033574002966734,nan,nan,0.000545387769266823,0.00011526243894052161,6173.111483161004,True,True,True,Z_mode_existing_controller,False,0.05060201485354432,0.0,0.0,False,False,False,0.2,-0.18913593888282776,-0.0007984107360243797,25.36187893374171,50.164655126595356,186.27737116203784,211.3408493600709,-0.9456796646118164,-0.003992053680121899,-0.06312583559471965,-0.0023818023586646697,-0.0631258355947196,-0.002381802358664642,0.26014284641297625,-0.05033574002966734,-0.32560894130464346,-0.05280840872881367,0.0005484151478260162,0.00011568448158990143,5982.167893584689,True,True,True,Z_mode_existing_controller,False,0.05060201485354432,0.0,6.317075353363539,False,False,False
475,-186.32977963181747,-2347.3137902596272,10.20127905000973,3.7397930778407327,44.98614609592777,23.74080625580711,0.2,0.0,0.0,25.392086032484027,50.17099968735571,192.8683216186525,211.6605086546962,0.0,0.0,0.0,0.0,4.163336342344337e-17,4.85722573273506e-17,0.26014284641297625,-0.05033574002966734,nan,nan,-0.0007918810480368044,-1.564399963854433e-05,6199.436289736371,True,True,True,Z_mode_existing_controller,False,0.05060201485354432,0.0,0.0,False,False,False,0.2,-0.19578129053115845,0.0009767109295353293,25.36312358946923,50.16571250451979,184.98501519282988,211.30008893838743,-0.9789064526557922,0.004883554298430681,-0.06551336492578666,-0.0014092753035736816,-0.06551336492578663,-0.0014092753035737926,0.26014284641297625,-0.05033574002966734,-0.32560894130464346,-0.04741354980655403,-0.000792355650671608,-1.5820744622516147e-05,6013.106510104553,True,True,True,Z_mode_existing_controller,False,0.05060201485354432,0.0,6.55285208194153,False,False,False
476,-175.24174519121516,-2522.5555354508424,10.057791973842276,3.719893818910273,38.0837561062346,24.490028472152428,0.2,0.0,0.0,25.37844058437805,50.17045673682539,195.56233557901405,212.19927245335933,0.0,0.0,0.0,0.0,-6.678685382510707e-17,6.938893903907228e-17,0.26014284641297625,-0.05033574002966734,nan,nan,-0.0008232191043075149,-2.1629104250330163e-05,6251.296495761662,True,True,True,Z_mode_existing_controller,False,0.05060201485354432,0.0,0.0,False,False,False,0.2,-0.19570012390613556,0.0038552109617739916,25.343202554313827,50.16393329227211,188.10365281164306,212.06290850988594,-0.9785006046295166,0.019276054576039314,-0.06565977049821278,0.00027763267517614404,-0.06565977049821273,0.0002776326751762759,0.26014284641297625,-0.05033574002966734,-0.32560894130464346,-0.038796673687681846,-0.0008225852251934843,-2.1677653464302312e-05,6076.054750570447,True,True,True,Z_mode_existing_controller,False,0.05060201485354432,0.0,6.566035746004045,False,False,False
477,-159.69415502029005,-2682.2496904711325,10.434529898366097,5.114307124486481,36.76992599007151,24.711269947782423,0.2,0.0,0.0,25.366554847261686,50.170213883036524,197.90591431363316,212.68044516882415,0.0,0.0,0.0,0.0,-7.28583859910259e-17,4.163336342344337e-17,0.26014284641297625,-0.05033574002966734,nan,nan,-0.0004692379664370226,-1.5138806929159386e-05,6346.945784832492,True,True,True,Z_mode_existing_controller,False,0.05060201485354432,0.0,0.0,False,False,False,0.2,-0.18621183931827545,0.003377047600224614,25.325427007969097,50.162521449091535,191.1257211319138,212.57126280754588,-0.9310591816902161,0.016885237768292427,-0.06263865498781639,9.357289109334505e-05,-0.06263865498781628,9.357289109343525e-05,0.26014284641297625,-0.05033574002966734,-0.32560894130464346,-0.039712829712681245,-0.0004699705059757718,-1.551606884339662e-05,6187.251629812202,True,True,True,Z_mode_existing_controller,False,0.05060201485354432,0.0,6.263872487981079,False,False,False
478,-151.03228801973637,-2833.281978490869,9.778274387448924,7.220985810019746,42.6482426490735,27.499376985725373,0.2,0.0,0.0,25.36191788545334,50.17046546260729,198.81467031732632,212.8835918012373,0.0,0.0,0.0,0.0,1.457167719820518e-16,-1.3183898417423734e-16,0.26014284641297625,-0.05033574002966734,nan,nan,0.0014995144001706856,8.170302089221485e-05,6298.129364416259,True,True,True,Z_mode_existing_controller,False,0.05060201485354432,0.0,0.0,False,False,False,0.2,-0.1871093213558197,0.0008708269451744854,25.31545293357922,50.16170809797308,192.31527214777103,212.6651819098795,-0.9355465769767761,0.004354134667664766,-0.06309146370288216,-0.0013835332175399923,-0.06309146370288227,-0.001383533217539916,0.26014284641297625,-0.05033574002966734,-0.32560894130464346,-0.047609588086875515,0.0015005528015180239,8.188269104639797e-05,6147.097076396522,True,True,True,Z_mode_existing_controller,False,0.05060201485354432,0.0,6.310663163516298,False,False,False
479,-80.27521282784528,-2913.557191318714,9.378030304901777,4.921938974127593,37.20328254229978,26.29124987990665,0.2,0.0,0.0,25.387563106229965,50.17279448396441,193.72922755006135,211.9259167425151,0.0,0.0,0.0,0.0,3.469446951953614e-18,-2.7755575615628914e-17,0.26014284641297625,-0.05033574002966734,nan,nan,0.0005382135764883541,2.0442277391830282e-05,6136.690701383313,True,True,True,Z_mode_existing_controller,False,0.05060201485354432,0.0,0.0,False,False,False,0.2,-0.18805323541164398,-0.021635813638567924,25.33603653229421,50.16303409561808,190.20645066533368,210.73547693832887,-0.9402661919593811,-0.10817906260490417,-0.03611688692835583,-0.011419047059265879,-0.03611688692835572,-0.01141904705926576,0.26014284641297625,-0.05033574002966734,-0.1796775722004525,-0.10093775488321166,0.0005390212115427367,2.0740766196103953e-05,6056.415488555468,True,True,True,Z_mode_existing_controller,False,0.05060201485354432,0.0,3.7879072812535393,False,False,False
480,-127.09485745269558,-3040.6520487714097,10.421729172530465,4.957594803227124,45.62629082923534,24.17494132527479,0.2,0.0,0.0,25.39457594553686,50.173102977527456,192.34070176238293,211.64167502402046,0.0,0.0,0.0,0.0,8.673617379884035e-17,1.0408340855860843e-16,0.26014284641297625,-0.05033574002966734,nan,nan,-0.00031295366048359006,3.237588816356902e-06,6208.358112128648,True,True,True,Z_mode_existing_controller,False,0.05060201485354432,0.0,0.0,False,False,False,0.2,-0.1830872744321823,-0.016547856852412224,25.34041509229422,50.162847334577755,186.91135005732582,210.50794129854927,-0.915436327457428,-0.08273927867412567,-0.05720682337170111,-0.011117501903742118,-0.05720682337170114,-0.011117501903742166,0.26014284641297625,-0.05033574002966734,-0.2997233080347952,-0.10093775488321166,-0.00031308628266128085,3.035473782063685e-06,6081.263254675952,True,True,True,Z_mode_existing_controller,False,0.05060201485354432,0.0,5.827709231645578,False,False,False
481,-141.08255317583826,-3181.734601947248,9.707788731163513,4.375314886841737,38.5040852875595,23.543763719204616,0.2,0.0,0.0,25.387671998603967,50.17285117535176,193.70229102939362,211.91260291182934,0.0,0.0,0.0,0.0,-1.4224732503009818e-16,9.020562075079397e-17,0.26014284641297625,-0.05033574002966734,nan,nan,-6.994303902740229e-05,-5.3148741002516115e-05,6169.985451769207,True,True,True,Z_mode_existing_controller,False,0.05060201485354432,0.0,0.0,False,False,False,0.2,-0.19511258602142334,-0.0040958719328045845,25.329329379573398,50.16178578216006,187.58921060018076,211.4754406161573,-0.9755629301071167,-0.020479358732700348,-0.0661477806420552,-0.004373782224693486,-0.06614778064205518,-0.004373782224693576,0.26014284641297625,-0.05033574002966734,-0.32560894130464346,-0.06263204728397886,-6.825095386456693e-05,-5.2881858408242556e-05,6028.902898593369,True,True,True,Z_mode_existing_controller,False,0.05060201485354432,0.0,6.6292223185065255,False,False,False
482,-135.67851776871248,-3317.4131197159604,9.878084743057212,4.24547158111221,39.05245365686595,31.06958880950791,0.2,0.0,0.0,25.385540124652252,50.171683838855195,194.13389810959103,211.9322622334773,0.0,0.0,0.0,0.0,-8.673617379884035e-19,-2.0816681711721685e-17,0.26014284641297625,-0.05033574002966734,nan,nan,-0.00031115636971867905,0.00017741398668573785,6197.467849298228,True,True,True,Z_mode_existing_controller,False,0.05060201485354432,0.0,0.0,False,False,False,0.2,-0.19370725750923157,-0.0005179993459023535,25.322506269911813,50.15969132633797,188.24689061797403,211.72391525066092,-0.9685362577438354,-0.0025899966713041067,-0.06582821238813044,-0.0022638144703975363,-0.06582821238813052,-0.0022638144703975155,0.26014284641297625,-0.05033574002966734,-0.32560894130464346,-0.05190211935277764,-0.00030988836258015375,0.0001774811635150606,6061.789331529516,True,True,True,Z_mode_existing_controller,False,0.05060201485354432,0.0,6.58671268704897,False,False,False
483,17.42149948606675,-3299.9916202298937,11.862598800289646,5.931560752636278,41.19994964777143,24.491255931286254,0.2,0.0,0.0,25.38015052256595,50.175197899360406,195.1526464188889,212.3464938059773,0.0,0.0,0.0,0.0,3.8163916471489756e-17,-1.1796119636642288e-16,0.26014284641297625,-0.05033574002966734,nan,nan,-0.0012809013829887736,1.6115511314038558e-05,6425.748084338304,True,True,True,Z_mode_existing_controller,False,0.05060201485354432,0.0,0.0,False,False,False,0.2,-0.19844402372837067,0.038116637617349625,25.31262106346806,50.162306323371666,195.65952803115778,213.18274847709742,-0.9922201037406921,0.19058318436145782,-0.003634753974933097,0.008033334027764825,-0.0036347539749331994,0.008033334027764832,0.26014284641297625,-0.05033574002966734,-0.0033029364262065486,0.00026627482387698437,-0.001273385784359031,1.626099357811099e-05,6443.16958382437,True,True,True,Z_mode_existing_controller,False,0.05060201485354432,0.0,0.8817363101286878,False,False,False
484,-131.72185919158346,-3431.713479421477,11.48714541423961,5.148472177986175,38.99607890486838,26.537207555792513,0.2,0.0,0.0,25.36104693582752,50.17563535627352,198.91113631662776,213.16899945499125,0.0,0.0,0.0,0.0,2.7755575615628914e-17,3.8163916471489756e-17,0.26014284641297625,-0.05033574002966734,nan,nan,-0.0014698868185073195,6.347798584848546e-05,6480.734184575891,True,True,True,Z_mode_existing_controller,False,0.05060201485354432,0.0,0.0,False,False,False,0.2,-0.1908216029405594,-0.0010908462572842836,25.294311491821905,50.16283923076559,193.32579372760895,212.95341112051096,-0.9541079998016357,-0.0054542310535907745,-0.06495756965091676,-0.002570156586903554,-0.06495756965091681,-0.0025701565869034153,0.26014284641297625,-0.05033574002966734,-0.32560894130464346,-0.05368423483048075,-0.0014709466578434567,6.242459914492004e-05,6349.012325384308,True,True,True,Z_mode_existing_controller,False,0.05060201485354432,0.0,6.500839607185305,False,False,False
485,-182.41125967260996,-3614.124739094087,9.300862085587108,5.774999327397836,40.66951096509082,25.673906719101858,0.2,0.0,0.0,25.34221583399922,50.177602626154574,202.59791058650686,214.06414917787097,0.0,0.0,0.0,0.0,1.3877787807814457e-16,-1.1449174941446927e-16,0.055419921875,0.0,nan,nan,0.0011342744607983361,1.2166370847667331e-05,6339.159652974319,False,True,True,Omega_safe_one_step_QP,False,0.33251953125,0.0,0.0,False,False,False,0.2,-0.18964441120624542,-0.008153509348630905,25.27120930262492,50.16393540630217,194.6354942672864,214.1647183380543,-0.9482220411300659,-0.040767546743154526,-0.09025920361305492,0.0004815567503527497,-0.09025920361305496,0.00048155675035282605,0.055419921875,0.0,-0.387939453125,-0.019061646931078174,0.0011369822683404193,1.2878764629726527e-05,6156.748393301709,False,True,True,Omega_safe_one_step_QP,False,0.33251953125,0.0,9.026048822029907,False,False,False
486,-13.808252441315744,-3627.932991535403,10.599349010263083,5.189271970263352,43.36784823450505,25.429171944341814,0.2,0.0,0.0,25.365490566289488,50.179111193668994,197.98943950826072,213.16118805624123,0.0,0.0,0.0,0.0,-6.938893903907228e-18,1.1449174941446927e-16,0.26014284641297625,-0.05033574002966734,nan,nan,-0.00041702324755514574,3.506105684892083e-05,6364.185298719025,True,True,True,Z_mode_existing_controller,False,0.05060201485354432,0.0,0.0,False,False,False,0.2,-0.1979595273733139,0.024164844304323196,25.28836185061104,50.16422215649729,197.1762425814114,214.25198227582555,-0.9897975921630859,0.12082421779632568,-0.033588745262355287,0.008013720834168576,-0.03358874526235524,0.008013720834168608,0.26014284641297625,-0.05033574002966734,-0.15439121051669868,0.00026627482387697743,-0.0004155400606554961,3.500076828971124e-05,6350.377046277709,True,True,True,Z_mode_existing_controller,False,0.05060201485354432,0.0,3.453148606572527,False,False,False
487,-99.5121062873659,-3727.4450978227687,11.07744010576264,5.25078950026893,43.9984403777798,26.094819026471974,0.2,0.0,0.0,25.36167988497798,50.18035848457161,198.72359691603842,213.38431082836522,0.0,0.0,0.0,0.0,8.326672684688674e-17,-5.204170427930421e-17,0.26014284641297625,-0.05033574002966734,nan,nan,-0.0008453604198520488,6.530719793033718e-05,6431.789767536466,True,True,True,Z_mode_existing_controller,False,0.05060201485354432,0.0,0.0,False,False,False,0.2,-0.19690430164337158,0.00894620455801487,25.284224738117583,50.16534807299649,194.38385980419804,213.96724573143737,-0.9845215082168579,0.0447310209274292,-0.06717384872714383,0.0032475045119617144,-0.06717384872714391,0.0032475045119618393,0.26014284641297625,-0.05033574002966734,-0.32560894130464346,-0.023722531128646203,-0.0008448463984524097,6.472876848929391e-05,6332.2776612491,True,True,True,Z_mode_existing_controller,False,0.05060201485354432,0.0,6.725230284809915,False,False,False
488,-158.15652412733743,-3885.601621950106,9.761244324711146,5.274593793414126,37.63475265946587,22.132653112468514,0.2,0.0,0.0,25.352047684731875,50.18232165792014,200.5969725409234,213.8919163221191,0.0,0.0,0.0,0.0,9.020562075079397e-17,1.0755285551056204e-16,0.26014284641297625,-0.05033574002966734,nan,nan,0.00033551406643309413,-9.858391820263736e-05,6340.656247871083,True,True,True,Z_mode_existing_controller,False,0.05060201485354432,0.0,0.0,False,False,False,0.2,-0.19716596603393555,0.014456719160079956,25.271397288208107,50.166631454608634,193.66164381189134,215.1893727926398,-0.9858298301696777,0.07228359580039978,-0.09232650623281287,0.010653845165950113,-0.09232650623281285,0.010653845165950103,0.055419921875,0.0,-0.387939453125,0.03250825738484901,0.000336762488529682,-9.849672475042851e-05,6182.499723743746,False,True,True,Omega_safe_one_step_QP,False,0.33251953125,0.0,9.293916381148286,False,False,False
489,-113.35682126200845,-3998.9584432121146,9.02889761680671,3.328270098619244,39.51414677178133,23.816801596055818,0.2,0.0,0.0,25.361672226671928,50.181293011893914,198.7093221510525,213.4242051826167,0.0,0.0,0.0,0.0,1.3183898417423734e-16,-1.734723475976807e-17,0.26014284641297625,-0.05033574002966734,nan,nan,0.00015448582708355529,-5.114936227953049e-05,6218.953288919268,True,True,True,Z_mode_existing_controller,False,0.05060201485354432,0.0,0.0,False,False,False,0.2,-0.1890823096036911,0.01470836903899908,25.275748780271762,50.16450351610648,193.58562052383806,214.9745043705439,-0.9454115629196167,0.07354184240102768,-0.08748129937106405,0.011077852991893747,-0.08748129937106393,0.011077852991893612,0.055419921875,0.0,-0.387939453125,0.03448811958172042,0.00015476095003130047,-5.061638765151036e-05,6105.596467657259,False,True,True,Omega_safe_one_step_QP,False,0.33251953125,0.0,8.817991022086453,False,False,False
490,-96.22710788621225,-4095.185551098327,11.180156483209895,5.077602914827409,37.552461819216525,23.285903319329705,0.2,0.0,0.0,25.367023224072057,50.180922771702775,197.65640227443828,213.17263807264732,0.0,0.0,0.0,0.0,4.5102810375396984e-17,-2.7755575615628914e-17,0.26014284641297625,-0.05033574002966734,nan,nan,-0.001241515160352289,-4.500945812226445e-05,6417.963982353125,True,True,True,Z_mode_existing_controller,False,0.05060201485354432,0.0,0.0,False,False,False,0.2,-0.19226901233196259,-0.0048597222194075584,25.27730061335345,50.163327644323296,193.4177700147776,214.043528216474,-0.9613450765609741,-0.024298610165715218,-0.08890707533116549,0.0026481645047678297,-0.08890707533116549,0.002648164504767913,0.055419921875,0.0,-0.387939453125,-0.011206191677679769,-0.0012392749297736186,-4.568458046225665e-05,6321.736874466913,False,True,True,Omega_safe_one_step_QP,False,0.33251953125,0.0,8.894650537927745,False,False,False
491,-95.44030464779007,-4190.625855746117,12.056745146675633,4.5226356805098336,41.022279935758185,26.11569531503127,0.2,0.0,0.0,25.35056451071908,50.1805129612266,200.90346292037694,213.83720846217417,0.0,0.0,0.0,0.0,-1.3183898417423734e-16,1.0061396160665481e-16,0.055419921875,0.0,nan,nan,-0.002405355851126889,6.86672362625873e-05,6589.673692054979,False,True,True,Omega_safe_one_step_QP,False,0.33251953125,0.0,0.0,False,False,False,0.2,-0.19212418794631958,-0.01028220634907484,25.257804389785417,50.16225070877941,196.7509675958653,214.4512578405665,-0.9606209397315979,-0.05141103267669678,-0.0967509920269237,-0.001301791645852271,-0.09675099202692383,-0.0013017916458523786,0.055419921875,0.0,-0.387939453125,-0.023727947164157066,-0.0024023916533721292,6.76349504228381e-05,6494.233387407189,False,True,True,Omega_safe_one_step_QP,False,0.33251953125,0.0,9.675974948129573,False,False,False
492,-110.58884222200959,-4301.2146979681265,10.874744541099693,5.013854338009008,41.01088777469916,22.562336668832895,0.2,0.0,0.0,25.319334980339118,50.182882005928064,207.02971244777387,215.27650750690245,0.0,0.0,0.0,0.0,-1.1102230246251565e-16,4.683753385137379e-17,0.055419921875,0.0,nan,nan,-0.0008599900811779564,-5.572141524017721e-05,6614.822960713452,False,True,True,Omega_safe_one_step_QP,False,0.33251953125,0.0,0.0,False,False,False,0.2,-0.1949549913406372,-0.058099545538425446,25.223630406263045,50.163968227072495,202.22200518777453,213.60273744464308,-0.974774956703186,-0.29049772024154663,-0.11177078945205017,-0.025521610782427394,-0.11177078945205024,-0.02552161078242725,0.055419921875,0.0,-0.387939453125,-0.1321278209937836,-0.0008600547333245685,-5.6095819761679475e-05,6504.234118491442,False,True,True,Omega_safe_one_step_QP,False,0.33251953125,0.0,11.464755554160014,False,False,False
493,-96.30231787155844,-4397.517015839685,10.448564662701548,4.225121432537551,43.886679938756096,24.45262482254801,0.2,0.0,0.0,25.31634576899267,50.18370852115782,207.6068831134288,215.44191858233333,0.0,0.0,0.0,0.0,-8.326672684688674e-17,-8.153200337090993e-17,0.055419921875,0.0,nan,nan,-0.0008058824488260527,5.935117222202312e-06,6582.430514368684,False,True,True,Omega_safe_one_step_QP,False,0.33251953125,0.0,0.0,False,False,False,0.2,-0.1958504021167755,-0.10232227295637131,25.217132712092447,50.16411864277861,203.40125241702953,211.9003689539945,-0.9792519807815552,-0.5116113424301147,-0.11528122289792321,-0.04575587451888938,-0.11528122289792325,-0.045755874518889496,0.055419921875,0.0,-0.387939453125,-0.23163362697344397,-0.0008067605848488119,5.861333737263753e-06,6486.128196497126,False,True,True,Omega_safe_one_step_QP,False,0.33251953125,0.0,12.402967550481216,False,False,False
494,-75.84584668995194,-4473.362862529637,6.486693763950939,4.358772506597368,37.33106593743438,27.083326989032305,0.2,0.0,0.0,25.314643120285794,50.185855826032835,207.9148846215448,215.6257824469128,0.0,0.0,0.0,0.0,1.3877787807814457e-16,-2.0816681711721685e-17,0.055419921875,0.0,nan,nan,0.0033195622918452085,1.2627482922065482e-06,6161.912594686758,False,True,True,Omega_safe_one_step_QP,False,0.33251953125,0.0,0.0,False,False,False,0.2,-0.19566750526428223,-0.10734188556671143,25.212410937073543,50.165747012907424,204.34325402676225,211.94059324276182,-0.9783375263214111,-0.5367094278335571,-0.11743895560203195,-0.04862015473677183,-0.11743895560203206,-0.048620154736771705,0.055419921875,0.0,-0.387939453125,-0.24322398975700601,0.0033092002583688575,2.6440425018887243e-06,6086.066747996806,False,True,True,Omega_safe_one_step_QP,False,0.33251953125,0.0,12.710557713776248,False,False,False
495,36.782786382151244,-4436.580076147486,9.398059453051893,4.1561747233724775,38.59893146208731,25.874600576121274,0.2,0.0,0.0,25.375070552058627,50.18795218632757,195.9753112627028,213.19082252554296,0.0,0.0,0.0,0.0,9.020562075079397e-17,4.163336342344337e-17,0.26014284641297625,-0.05033574002966734,nan,nan,0.0001499918428309369,1.2985112703521075e-05,6191.682837058735,True,True,True,Z_mode_existing_controller,False,0.05060201485354432,0.0,0.0,False,False,False,0.2,-0.15587709844112396,-0.07951142638921738,25.270202307799643,50.167460337844844,197.30105215974916,211.25248806441041,-0.7793854475021362,-0.3975571393966675,-0.07614254775721688,-0.032484147685866924,-0.07614254775721675,-0.03248414768586697,0.055419921875,0.0,-0.387939453125,-0.2261534033018772,0.00014534265442724386,1.2888406797135002e-05,6228.465623440886,False,True,True,Omega_safe_one_step_QP,False,0.33251953125,0.0,8.2782289348853,False,False,False
496,-0.4976399194374608,-4437.077716066923,10.553759106044561,3.837202372910418,42.423354173246956,26.72999054125958,0.2,0.0,0.0,25.3780734227846,50.18842414243546,195.37539145836254,213.08444463339433,0.0,0.0,0.0,0.0,-4.336808689942018e-18,-7.632783294297951e-17,0.26014284641297625,-0.05033574002966734,nan,nan,-0.0011890756472670277,6.963507837775586e-05,6295.9853936076215,True,True,True,Z_mode_existing_controller,False,0.05060201485354432,0.0,0.0,False,False,False,0.2,-0.191087007522583,-0.02595113031566143,25.27463091655304,50.16825269824503,195.05854447285066,213.60364581759364,-0.955435037612915,-0.1297556459903717,-0.09210734066250773,-0.00790926413057164,-0.09210734066250767,-0.007909264130571612,0.055419921875,0.0,-0.387939453125,-0.06021171751269088,-0.0011863987645173496,6.964725470238022e-05,6295.487753688184,False,True,True,Omega_safe_one_step_QP,False,0.33251953125,0.0,9.244630151069542,False,False,False
497,-8.915381461923971,-4445.993097528847,9.477138367281018,7.092169554158838,42.44491159763457,24.87302340985207,0.2,0.0,0.0,25.360492748332593,50.18993491250689,198.82104078916487,213.90186957226044,0.0,0.0,0.0,0.0,-9.71445146547012e-17,-6.938893903907228e-17,0.26014284641297625,-0.05033574002966734,nan,nan,0.0016990984944329514,-2.724694156909426e-06,6266.0488360732215,True,True,True,Z_mode_existing_controller,False,0.05060201485354432,0.0,0.0,False,False,False,0.2,-0.18914470076560974,0.014416850171983242,25.25724996259987,50.16975310593237,198.10399902161157,216.07902184796126,-0.9457234740257263,0.07208424806594849,-0.09805672454232382,0.008343850616569663,-0.09805672454232382,0.008343850616569724,0.055419921875,0.0,-0.387939453125,0.03379341665849778,0.001695493110637038,-2.7422026908827633e-06,6257.133454611298,False,True,True,Omega_safe_one_step_QP,False,0.33251953125,0.0,9.841108205421188,False,False,False
498,27.241649065521415,-4418.751448463326,12.041599227293108,6.249740242547533,43.05367244523511,24.552648298065943,0.2,0.0,0.0,25.389080028395266,50.190529744365854,193.17602783394207,212.72500499744154,0.0,0.0,0.0,0.0,9.367506770274758e-17,1.3877787807814457e-17,0.26014284641297625,-0.05033574002966734,nan,nan,-0.001191693562175456,2.8374281030215873e-05,6393.427418838614,True,True,True,Z_mode_existing_controller,False,0.05060201485354432,0.0,0.0,False,False,False,0.2,-0.1839631348848343,-0.02945188246667385,25.28561808374658,50.17022581408126,193.9896745072069,213.2036869124788,-0.9198156595230103,-0.1472594141960144,-0.08548979627603907,-0.009073906880391232,-0.08548979627603902,-0.009073906880391232,0.055419921875,0.0,-0.387939453125,-0.07098035272758577,-0.0011788083679019736,2.8679905431527267e-05,6420.669067904136,False,True,True,Omega_safe_one_step_QP,False,0.33251953125,0.0,8.597000089212901,False,False,False
499,2.8904061848006677,-4415.861042278525,10.103496629171914,4.5175339694394685,41.98898204862702,23.920985425500444,0.2,0.0,0.0,25.369634900301097,50.190868786552876,197.00301909462664,213.55651192592526,0.0,0.0,0.0,0.0,1.214306433183765e-16,6.938893903907228e-18,0.26014284641297625,-0.05033574002966734,nan,nan,-0.0003260560942448369,-2.3336523763679232e-05,6288.674723661984,True,True,True,Z_mode_existing_controller,False,0.05060201485354432,0.0,0.0,False,False,False,0.2,-0.1895655393600464,-0.005410479381680489,25.267441747006114,50.17074204799048,196.8086400473129,214.9526023155322,-0.9478276968002319,-0.027052396908402443,-0.09529600487983364,0.0001371585580666624,-0.09529600487983353,0.0001371585580667873,0.055419921875,0.0,-0.387939453125,-0.012654128831697488,-0.0003261447032607487,-2.3405230225163366e-05,6291.565129846785,False,True,True,Omega_safe_one_step_QP,False,0.33251953125,0.0,9.529610358523213,False,False,False
500,5.889203778103365,-4409.971838500422,10.392257058983494,5.533720063904157,38.98102259814684,26.351251298421058,0.2,0.0,0.0,25.36633854759151,50.19076706122891,197.65166631874143,213.6838318474748,0.0,0.0,0.0,0.0,1.3183898417423734e-16,-1.0061396160665481e-16,0.26014284641297625,-0.05033574002966734,nan,nan,-0.0001252343372336749,4.228781479719045e-05,6334.532996509351,True,True,True,Z_mode_existing_controller,False,0.05060201485354432,0.0,0.0,False,False,False,0.2,-0.187404602766037,-0.005569727160036564,25.26439845047297,50.17062242117642,197.58304736449531,215.06849702742335,-0.9370229840278625,-0.027848634868860245,-0.09574512885818198,-0.0002525856106000094,-0.09574512885818204,-0.00025258561060001114,0.055419921875,0.0,-0.387939453125,-0.013176788169270405,-0.00012356575595531653,4.232372208888427e-05,6340.422200287454,False,True,True,Omega_safe_one_step_QP,False,0.33251953125,0.0,9.574546203116128,False,False,False
501,13.298832841926924,-4396.673005658495,10.070827502683835,4.5617950150726685,36.86212595592944,27.644562364354137,0.2,0.0,0.0,25.3665913386227,50.19207894429435,197.58401248350506,213.7394407392813,0.0,0.0,0.0,0.0,1.3530843112619095e-16,1.214306433183765e-16,0.26014284641297625,-0.05033574002966734,nan,nan,-0.00039908618011021114,6.87615938252781e-05,6300.120375665416,True,True,True,Z_mode_existing_controller,False,0.05060201485354432,0.0,0.0,False,False,False,0.2,-0.18391071259975433,0.0008718670578673482,25.26503168952043,50.17193881765806,197.82134685560374,215.41381599789312,-0.9195535778999329,0.004359335172921419,-0.09409485308381318,0.002418119037507112,-0.0940948530838133,0.0024181190375071864,0.055419921875,0.0,-0.387939453125,0.002101837507967291,-0.00039903797266630826,6.885029507192964e-05,6313.419208507343,False,True,True,Omega_safe_one_step_QP,False,0.33251953125,0.0,9.41259192600209,False,False,False
502,-3.8856200357440684,-4400.558625694239,8.338982510007,5.384995163788326,40.802375813956736,24.33139186715121,0.2,0.0,0.0,25.362676547251635,50.19390661279167,198.3318780789345,213.9988902242103,0.0,0.0,0.0,0.0,6.245004513516506e-17,-8.326672684688674e-17,0.26014284641297625,-0.05033574002966734,nan,nan,0.0019125518567250125,-4.148444419144236e-05,6136.343219309656,True,True,True,Z_mode_existing_controller,False,0.05060201485354432,0.0,0.0,False,False,False,0.2,-0.19672971963882446,0.00272265519015491,25.261719501942185,50.173812486184104,197.84041172492894,215.73033260144388,-0.9836485981941223,0.01361327525228262,-0.10230645741832856,0.0028407502948511925,-0.10230645741832868,0.002840750294851052,0.055419921875,0.0,-0.387939453125,0.006135904151460824,0.0019033018292225487,-4.152151244442726e-05,6132.457599273912,False,True,True,Omega_safe_one_step_QP,False,0.33251953125,0.0,10.234588947156587,False,False,False
503,50.28311150106401,-4350.275514193175,9.23121633722563,5.187395438316494,37.43793855795528,22.647715596352285,0.2,0.0,0.0,25.39404948088375,50.1936409682259,192.14783649692262,212.65743218958136,0.0,0.0,0.0,0.0,-8.673617379884035e-17,-9.020562075079397e-17,0.26014284641297625,-0.05033574002966734,nan,nan,0.0008355042176661907,-9.006781351552718e-05,6082.911209359678,True,True,True,Z_mode_existing_controller,False,0.05060201485354432,0.0,0.0,False,False,False,0.2,-0.17636887729167938,-0.029589468613266945,25.292963196154265,50.17347214811725,193.99848983576945,213.20746160826306,-0.8818443417549133,-0.14794734120368958,-0.08122381878120402,-0.00935572832049594,-0.08122381878120397,-0.009355728320496012,0.055419921875,0.0,-0.387939453125,-0.07438255837657962,0.0008304205180719119,-9.035278523516132e-05,6133.194320860742,False,True,True,Omega_safe_one_step_QP,False,0.33251953125,0.0,8.176086098989408,False,False,False
504,101.4190508408883,-4248.8564633522865,10.649503462853803,3.013807503539833,38.82358276558425,23.740326043021273,0.2,0.0,0.0,25.40415291219362,50.19144439378254,190.1795333818184,212.10537149591326,0.0,0.0,0.0,0.0,6.938893903907228e-18,-9.020562075079397e-17,0.055419921875,0.0,nan,nan,-0.0018817210447131757,-3.373051805401553e-05,6180.253718767025,False,True,True,Omega_safe_one_step_QP,False,0.33251953125,0.0,0.0,False,False,False,0.2,-0.17447249591350555,-0.0005089510232210159,25.304897129692247,50.17160345047697,194.09672608692384,213.36170957207406,-0.872362494468689,-0.0025447551161050797,-0.058945084910291184,-0.002063850868447459,-0.058945084910291046,-0.0020638508684475143,0.26014284641297625,-0.05033574002966734,-0.32560894130464346,-0.052044427523083005,-0.0018756714079055355,-3.345171315252259e-05,6281.672769607913,True,True,True,Z_mode_existing_controller,False,0.05060201485354432,0.0,5.898120476464197,False,False,False
505,-12.7624960100311,-4261.618959362318,9.608359846084436,5.152388996159625,39.51129846926898,23.241723360399774,0.2,0.0,0.0,25.37187660260902,50.19007473440995,196.55614233006105,213.38320465334957,0.0,0.0,0.0,0.0,-5.898059818321144e-17,-1.3877787807814457e-16,0.26014284641297625,-0.05033574002966734,nan,nan,0.00047476930893777705,-6.0209188438685966e-05,6226.831643180189,True,True,True,Z_mode_existing_controller,False,0.05060201485354432,0.0,0.0,False,False,False,0.2,-0.1892825812101364,-0.007325135171413422,25.276284544240724,50.17088164555215,195.72069194339429,214.6032535607056,-0.9464129209518433,-0.03662567585706711,-0.09258045767892617,-9.894044531068291e-05,-0.09258045767892605,-9.894044531064822e-05,0.055419921875,0.0,-0.387939453125,-0.017157771891238634,0.0004728633357744998,-6.027317452325697e-05,6214.0691471701575,False,True,True,Omega_safe_one_step_QP,False,0.33251953125,0.0,9.25805105475831,False,False,False
506,32.45028524004101,-4229.168674122277,8.363744627879061,6.203067346526202,42.145424915274205,25.540795515207808,0.2,0.0,0.0,25.380225634720635,50.18916914335517,194.91850952533434,212.97600152376813,0.0,0.0,0.0,0.0,1.1806961658367143e-16,3.469446951953614e-17,0.26014284641297625,-0.05033574002966734,nan,nan,0.0023024570110630224,2.718124448458127e-07,6058.414222755605,True,True,True,Z_mode_existing_controller,False,0.05060201485354432,0.0,0.0,False,False,False,0.2,-0.16034655272960663,0.019201794639229774,25.284314798458535,50.1698577993769,195.99326382210765,215.42683838466255,-0.8017327785491943,0.09600897133350372,-0.07624525321332237,0.011761929820721762,-0.07624525321332246,0.011761929820721797,0.055419921875,0.0,-0.387939453125,0.05309310069473888,0.0022918585926796145,-6.659853676697913e-08,6090.864507995646,False,True,True,Omega_safe_one_step_QP,False,0.33251953125,0.0,7.71471427252574,False,False,False
507,246.95587205500033,-3982.2128020672762,10.352958157437262,5.918103920214639,40.44681881102384,26.914621624569616,0.2,0.0,0.0,25.41463827743867,50.1892213886311,188.13149015443716,211.524041931838,0.0,0.0,0.0,0.0,-9.71445146547012e-17,1.3877787807814457e-17,0.055419921875,0.0,nan,nan,0.00016970321694684373,6.394364235824202e-05,6098.855320008052,False,True,True,Omega_safe_one_step_QP,False,0.33251953125,0.0,0.0,False,False,False,0.2,-0.011905212886631489,-0.05721988156437874,25.319826655770832,50.17005627261728,198.17731871104462,212.45002041283192,-0.05952606350183487,-0.2860994040966034,0.01356728882131037,-0.0034745295335067844,0.013567288821310267,-0.003474529533506805,0.26014284641297625,-0.05033574002966734,0.2496145520010744,-0.10093775488321166,0.00017449286708759448,6.443350375255662e-05,6345.811192063053,True,True,True,Z_mode_existing_controller,False,0.05060201485354432,0.0,1.400513053991503,False,False,False
508,195.35213132720583,-3786.8606707400704,9.482686250485877,4.433129945242003,43.3684243104303,23.572963549620912,0.2,0.0,0.0,25.411446179476165,50.18949338284833,188.75519454101484,211.66753753774967,0.0,0.0,0.0,0.0,-1.1102230246251565e-16,9.020562075079397e-17,0.055419921875,0.0,nan,nan,0.00032374738461689095,-3.742690377918009e-05,6026.623589472108,False,True,True,Omega_safe_one_step_QP,False,0.33251953125,0.0,0.0,False,False,False,0.2,0.01769801415503025,0.02239072695374489,25.325224997961968,50.17196556894607,196.7783795139053,212.83003563420615,0.0884900689125061,0.11195363104343414,0.006450036335589004,0.0009064127271986716,0.006450036335588875,0.0009064127271987341,0.26014284641297625,-0.05033574002966734,0.3001395458055922,0.00026627482387697743,0.00031741779227795674,-3.809851658483727e-05,6221.975720799313,True,True,True,Z_mode_existing_controller,False,0.05060201485354432,0.0,0.6513413295841598,False,False,False
509,167.63992119547856,-3619.220749544592,9.578974754454094,4.874127619864323,36.46604147756864,27.379637360995748,0.2,0.0,0.0,25.4110798233391,50.1878342622601,188.84456090096663,211.58587542705177,0.0,0.0,0.0,0.0,1.1102230246251565e-16,5.551115123125783e-17,0.055419921875,0.0,nan,nan,0.0002856312483288843,5.3329806613287845e-05,6039.538601109884,False,True,True,Omega_safe_one_step_QP,False,0.33251953125,0.0,0.0,False,False,False,0.2,0.017965728417038918,0.01131682749837637,25.331609951938965,50.17158650276235,195.70395025485922,212.53427977426654,0.08982864022254944,0.056584134697914124,0.005371490206878309,0.00039083386905227474,0.005371490206878179,0.00039083386905217066,0.26014284641297625,-0.05033574002966734,0.31074486126652057,-0.018460924832932678,0.00028169217370825443,5.294309470839408e-05,6207.178522305363,True,True,True,Z_mode_existing_controller,False,0.05060201485354432,0.0,0.5385690128088209,False,False,False
510,149.64386203682443,-3469.5768875077674,12.056888277779267,4.330185520558198,43.76025974663204,24.6369284845573,0.2,0.0,0.0,25.41022059936406,50.18800853610134,189.00951955725552,211.625775109508,0.0,0.0,0.0,0.0,-2.7755575615628914e-17,-1.1796119636642288e-16,0.055419921875,0.0,nan,nan,-0.0024769496702362077,3.3444986885419834e-05,6291.880249197623,False,True,True,Omega_safe_one_step_QP,False,0.33251953125,0.0,0.0,False,False,False,0.2,-0.03249005600810051,0.014182728715240955,25.336568413842638,50.17286337598107,194.87182481895138,212.52980221936713,-0.16245026886463165,0.0709136426448822,0.004313144733143089,0.0013152498502606441,0.004313144733143119,0.0013152498502605262,0.26014284641297625,-0.05033574002966734,0.14422281933471331,0.00026627482387697743,-0.002458346561603467,3.507328127981156e-05,6441.524111234447,True,True,True,Z_mode_existing_controller,False,0.05060201485354432,0.0,0.45092238420431,False,False,False
511,-80.0289285033432,-3549.6058160111106,11.35002923449679,5.686374215279325,42.32465017203701,24.741401771138033,0.2,0.0,0.0,25.368058617312226,50.1878104365581,197.32118704233315,213.3842800550942,0.0,0.0,0.0,0.0,-6.591949208711867e-17,1.1102230246251565e-16,0.26014284641297625,-0.05033574002966734,nan,nan,-0.0008964774918657577,2.1432266496435644e-05,6425.50207577788,True,True,True,Z_mode_existing_controller,False,0.05060201485354432,0.0,0.0,False,False,False,0.2,-0.17734777927398682,0.00747145339846611,25.299731518428672,50.17364727967042,193.80353094271078,214.76017813784168,-0.8867388963699341,0.03735726699233055,-0.08135153025099712,0.007295882932251864,-0.08135153025099706,0.007295882932252003,0.055419921875,0.0,-0.387939453125,0.018678209124727622,-0.0008953742577734103,2.0806458999941303e-05,6345.473147274537,False,True,True,Omega_safe_one_step_QP,False,0.33251953125,0.0,8.167803488049893,False,False,False
512,-74.91910487615496,-3624.5249208872656,8.506244225633463,6.1832339633360505,42.47108393802772,27.14992830137031,0.2,0.0,0.0,25.356478652076106,50.18866316322862,199.59162609226172,213.91289124486738,0.0,0.0,0.0,0.0,5.551115123125783e-17,-1.2836953722228372e-16,0.26014284641297625,-0.05033574002966734,nan,nan,0.0021541286561137353,5.092410226118643e-05,6182.970006227632,True,True,True,Z_mode_existing_controller,False,0.05060201485354432,0.0,0.0,False,False,False,0.2,-0.17969466745853424,0.008095146156847477,25.2855971287991,50.1739238923021,196.12473655406097,215.31523846682245,-0.89847332239151,0.04047572985291481,-0.08774869475528589,0.0064813311408232765,-0.08774869475528582,0.00648133114082332,0.055419921875,0.0,-0.387939453125,0.019973096538670236,0.0021525811657112483,5.160780064280201e-05,6108.0509013514775,False,True,True,Omega_safe_one_step_QP,False,0.33251953125,0.0,8.798773258024863,False,False,False
513,148.55177592530254,-3475.973144961963,8.786095934678233,5.820074087891608,44.81360932239098,25.47488124571354,0.2,0.0,0.0,25.39253309555833,50.19045620429265,192.4604693055357,212.48753099064274,0.0,0.0,0.0,0.0,-9.020562075079397e-17,2.7755575615628914e-17,0.26014284641297625,-0.05033574002966734,nan,nan,0.0017710622694787335,1.3813939440163788e-05,6043.320657799143,True,True,True,Z_mode_existing_controller,False,0.05060201485354432,0.0,0.0,False,False,False,0.2,-0.1705760955810547,-0.03621581196784973,25.31910902164826,50.17517578154711,198.640021354078,212.31465640663262,-0.8528804779052734,-0.18107905983924866,0.0018741313310293231,-0.010357792879033288,0.0018741313310293647,-0.010357792879033385,0.26014284641297625,-0.05033574002966734,0.021807885708114566,-0.10093775488321166,0.0017588952075750356,1.2775708486440114e-05,6191.872433724446,True,True,True,Z_mode_existing_controller,False,0.05060201485354432,0.0,1.0525979363978633,False,False,False
514,169.7661923402593,-3306.2069526217037,9.747077912395694,5.152650950469596,43.87642195500514,23.117563180775484,0.2,0.0,0.0,25.41693832098299,50.190395488291216,187.64762320669254,211.45074342235418,0.0,0.0,0.0,0.0,9.71445146547012e-17,6.938893903907228e-18,0.055419921875,0.0,nan,nan,0.00044348670269442315,-4.5431982918519e-05,6026.169132131168,False,True,True,Omega_safe_one_step_QP,False,0.33251953125,0.0,0.0,False,False,False,0.2,0.03740430623292923,0.06400474905967712,25.348634287979873,50.17612509820479,194.6056289509179,212.44658974564646,0.18702152371406555,0.3200237452983856,0.017864314143714855,0.002591015435483457,0.017864314143714907,0.0025910154354835888,0.26014284641297625,-0.05033574002966734,0.28971460924920656,0.00026627482387697743,0.000441202014758983,-4.577362800801607e-05,6195.9353244714275,True,True,True,Z_mode_existing_controller,False,0.05060201485354432,0.0,1.805123488330499,False,False,False
515,118.1256082150403,-3188.0813444066634,10.094502242495281,4.469848536330559,42.62383851001297,20.618089490876287,0.2,0.0,0.0,25.417449587641475,50.188402951869776,187.5679051018131,211.31380855354152,0.0,0.0,0.0,0.0,1.3877787807814457e-16,-1.3877787807814457e-17,0.055419921875,0.0,nan,nan,-0.0003278262791672319,-0.00012024942217426539,6059.780796763827,False,True,True,Omega_safe_one_step_QP,False,0.33251953125,0.0,0.0,False,False,False,0.2,-0.020757615566253662,0.012288241647183895,25.355023633979478,50.17524472369859,192.33832583509707,212.0239331781347,-0.10378807783126831,0.06144120916724205,0.00341511333756531,0.0008403017452009373,0.003415113337565223,0.0008403017452008402,0.26014284641297625,-0.05033574002966734,0.17466461434643432,0.00026627482387697743,-0.00032669641687706674,-0.00012030679564107227,6177.906404978868,True,True,True,Z_mode_existing_controller,False,0.05060201485354432,0.0,0.3516974002093822,False,False,False
516,120.76571524657811,-3067.3156291600853,9.151847036184204,6.720757082283688,39.0606130516851,23.66136977306102,0.2,0.0,0.0,25.406331178521576,50.184906925368004,189.798523997985,211.5838825779029,0.0,0.0,0.0,0.0,6.938893903907228e-17,1.1102230246251565e-16,0.055419921875,0.0,nan,nan,0.0017363710094290827,-5.4702038838067533e-05,6018.370834417156,False,True,True,Omega_safe_one_step_QP,False,0.33251953125,0.0,0.0,False,False,False,0.2,-0.09779585152864456,-0.03812239691615105,25.34803948879794,50.172522519779605,194.7912136518654,211.5219277132817,-0.4889792501926422,-0.19061197340488434,0.011776342223291159,-0.005938400519204391,0.011776342223291183,-0.00593840051920437,0.26014284641297625,-0.05033574002966734,0.13033287820578515,-0.10093775488321166,0.001730285133222017,-5.528574197287287e-05,6139.1365496637345,True,True,True,Z_mode_existing_controller,False,0.05060201485354432,0.0,1.3188890661710617,False,False,False
517,162.0831790312377,-2905.2324501288476,9.110003153289647,4.090346917272674,43.41461891611299,22.0902417495722,0.2,0.0,0.0,25.428031010906686,50.18307722632905,185.53982862410965,210.56374790938133,0.0,0.0,0.0,0.0,2.7755575615628914e-17,1.3877787807814457e-17,0.055419921875,0.0,nan,nan,0.0005523715752636677,-8.663852458093988e-05,5913.153770196002,False,True,True,Omega_safe_one_step_QP,False,0.33251953125,0.0,0.0,False,False,False,0.2,0.06807894259691238,-0.10962369292974472,25.373928776650654,50.17151142927407,192.378021040053,207.95187916507183,0.3403947055339813,-0.5481184720993042,0.035305671497859265,-0.030690499859622383,0.035305671497859334,-0.03069049985962237,0.055419921875,0.0,0.2619225261507825,-0.33251953125,0.000545048087530968,-8.705992240143692e-05,6075.23694922724,False,True,True,Omega_safe_one_step_QP,False,0.33251953125,0.0,4.678030805315664,False,False,False
518,174.8218911856775,-2730.41055894317,9.430594635693675,5.436481508426082,37.12440178796573,22.346666925232636,0.2,0.0,0.0,25.428454093558525,50.179952438486644,185.49081927754463,210.36827675623027,0.0,0.0,0.0,0.0,-4.163336342344337e-17,-1.457167719820518e-16,0.055419921875,0.0,nan,nan,0.0007550038832447752,-9.696335477594109e-05,5944.681107245569,False,True,True,Omega_safe_one_step_QP,False,0.33251953125,0.0,0.0,False,False,False,0.2,0.09560471773147583,-0.14936624467372894,25.380000245090564,50.16957344026445,192.87928948447873,206.54882326661317,0.47802358865737915,-0.7468311786651611,0.050584601761867264,-0.041306965221896697,0.05058460176186736,-0.04130696522189657,0.055419921875,0.0,0.2682553988249693,-0.33251953125,0.0007507505487272048,-9.692241421922028e-05,6119.502998431247,False,True,True,Omega_safe_one_step_QP,False,0.33251953125,0.0,6.530748281207666,False,False,False
519,163.13133717402889,-2567.2792217691413,10.886544715999992,4.760284699923655,41.557897838830364,26.21720826690231,0.2,0.0,0.0,25.43188543652395,50.176621666238454,184.8511931203374,210.03481724125527,0.0,0.0,0.0,0.0,1.3877787807814457e-17,-1.3877787807814457e-16,0.055419921875,0.0,nan,nan,-0.0010313470290994717,5.434208727341308e-05,6072.951171440488,False,True,True,Omega_safe_one_step_QP,False,0.33251953125,0.0,0.0,False,False,False,0.2,0.10387933254241943,-0.14190559089183807,25.38954858774684,50.167557868132945,191.58969801777246,206.33245052122822,0.5193966627120972,-0.7095279693603516,0.0548297392798864,-0.03854471047720939,0.054829739279886325,-0.03854471047720928,0.055419921875,0.0,0.29883462277918343,-0.33251953125,-0.0010233667683908756,5.537090875179767e-05,6236.082508614517,False,True,True,Omega_safe_one_step_QP,False,0.33251953125,0.0,6.70223471334166,False,False,False
520,-24.049973284032603,-2591.329195053174,12.00297934753539,4.394896239664719,43.036746621077036,27.543541388126478,0.2,0.0,0.0,25.40800242283021,50.1762263444309,189.56171670340927,211.01284993332314,0.0,0.0,0.0,0.0,1.3877787807814457e-17,-4.163336342344337e-17,0.055419921875,0.0,nan,nan,-0.0023973198599495336,0.00011688722478227914,6300.798633978724,False,True,True,Omega_safe_one_step_QP,False,0.33251953125,0.0,0.0,False,False,False,0.2,-0.0683446004986763,-0.09480279684066772,25.371414752736154,50.16838709659669,188.54480408364495,208.3621653480754,-0.3417229950428009,-0.4740139842033386,-0.01268629703869599,-0.02653634517894113,-0.012686297038695976,-0.026536345178941267,0.055419921875,0.0,-0.18429784256483123,-0.33251953125,-0.0023946678532091852,0.00011666934990707187,6276.748660694691,False,True,True,Omega_safe_one_step_QP,False,0.33251953125,0.0,2.9412918046496914,False,False,False
521,-136.26289967468801,-2727.592094727862,9.958454910015053,3.6212530385428408,37.50784582035232,25.197326420903508,0.2,0.0,0.0,25.367526948482645,50.17781441646691,197.51990285070715,212.79857509602255,0.0,0.0,0.0,0.0,6.938893903907228e-18,-5.551115123125783e-17,0.26014284641297625,-0.05033574002966734,nan,nan,-0.000782152929930047,-3.8767234928735635e-06,6287.879368702963,True,True,True,Z_mode_existing_controller,False,0.05060201485354432,0.0,0.0,False,False,False,0.2,-0.1899566650390625,-0.0015106052160263062,25.33030487162873,50.16990409293987,191.68366943325282,212.56868058235273,-0.9497833251953125,-0.007553026080131531,-0.063549704197115,-0.002807277627632526,-0.06354970419711496,-0.002807277627632651,0.26014284641297625,-0.05033574002966734,-0.32560894130464346,-0.05499385352961225,-0.0007813257006558418,-3.837820246743815e-06,6151.616469028275,True,True,True,Z_mode_existing_controller,False,0.05060201485354432,0.0,6.3611679047321275,False,False,False
522,-127.16542402687719,-2854.757518754739,8.324253299527983,5.620237435365063,40.95532667984345,21.575196742658733,0.2,0.0,0.0,25.35785626103112,50.17821885744407,199.4192343588058,213.22216742927887,0.0,0.0,0.0,0.0,8.326672684688674e-17,5.898059818321144e-17,0.26014284641297625,-0.05033574002966734,nan,nan,0.0020373319070357766,-0.0001244192332320571,6161.04298330065,True,True,True,Z_mode_existing_controller,False,0.05060201485354432,0.0,0.0,False,False,False,0.2,-0.18618783354759216,-0.009446716867387295,25.31607226632066,50.16940484517293,193.8157322752762,212.53683856591434,-0.9309391379356384,-0.04723358154296875,-0.062448880586159584,-0.007417727123016603,-0.06244888058615955,-0.007417727123016693,0.26014284641297625,-0.05033574002966734,-0.32560894130464346,-0.08005535805035761,0.002041935466284907,-0.00012312202002769546,6033.877559273773,True,True,True,Z_mode_existing_controller,False,0.05060201485354432,0.0,6.288787929431185,False,False,False
523,-59.49357422447065,-2914.2510929792097,10.279020524174038,6.175307406363225,36.16650353026062,27.349820695229656,0.2,0.0,0.0,25.392047561438815,50.17650645208154,192.6966259476516,211.68253373262988,0.0,0.0,0.0,0.0,-2.7755575615628914e-17,-4.85722573273506e-17,0.26014284641297625,-0.05033574002966734,nan,nan,0.00027887893367872676,5.956130842886022e-05,6203.513138119214,True,True,True,Z_mode_existing_controller,False,0.05060201485354432,0.0,0.0,False,False,False,0.2,-0.1002386212348938,0.005435845348984003,25.34596513273311,50.16686646182154,190.06926574717332,211.95957531767436,-0.501193106174469,0.027179226279258728,-0.033703522434595096,0.002169600930564175,-0.033703522434595116,0.002169600930564272,0.26014284641297625,-0.05033574002966734,-0.32560894130464346,-0.01857097619215862,0.00027960534652321815,5.947361518453308e-05,6144.019563894743,True,True,True,Z_mode_existing_controller,False,0.05060201485354432,0.0,3.3773282231627397,False,False,False
524,-127.91206563574724,-3042.163158614957,10.225928164966504,4.652208546454747,39.298440499359046,22.8932981416627,0.2,0.0,0.0,25.394307139891108,50.17743446698698,192.23789486457886,211.6325872972389,0.0,0.0,0.0,0.0,1.3530843112619095e-16,5.551115123125783e-17,0.26014284641297625,-0.05033574002966734,nan,nan,-0.0004504325781296986,-6.28203760227662e-05,6187.116177772636,True,True,True,Z_mode_existing_controller,False,0.05060201485354432,0.0,0.0,False,False,False,0.2,-0.18709976971149445,-0.00101428700145334,25.346295463924744,50.1673905626231,186.74639067614382,211.44795785951925,-0.935498833656311,-0.005071434658020735,-0.06297518964563212,-0.00248764541534284,-0.06297518964563212,-0.002487645415342833,0.26014284641297625,-0.05033574002966734,-0.32560894130464346,-0.05351116042316202,-0.0004500084877193363,-6.2960018492003e-05,6059.204112136888,True,True,True,Z_mode_existing_controller,False,0.05060201485354432,0.0,6.302430396772189,False,False,False
525,-120.14515091923658,-3162.3083095341935,11.064067479260277,5.32820287522684,34.98862382829662,27.090676266557374,0.2,0.0,0.0,25.385244932158184,50.175841418931505,194.04077671416945,211.92073573478496,0.0,0.0,0.0,0.0,1.734723475976807e-18,3.469446951953614e-17,0.26014284641297625,-0.05033574002966734,nan,nan,-0.001044689652982904,5.666846840462515e-05,6317.495109441631,True,True,True,Z_mode_existing_controller,False,0.05060201485354432,0.0,0.0,False,False,False,0.2,-0.17885425686836243,0.008990395814180374,25.33298794901592,50.16494971409973,188.91729679894328,212.33392941703218,-0.8942712545394897,0.04495197907090187,-0.06034475514854129,0.003456063338863939,-0.06034475514854132,0.003456063338863967,0.26014284641297625,-0.05033574002966734,-0.32560894130464346,-0.020891987822410328,-0.0010452566277389073,5.597695882475365e-05,6197.349958522394,True,True,True,Z_mode_existing_controller,False,0.05060201485354432,0.0,6.044364191327032,False,False,False
526,-125.85567910624377,-3288.1639886404373,9.133649951009982,4.135894236598237,38.86277152690085,27.94600511086114,0.2,0.0,0.0,25.368764738370622,50.17692226868229,197.27456287247733,212.66824642286704,0.0,0.0,0.0,0.0,7.632783294297951e-17,1.1102230246251565e-16,0.26014284641297625,-0.05033574002966734,nan,nan,0.0004317102989365219,7.248294942138397e-05,6195.511677085745,True,True,True,Z_mode_existing_controller,False,0.05060201485354432,0.0,0.0,False,False,False,0.2,-0.19311431050300598,-0.0039122868329286575,25.31256277232852,50.16521568371238,191.75368634574772,212.31406550385773,-0.9655715227127075,-0.019561434164643288,-0.06530136501277263,-0.00424602357154269,-0.06530136501277277,-0.004246023571542704,0.26014284641297625,-0.05033574002966734,-0.32560894130464346,-0.062202437015939596,0.0004338474844949383,7.307902288442025e-05,6069.655997979501,True,True,True,Z_mode_existing_controller,False,0.05060201485354432,0.0,6.543926182882467,False,False,False
527,-116.03562498695192,-3404.199613627389,8.41873531490723,6.2448068620734425,43.72709086675431,25.30910379895584,0.2,0.0,0.0,25.377101936063188,50.17881886690256,195.6063108867517,212.4156609006921,0.0,0.0,0.0,0.0,9.71445146547012e-17,-1.3877787807814457e-17,0.26014284641297625,-0.05033574002966734,nan,nan,0.002301640461213724,-9.96530268420389e-07,6080.39387400609,True,True,True,Z_mode_existing_controller,False,0.05060201485354432,0.0,0.0,False,False,False,0.2,-0.18470726907253265,-0.013553149066865444,25.316689721628453,50.166283736379846,190.44709316779978,211.50720318745664,-0.9235363602638245,-0.0677657425403595,-0.06260925244558041,-0.00980809321647777,-0.0626092524455805,-0.009808093216477624,0.26014284641297625,-0.05033574002966734,-0.32560894130464346,-0.09331608040816292,0.0023038488239497056,7.195778740790373e-08,5964.358249019138,True,True,True,Z_mode_existing_controller,False,0.05060201485354432,0.0,6.337284264049978,False,False,False
528,-41.64406017433339,-3445.8436738017226,10.794710026321406,4.186989928311648,44.64500862849693,24.21067319636879,0.2,0.0,0.0,25.412102744735044,50.178982194391054,188.70205269864715,210.94508793308722,0.0,0.0,0.0,0.0,-6.938893903907228e-17,6.938893903907228e-18,0.055419921875,0.0,nan,nan,-0.0011879240365940847,5.891987049375016e-06,6157.543801545901,False,True,True,Omega_safe_one_step_QP,False,0.33251953125,0.0,0.0,False,False,False,0.2,-0.09186159819364548,-0.0012034386163577437,25.347791152575375,50.16570370940511,186.78133035343149,211.44912183057298,-0.459307998418808,-0.0060171931982040405,-0.031068191287202014,0.00429570200872411,-0.031068191287202056,0.004295702008724173,0.055419921875,0.0,-0.387939453125,-0.005808257240141754,-0.001185670309869305,5.675866080445333e-06,6115.899741371568,False,True,True,Omega_safe_one_step_QP,False,0.33251953125,0.0,3.136376198108163,False,False,False
529,-114.81519681854388,-3560.6588706202665,11.136160799277455,4.769508076566221,44.07165384529051,23.676318633132286,0.2,0.0,0.0,25.38904935800883,50.17821111846765,193.25345425838944,211.86754704716287,0.0,0.0,0.0,0.0,5.898059818321144e-17,4.163336342344337e-17,0.26014284641297625,-0.05033574002966734,nan,nan,-0.0012061255255456302,-6.931852115313157e-06,6303.740830847248,True,True,True,Z_mode_existing_controller,False,0.05060201485354432,0.0,0.0,False,False,False,0.2,-0.19412259757518768,-0.002300702268257737,25.323477263363756,50.164642171681884,188.3339554026997,211.6892202377073,-0.9706130027770996,-0.011503511108458042,-0.06589913046554836,-0.0033122393028092167,-0.06589913046554838,-0.003312239302809203,0.26014284641297625,-0.05033574002966734,-0.32560894130464346,-0.05727795326744345,-0.0012061585124820617,-7.6204967759416296e-06,6188.925634028704,True,True,True,Z_mode_existing_controller,False,0.05060201485354432,0.0,6.59823182778117,False,False,False
530,-111.50233287355513,-3672.1612034938216,10.339651199627086,5.256819548772349,37.28617615530383,25.490448431705424,0.2,0.0,0.0,25.369489590651398,50.17789230979596,197.11081163240152,212.66777470317274,0.0,0.0,0.0,0.0,-1.3877787807814457e-17,-6.938893903907228e-17,0.26014284641297625,-0.05033574002966734,nan,nan,-0.00027595849307526224,9.028454724202203e-06,6317.010900566288,True,True,True,Z_mode_existing_controller,False,0.05060201485354432,0.0,0.0,False,False,False,0.2,-0.1923144906759262,0.00463237427175045,25.3001994973721,50.16356506990679,192.24716098589926,212.88535501227204,-0.9615724682807922,0.02316187135875225,-0.06543905808719877,0.0007671214446010252,-0.06543905808719891,0.0007671214446009003,0.26014284641297625,-0.05033574002966734,-0.32560894130464346,-0.0362264469570648,-0.00027529999637010763,8.815037196503164e-06,6205.508567692733,True,True,True,Z_mode_existing_controller,False,0.05060201485354432,0.0,6.544355429414397,False,False,False
531,-106.53621563298839,-3778.69741912681,10.21328170712336,4.207639673441757,40.65126156201774,24.144081780946497,0.2,0.0,0.0,25.36707360788292,50.178492545368115,197.57767197152756,212.79668762915958,0.0,0.0,0.0,0.0,8.326672684688674e-17,0.0,0.26014284641297625,-0.05033574002966734,nan,nan,-0.0006523857547164084,-2.0060462671092974e-05,6314.928255853312,True,True,True,Z_mode_existing_controller,False,0.05060201485354432,0.0,0.0,False,False,False,0.2,-0.18686030805110931,0.004912082571536303,25.29413619354492,50.16341614583033,192.90202710060956,213.0260629984452,-0.934301495552063,0.024560412392020226,-0.06372822418808641,0.0009861596051152985,-0.06372822418808638,0.0009861596051152222,0.26014284641297625,-0.05033574002966734,-0.32560894130464346,-0.0349378142866199,-0.0006518957134476998,-2.01992213749553e-05,6208.392040220324,True,True,True,Z_mode_existing_controller,False,0.05060201485354432,0.0,6.3735853873104595,False,False,False
532,-109.8119728191341,-3888.509391945944,9.925600520360382,2.592890942554113,40.62069049042265,24.660518874779036,0.2,0.0,0.0,25.359395600973595,50.17858211011084,199.08788442467812,213.1190846817023,0.0,0.0,0.0,0.0,9.020562075079397e-17,6.938893903907228e-17,0.26014284641297625,-0.05033574002966734,nan,nan,-0.00123287712105576,-8.735768371540605e-06,6321.98240288082,True,True,True,Z_mode_existing_controller,False,0.05060201485354432,0.0,0.0,False,False,False,0.2,-0.1918882578611374,0.0006105534266680479,25.28297537688691,50.1627896751095,194.249827256977,213.0830761435881,-0.9594412446022034,0.0030527671333402395,-0.06558381013941361,-0.0015843536576100672,-0.06558381013941347,-0.0015843536576099423,0.26014284641297625,-0.05033574002966734,-0.32560894130464346,-0.04847198471105512,-0.0012324667780463268,-8.690094564925768e-06,6212.170430061686,True,True,True,Z_mode_existing_controller,False,0.05060201485354432,0.0,6.560294451406148,False,False,False
533,-173.87126234362768,-4062.380654289572,11.001932933902093,5.820013001337813,34.27442970109378,26.26816731027343,0.2,0.0,0.0,25.34425904522128,50.17913256236679,202.06303545293636,213.78087194250458,0.0,0.0,0.0,0.0,1.3877787807814457e-17,1.1102230246251565e-16,0.055419921875,0.0,nan,nan,-0.0006919246445913738,2.925871048301172e-05,6507.74945071895,False,True,True,Omega_safe_one_step_QP,False,0.33251953125,0.0,0.0,False,False,False,0.2,-0.19184905290603638,-0.023303773254156113,25.264237411630404,50.16261130366546,194.65585059772144,213.3199612907639,-0.9592452645301819,-0.11651886254549026,-0.0916058935738918,-0.0057657054676143425,-0.09160589357389168,-0.005765705467614218,0.055419921875,0.0,-0.387939453125,-0.05385456007523133,-0.0006927220793814769,2.8313334713770885e-05,6333.878188375323,False,True,True,Omega_safe_one_step_QP,False,0.33251953125,0.0,9.17871619400581,False,False,False
534,-142.5801913704563,-4204.960845660028,8.308734515159681,6.915794263326612,38.921385103883665,22.302870377769242,0.2,0.0,0.0,25.33969583345306,50.18090356047458,202.93942295014315,214.0645745995572,0.0,0.0,0.0,0.0,5.551115123125783e-17,-3.469446951953614e-18,0.055419921875,0.0,nan,nan,0.0025997336821438014,-0.00011009921010386942,6241.745741755523,False,True,True,Omega_safe_one_step_QP,False,0.33251953125,0.0,0.0,False,False,False,0.2,-0.1911362260580063,-0.031150374561548233,25.253988774290445,50.1632377235854,196.54551521761158,213.38336207159526,-0.9556810855865479,-0.15575186908245087,-0.09565041437534642,-0.010237425396333117,-0.09565041437534645,-0.0102374253963332,0.055419921875,0.0,-0.387939453125,-0.07225637379924306,0.0026013136439198515,-0.0001086725718336015,6099.165550385067,False,True,True,Omega_safe_one_step_QP,False,0.33251953125,0.0,9.619670809815169,False,False,False
535,-34.729583915169314,-4239.690429575197,12.622315504436946,5.711312020280377,43.64652866037711,26.11991206893363,0.2,0.0,0.0,25.385227114893887,50.18001910405316,193.9715465129578,212.09301301159533,0.0,0.0,0.0,0.0,-1.9081958235744878e-17,2.7755575615628914e-17,0.26014284641297625,-0.05033574002966734,nan,nan,-0.0021045008161596677,8.733949794341965e-05,6473.373197196179,True,True,True,Z_mode_existing_controller,False,0.05060201485354432,0.0,0.0,False,False,False,0.2,-0.17758269608020782,0.0033192175906151533,25.294713806982802,50.161427145136045,192.30690692651623,212.65110838833183,-0.8879134654998779,0.01659608818590641,-0.0607199285979442,0.00014702926301880803,-0.060719928597944256,0.00014702926301893987,0.26014284641297625,-0.05033574002966734,-0.32560894130464346,-0.03938738931508841,-0.0020950846222285687,8.687557389340126e-05,6438.6436132810095,True,True,True,Z_mode_existing_controller,False,0.05060201485354432,0.0,6.072010660846724,False,False,False
536,-119.01166373042088,-4358.702093305618,9.81150864525442,4.1633098393932295,39.36740091784845,23.760809784906243,0.2,0.0,0.0,25.352780508343063,50.18169353351753,200.34593750394473,213.5454573777355,0.0,0.0,0.0,0.0,-1.249000902703301e-16,-1.734723475976807e-17,0.26014284641297625,-0.05033574002966734,nan,nan,-0.00027721620497411477,-4.231892140430784e-05,6339.814552869823,True,True,True,Z_mode_existing_controller,False,0.05060201485354432,0.0,0.0,False,False,False,0.2,-0.19202488660812378,-0.00014651899982709438,25.26142756075496,50.16285953931917,195.04582441367748,214.4351973331269,-0.9601244330406189,-0.0007325949845835567,-0.09263662521034942,0.004296040183274841,-0.0926366252103493,0.004296040183274813,0.055419921875,0.0,-0.387939453125,-0.0003382924647758519,-0.0002769015231314422,-4.224750224809731e-05,6220.802889139402,False,True,True,Omega_safe_one_step_QP,False,0.33251953125,0.0,9.273618652726137,False,False,False
537,-97.22731938697507,-4455.929412692593,8.656803574759905,4.596593530589474,35.06499077521975,25.23056122291375,0.2,0.0,0.0,25.353010292847006,50.18176033113302,200.29749899955593,213.53365065264913,0.0,0.0,0.0,0.0,1.249000902703301e-16,-4.85722573273506e-17,0.26014284641297625,-0.05033574002966734,nan,nan,0.0010820318291849993,-2.883499124807943e-05,6217.6410017390535,True,True,True,Z_mode_existing_controller,False,0.05060201485354432,0.0,0.0,False,False,False,0.2,-0.19288361072540283,-0.004326713737100363,25.257740856664846,50.1621059385197,195.825874542541,214.37981509477194,-0.9644180536270142,-0.021633567288517952,-0.09501404496803514,0.0021563201299684663,-0.09501404496803523,0.0021563201299684455,0.055419921875,0.0,-0.387939453125,-0.00994531930976597,0.001080658394782305,-2.8122183203990172e-05,6120.4136823520785,False,True,True,Omega_safe_one_step_QP,False,0.33251953125,0.0,9.503851039284413,False,False,False
538,-63.97340622907359,-4519.902818921667,11.302350162279142,6.433566980718624,39.552875489966596,25.38987086428101,0.2,0.0,0.0,25.3735885782335,50.182089272052956,196.2345223303106,212.6794736849957,0.0,0.0,0.0,0.0,-1.734723475976807e-17,9.71445146547012e-17,0.26014284641297625,-0.05033574002966734,nan,nan,-0.0004627908682072273,2.8151161054490188e-05,6394.244166723916,True,True,True,Z_mode_existing_controller,False,0.05060201485354432,0.0,0.0,False,False,False,0.2,-0.19249732792377472,-0.018576471135020256,25.27506416574073,50.16176288370293,193.3137515320698,213.17835426322378,-0.9624866247177124,-0.09288235008716583,-0.08878985289199309,-0.002813500758276015,-0.08878985289199297,-0.002813500758275949,0.055419921875,0.0,-0.387939453125,-0.04278528289696282,-0.00045856756904896247,2.7699008545423003e-05,6330.270760494843,False,True,True,Omega_safe_one_step_QP,False,0.33251953125,0.0,8.883441767186065,False,False,False
539,-57.771153822254746,-4577.673972743922,12.438559167957042,3.6477157780914373,40.571371654132584,24.30314879609359,0.2,0.0,0.0,25.367633233956848,50.18292645967792,197.3963427207292,212.97045877527287,0.0,0.0,0.0,0.0,1.2836953722228372e-16,1.249000902703301e-16,0.26014284641297625,-0.05033574002966734,nan,nan,-0.0034335006877723668,1.671523916257781e-05,6542.318647959665,True,True,True,Z_mode_existing_controller,False,0.05060201485354432,0.0,0.0,False,False,False,0.2,-0.19295696914196014,-0.008412111550569534,25.267206857202115,50.162163910324075,194.75751210330912,213.9496394067918,-0.9647848010063171,-0.04206055775284767,-0.0925044593460429,0.000942387614127918,-0.09250445934604283,0.0009423876141279909,0.055419921875,0.0,-0.387939453125,-0.019328602310015028,-0.003425464042968675,1.5939987293904587e-05,6484.5474941374105,False,True,True,Omega_safe_one_step_QP,False,0.33251953125,0.0,9.250925950043559,False,False,False
540,-94.40657986926544,-4672.080552613187,10.151089246453534,5.3716100614169715,43.17547108725836,22.36671762253056,0.2,0.0,0.0,25.318075702698263,50.18371332724462,207.1543866222031,215.0945757084855,0.0,0.0,0.0,0.0,-8.326672684688674e-17,6.765421556309548e-17,0.055419921875,0.0,nan,nan,0.00013538792088803753,-6.485896164569373e-05,6538.987837690147,False,True,True,Omega_safe_one_step_QP,False,0.33251953125,0.0,0.0,False,False,False,0.2,-0.19581550359725952,-0.05351852998137474,25.21604075390019,50.162540526473535,202.94207858271693,213.73954932274515,-0.9790775179862976,-0.2675926387310028,-0.11413761035153612,-0.023327854187279895,-0.11413761035153623,-0.023327854187279902,0.055419921875,0.0,-0.387939453125,-0.12117499159955762,0.00013406004681349067,-6.481437605267062e-05,6444.581257820882,False,True,True,Omega_safe_one_step_QP,False,0.33251953125,0.0,11.649713677915898,False,False,False
541,-63.83288558022923,-4735.913438193416,10.796138908219094,4.1627114180895415,42.13812411640726,27.652497437017868,0.2,0.0,0.0,25.330119762767318,50.18438183482082,204.76983392537437,214.6184144155013,0.0,0.0,0.0,0.0,6.938893903907228e-17,4.85722573273506e-17,0.055419921875,0.0,nan,nan,-0.001260163102394381,0.00010089835956559635,6550.719662013354,False,True,True,Omega_safe_one_step_QP,False,0.33251953125,0.0,0.0,False,False,False,0.2,-0.19294822216033936,-0.07742031663656235,25.225068260677105,50.16263154766811,201.88209066038567,212.40953742887262,-0.9647411108016968,-0.38710159063339233,-0.10953255431638528,-0.03328595787249485,-0.10953255431638521,-0.03328595787249498,0.055419921875,0.0,-0.387939453125,-0.17789758730072364,-0.0012590969247994587,0.00010055075535308003,6486.886776433124,False,True,True,Omega_safe_one_step_QP,False,0.33251953125,0.0,11.447853705634692,False,False,False
542,-65.47878704370942,-4801.392225237126,9.981678934402138,4.444730307642572,33.53719121340484,23.54414438135504,0.2,0.0,0.0,25.319256430037388,50.18799372869846,206.8665593007202,215.26862376863573,0.0,0.0,0.0,0.0,8.326672684688674e-17,-8.153200337090993e-17,0.055419921875,0.0,nan,nan,-0.00045497058642653306,-6.853809512833223e-05,6515.866654737759,False,True,True,Omega_safe_one_step_QP,False,0.33251953125,0.0,0.0,False,False,False,0.2,-0.19663679599761963,-0.07503058016300201,25.212308965824427,50.16589539946202,203.86746035409342,213.1253593645647,-0.9831839799880981,-0.3751528859138489,-0.1169985315106839,-0.0336944823480164,-0.11699853151068397,-0.03369448234801653,0.055419921875,0.0,-0.387939453125,-0.16917236145039033,-0.00045605358933265873,-6.84007914681004e-05,6450.387867694049,False,True,True,Omega_safe_one_step_QP,False,0.33251953125,0.0,12.1753745389443,False,False,False
543,-47.839937410254606,-4849.23216264738,11.0513469928537,5.015415572656073,38.983475150631705,25.71821059485736,0.2,0.0,0.0,25.322194443771807,50.188533366889004,206.27866867930297,215.16879649503815,0.0,0.0,0.0,0.0,-2.7755575615628914e-17,9.020562075079397e-17,0.055419921875,0.0,nan,nan,-0.0010971054488964874,3.3666608240499104e-05,6615.318035042692,False,True,True,Omega_safe_one_step_QP,False,0.33251953125,0.0,0.0,False,False,False,0.2,-0.19406776130199432,-0.09703004360198975,25.213236166292674,50.16607803755229,204.07269872693527,212.15867045448792,-0.970338761806488,-0.48515021800994873,-0.11559609425451634,-0.04346209307476086,-0.11559609425451634,-0.04346209307476086,0.055419921875,0.0,-0.387939453125,-0.22167092153269888,-0.0010946359905957288,3.344959273654307e-05,6567.478097632437,False,True,True,Omega_safe_one_step_QP,False,0.33251953125,0.0,12.34966013351712,False,False,False
544,-44.923581186181764,-4894.155743833562,8.28316039189412,3.860954512697911,37.847682478682714,18.891206577916577,0.2,0.0,0.0,25.315012649235303,50.1910246062286,207.66281150828277,215.60237862955418,0.0,0.0,0.0,0.0,5.551115123125783e-17,-9.194034422677078e-17,0.055419921875,0.0,nan,nan,0.0011860911210459534,-0.00021777414782874404,6350.654089284586,False,True,True,Omega_safe_one_step_QP,False,0.33251953125,0.0,0.0,False,False,False,0.2,-0.19564172625541687,-0.10664432495832443,25.204747051116097,50.16835748953484,205.50049585233015,212.15108675595715,-0.978208601474762,-0.5332216024398804,-0.12023444548072804,-0.04874747054219607,-0.12023444548072809,-0.048747470542196074,0.055419921875,0.0,-0.387939453125,-0.24167524058283807,0.0011768213233200164,-0.00021673594791453811,6305.730508098404,False,True,True,Omega_safe_one_step_QP,False,0.33251953125,0.0,12.974065578807757,False,False,False
545,65.01221681539846,-4829.143527018164,10.722686966064739,5.288170755721813,43.52455936752326,27.45251877285215,0.2,0.0,0.0,25.343216232635957,50.18869572895213,202.1278790854372,214.28101115723868,0.0,0.0,0.0,0.0,-1.5265566588595902e-16,-9.367506770274758e-17,0.055419921875,0.0,nan,nan,-0.00047629756081094595,9.895169466596354e-05,6477.308226239743,False,True,True,Omega_safe_one_step_QP,False,0.33251953125,0.0,0.0,False,False,False,0.2,-0.14201079308986664,-0.017521344125270844,25.231507678022762,50.16586211895391,204.50124790510057,215.0901495793452,-0.7100539207458496,-0.08760672062635422,-0.08016552224463122,-0.007090169079475631,-0.0801655222446311,-0.007090169079475758,0.055419921875,0.0,-0.387939453125,-0.05470184351145854,-0.00047336484734234255,9.925870614139326e-05,6542.320443055141,False,True,True,Omega_safe_one_step_QP,False,0.33251953125,0.0,8.047845335448491,False,False,False
546,7.106245700541876,-4822.037281317622,9.429596452785542,6.040365795669477,38.88716408295834,29.42068806041882,0.2,0.0,0.0,25.341913174366404,50.1918481394251,202.3453244169875,214.5034234527972,0.0,0.0,0.0,0.0,4.163336342344337e-17,-6.591949208711867e-17,0.055419921875,0.0,nan,nan,0.0011033467123809514,0.00012067249935395017,6345.984552329456,False,True,True,Omega_safe_one_step_QP,False,0.33251953125,0.0,0.0,False,False,False,0.2,-0.17906364798545837,-0.07317066937685013,25.232623282377038,50.169436450161,202.38763308606926,212.79328249080135,-0.8953182101249695,-0.36585333943367004,-0.10103404977708837,-0.031918980037438566,-0.10103404977708828,-0.03191898003743851,0.055419921875,0.0,-0.387939453125,-0.18116967127736847,0.0010982055785162727,0.00012048814727347312,6353.090798029998,False,True,True,Omega_safe_one_step_QP,False,0.33251953125,0.0,10.595612535851604,False,False,False
547,52.63734592166384,-4769.399935395958,8.648932936927173,6.619426249391672,36.195720735456256,25.371318906673075,0.2,0.0,0.0,25.36447531134934,50.19546084475518,197.85262747385246,213.7462880943751,0.0,0.0,0.0,0.0,3.469446951953614e-18,6.938893903907228e-18,0.26014284641297625,-0.05033574002966734,nan,nan,0.0020902930871755966,-2.0667688139867826e-05,6157.544498533685,True,True,True,Z_mode_existing_controller,False,0.05060201485354432,0.0,0.0,False,False,False,0.2,-0.15984074771404266,-0.04622466489672661,25.255585620924798,50.17315982349966,199.82593375980895,213.37198191897116,-0.7992037534713745,-0.23112331330776215,-0.08325065904627513,-0.018867006121714585,-0.08325065904627513,-0.018867006121714623,0.055419921875,0.0,-0.387939453125,-0.12821598266583092,0.002079005681812876,-2.109168640705532e-05,6210.181844455349,False,True,True,Omega_safe_one_step_QP,False,0.33251953125,0.0,8.536179562096828,False,False,False
548,236.0173875545861,-4533.382547841372,7.732862129937425,4.311192919586034,42.17763531411121,26.328921875758034,0.2,0.0,0.0,25.3981152065693,50.195540183717945,191.2176615185757,212.32844077367957,0.0,0.0,0.0,0.0,-7.632783294297951e-17,7.632783294297951e-17,0.26014284641297625,-0.05033574002966734,nan,nan,0.002110296571602684,1.6041918966922582e-05,5907.613342387092,True,True,True,Z_mode_existing_controller,False,0.05060201485354432,0.0,0.0,False,False,False,0.2,-0.045822322368621826,-0.008226155303418636,25.291095571748922,50.1736148705458,201.2089367311494,213.5450899103515,-0.22911161184310913,-0.04113077372312546,-0.001622562459885249,-0.002782442186366904,-0.0016225624598852767,-0.002782442186367029,0.26014284641297625,-0.05033574002966734,-0.02172659946987604,-0.10093775488321166,0.0020759437479019264,1.290345526599795e-05,6143.6307299416785,True,True,True,Z_mode_existing_controller,False,0.05060201485354432,0.0,0.3220977096581624,False,False,False
549,245.0648187374918,-4288.31772910388,8.943916127058372,6.145403989465924,41.08098887899855,21.845741734733462,0.2,0.0,0.0,25.426567397684643,50.19532356270777,185.60887015584981,211.11275391905872,0.0,0.0,0.0,0.0,5.551115123125783e-17,9.71445146547012e-17,0.055419921875,0.0,nan,nan,0.0016995481413173742,-0.00010440557111459888,5897.353199286696,False,True,True,Omega_safe_one_step_QP,False,0.33251953125,0.0,0.0,False,False,False,0.2,0.03339589387178421,0.050986260175704956,25.327557216270005,50.17495281161878,195.79199860715377,212.59751047247303,0.16697946190834045,0.2549313008785248,0.01426691184790856,0.002064006016016924,0.014266911847908504,0.002064006016016834,0.26014284641297625,-0.05033574002966734,0.29328706040168245,0.00026627482387697743,0.0016850605837759095,-0.00010608764422994623,6142.418018024187,True,True,True,Z_mode_existing_controller,False,0.05060201485354432,0.0,1.441543944908189,False,False,False
550,242.3772729787661,-4045.940456125114,8.600247057070174,3.815496724339657,42.80242757577734,24.932614949337513,0.2,0.0,0.0,25.444220198987228,50.19182791173387,182.1676258322007,210.1714901132591,0.0,0.0,0.0,0.0,-2.7755575615628914e-17,5.551115123125783e-17,0.055419921875,0.0,nan,nan,0.000968099473674682,-9.706795417500913e-06,5782.587260819026,False,True,True,Omega_safe_one_step_QP,False,0.33251953125,0.0,0.0,False,False,False,0.2,0.06048453599214554,-0.011099637486040592,25.353640625918963,50.17305959313503,192.33111205783328,211.1929331960858,0.3024226725101471,-0.055498186498880386,0.026603922642150755,-0.0006556375465658765,0.026603922642150637,-0.0006556375465657724,0.055419921875,0.0,0.387939453125,-0.061021320464166834,0.0009500806440031261,-1.1729936378153654e-05,6024.964533797792,False,True,True,Omega_safe_one_step_QP,False,0.33251953125,0.0,2.661200031079966,False,False,False
551,209.98898010911398,-3835.951476016,9.910821758838551,4.634481145875741,46.0524433421476,23.90732795587378,0.2,0.0,0.0,25.448065540049488,50.18970103419185,181.4322472552614,209.88686038925366,0.0,0.0,0.0,0.0,1.1102230246251565e-16,6.938893903907228e-17,0.055419921875,0.0,nan,nan,4.533188252073706e-05,-1.0923690443703435e-05,5892.406549198782,False,True,True,Omega_safe_one_step_QP,False,0.33251953125,0.0,0.0,False,False,False,0.2,0.05506208539009094,-0.006481382995843887,25.365813896807985,50.17253397164563,190.02819405207407,210.83767094257325,0.2753104269504547,-0.03240691497921944,0.02542182144255957,0.0008885565648145688,0.025421821442559583,0.0008885565648144855,0.055419921875,0.0,0.387939453125,-0.03914102454277151,4.5596451594151575e-05,-1.1122005524580054e-05,6102.395529307896,False,True,True,Omega_safe_one_step_QP,False,0.33251953125,0.0,2.5437345345500404,False,False,False
552,139.6308766556931,-3696.320599360307,9.87302889222269,4.808221011306725,44.5736819483416,22.56611918303192,0.2,0.0,0.0,25.43746750904031,50.18744122401032,183.5457653189878,210.20307052919028,0.0,0.0,0.0,0.0,-1.249000902703301e-16,1.0408340855860843e-16,0.055419921875,0.0,nan,nan,0.00014318464179716639,-5.7332580631238184e-05,5940.039972885896,False,True,True,Omega_safe_one_step_QP,False,0.33251953125,0.0,0.0,False,False,False,0.2,0.012986003421247005,-0.03739963471889496,25.36251523772372,50.1716593974509,189.23387523611916,209.82922921609807,0.0649300143122673,-0.1869981735944748,0.008825546599111181,-0.010414286379177198,0.00882554659911132,-0.010414286379177073,0.055419921875,0.0,0.1708782626555951,-0.33251953125,0.00014312715991274,-5.7384029896882446e-05,6079.670849541589,False,True,True,Omega_safe_one_step_QP,False,0.33251953125,0.0,1.3650920612200432,False,False,False
553,150.19835101487752,-3546.1222483454294,11.553820163569288,5.372996420296708,43.26488485113179,25.9909175142461,0.2,0.0,0.0,25.430092033865627,50.18458728244939,185.0309877141012,210.350927401029,0.0,0.0,0.0,0.0,6.938893903907228e-17,2.0816681711721685e-17,0.055419921875,0.0,nan,nan,-0.0012932888838115388,6.376809252319924e-05,6142.328590443668,False,True,True,Omega_safe_one_step_QP,False,0.33251953125,0.0,0.0,False,False,False,0.2,0.026013290509581566,-0.0992593765258789,25.36005026627692,50.169763526660944,191.05110539129743,208.13357759761846,0.13006645441055298,-0.49629688262939453,0.019909162431501287,-0.02766935822491065,0.019909162431501183,-0.027669358224910623,0.055419921875,0.0,0.14256460753863529,-0.33251953125,-0.0012784013231390804,6.518259841153734e-05,6292.5269414585455,False,True,True,Omega_safe_one_step_QP,False,0.33251953125,0.0,3.408765367845556,False,False,False
554,-63.49657476460743,-3609.618823110037,9.785635519043263,5.727031678668963,37.535221189535704,31.689023661586702,0.2,0.0,0.0,25.402406340002205,50.184393369738956,190.48882142483532,211.50021921671436,0.0,0.0,0.0,0.0,-6.938893903907228e-17,6.938893903907228e-18,0.26014284641297625,-0.05033574002966734,nan,nan,0.0005556902369419346,0.0001891229939456388,6099.17559143404,True,True,True,Z_mode_existing_controller,False,0.05060201485354432,0.0,0.0,False,False,False,0.2,-0.1782977432012558,-0.0005729715339839458,25.33774826931884,50.17065991882011,187.6210903478064,211.70442742086277,-0.8914886713027954,-0.0028648576699197292,-0.06021713977784052,-0.002140064039574563,-0.06021713977784046,-0.0021400640395745213,0.26014284641297625,-0.05033574002966734,-0.32560894130464346,-0.052218091955813534,0.0005565577871308827,0.0001892219805071935,6035.679016669433,True,True,True,Z_mode_existing_controller,False,0.05060201485354432,0.0,6.025515577207873,False,False,False
555,48.14929971450965,-3561.469523395527,10.712556370692592,4.312269936746057,38.67208588574234,26.547596718716964,0.2,0.0,0.0,25.406969942361705,50.18755455371614,189.54963165810867,211.47611323242543,0.0,0.0,0.0,0.0,-5.551115123125783e-17,-1.1796119636642288e-16,0.055419921875,0.0,nan,nan,-0.0011882197654543801,5.072417150595032e-05,6170.63999161297,False,True,True,Omega_safe_one_step_QP,False,0.33251953125,0.0,0.0,False,False,False,0.2,-0.06915628165006638,0.008672242984175682,25.340266308166832,50.17339491087015,191.34921212294398,212.11881954611545,-0.3457813858985901,0.04336121305823326,-0.010805638558412243,0.0027995577804530367,-0.01080563855841227,0.0027995577804529187,0.26014284641297625,-0.05033574002966734,-0.14337988670901136,0.00026627482387697743,-0.0011838425590746595,5.091287573885791e-05,6218.78929132748,True,True,True,Z_mode_existing_controller,False,0.05060201485354432,0.0,1.1162407823634737,False,False,False
556,65.88584290983727,-3495.58368048569,7.787176204963218,5.282425787389528,40.50242778171425,26.426122784120786,0.2,0.0,0.0,25.384588784985535,50.187794045008005,193.9566440945374,212.42588869745245,0.0,0.0,0.0,0.0,-7.45931094670027e-17,-7.632783294297951e-17,0.26014284641297625,-0.05033574002966734,nan,nan,0.0024313684322759634,1.3922612717418882e-05,5977.12934101932,True,True,True,Z_mode_existing_controller,False,0.05060201485354432,0.0,0.0,False,False,False,0.2,-0.1949474811553955,0.0406726710498333,25.319680105976172,50.17394341074337,196.6236658037299,213.52938056899902,-0.9747374057769775,0.2033633440732956,0.0009330788813321673,0.007891788347006726,0.0009330788813322402,0.007891788347006656,0.26014284641297625,-0.05033574002966734,0.01760319798418669,0.00026627482387697743,0.002418062502865215,1.3063065419979553e-05,6043.0151839291575,True,True,True,Z_mode_existing_controller,False,0.05060201485354432,0.0,0.7946757798796799,False,False,False
557,80.77233297346356,-3414.8113475122263,7.486982702690144,4.811497259660115,40.2200074914592,24.0835080957097,0.2,0.0,0.0,25.420145674775508,50.18798125483792,186.94250477556832,210.93327493180308,0.0,0.0,0.0,0.0,6.938893903907228e-17,1.1796119636642288e-16,0.055419921875,0.0,nan,nan,0.0025571223600293624,-5.902180783869332e-05,5784.341837035533,False,True,True,Omega_safe_one_step_QP,False,0.33251953125,0.0,0.0,False,False,False,0.2,0.02305803820490837,-0.015667196363210678,25.35746207877953,50.174543044740496,190.31651025113945,210.8127702081229,0.11529018729925156,-0.07833597809076309,0.01022895468149828,-0.004043008333188922,0.010228954681498377,-0.0040430083331888245,0.055419921875,0.0,0.387939453125,-0.22593634134874235,0.002541865413432635,-6.022202690652125e-05,5865.114170008997,False,True,True,Omega_safe_one_step_QP,False,0.33251953125,0.0,1.099897405480991,False,False,False
558,68.99459949497032,-3345.816748017256,9.58326685894743,5.41141989275723,36.16203722034993,25.083589775255913,0.2,0.0,0.0,25.451787195235344,50.18562028053777,180.73021421889007,209.46541310785187,0.0,0.0,0.0,0.0,2.7755575615628914e-17,-1.249000902703301e-16,0.055419921875,0.0,nan,nan,0.0005615521309049682,-1.6180790778849274e-05,5845.4135198447475,False,True,True,Omega_safe_one_step_QP,False,0.33251953125,0.0,0.0,False,False,False,0.2,-0.007240688893944025,0.05277109891176224,25.391862986606636,50.1727342213719,183.42568916854322,211.80132411710028,-0.03620344400405884,0.2638554871082306,0.0069166730907921775,0.02101825815159071,0.006916673090792191,0.02101825815159076,0.055419921875,0.0,0.009795128634154701,0.33251953125,0.0005612089676240111,-1.6487273151877344e-05,5914.408119339718,False,True,True,Omega_safe_one_step_QP,False,0.33251953125,0.0,2.212707713123909,False,False,False
559,16.548551684538324,-3329.2681963327177,11.34131887672945,4.699133464100045,39.88215672761356,24.720233193749824,0.2,0.0,0.0,25.44836422529062,50.18315781606247,181.43164818901232,209.46838468115223,0.0,0.0,0.0,0.0,-5.551115123125783e-17,1.249000902703301e-16,0.055419921875,0.0,nan,nan,-0.0016048707093958513,7.644557170228584e-06,6033.709155116823,False,True,True,Omega_safe_one_step_QP,False,0.33251953125,0.0,0.0,False,False,False,0.2,-0.045706022530794144,0.022055892273783684,25.390862610285705,50.17066203164722,181.9144796519334,210.93773375710668,-0.22853010892868042,0.11027946323156357,-0.012379442492151477,0.012804119867707714,-0.012379442492151588,0.012804119867707645,0.055419921875,0.0,-0.387939453125,0.21394744219941114,-0.001598346980596167,7.658942635779126e-06,6050.257706801362,False,True,True,Omega_safe_one_step_QP,False,0.33251953125,0.0,1.7809999494753304,False,False,False
560,-66.55246601022372,-3395.8206623429414,8.360796276862025,6.052421633061618,37.11218368273293,25.897597550154895,0.2,0.0,0.0,25.413032390088187,50.18128718953313,188.41655675512493,210.8474420287666,0.0,0.0,0.0,0.0,1.1102230246251565e-16,1.1102230246251565e-16,0.055419921875,0.0,nan,nan,0.0021392169523985066,-3.4653120704556534e-06,5906.556235544026,False,True,True,Omega_safe_one_step_QP,False,0.33251953125,0.0,0.0,False,False,False,0.2,-0.1417248547077179,-0.0004102250677533448,25.356255073066496,50.16885849943862,185.35309379736503,211.7676374537451,-0.7086242437362671,-0.002051125280559063,-0.04835858152201126,0.007233716777319106,-0.048358581522011244,0.007233716777319078,0.055419921875,0.0,-0.387939453125,-0.0012833114560148575,0.002139550628513195,-2.878365467785804e-06,5840.003769533802,False,True,True,Omega_safe_one_step_QP,False,0.33251953125,0.0,4.889661609186751,False,False,False
561,21.54662212304538,-3374.274040219896,10.450264206789143,4.119201517901002,41.113483100808644,27.23234760162219,0.2,0.0,0.0,25.439644445952347,50.18028372210331,183.17979315553356,209.66599608965913,0.0,0.0,0.0,0.0,-1.249000902703301e-16,2.7755575615628914e-17,0.055419921875,0.0,nan,nan,-0.000954641615852205,7.725694883574949e-05,5989.108562484238,False,True,True,Omega_safe_one_step_QP,False,0.33251953125,0.0,0.0,False,False,False,0.2,-0.05773386359214783,0.008744927123188972,25.380624121772424,50.16738300662999,183.88672756726734,210.7174069641252,-0.28866931796073914,0.04372463375329971,-0.01704520159315691,0.007520925314755227,-0.017045201593156825,0.0075209253147551225,0.055419921875,0.0,-0.387939453125,0.06715548176624936,-0.0009514970494999908,7.730346535053797e-05,6010.655184607283,False,True,True,Omega_safe_one_step_QP,False,0.33251953125,0.0,1.8630706238397907,False,False,False
562,-8.800292253339649,-3383.0743324732357,12.445741445158948,4.54828654296871,40.36766909466394,22.443067662127934,0.2,0.0,0.0,25.41552048565715,50.18008438343691,187.9355457766577,210.66503712333426,0.0,0.0,0.0,0.0,-1.3877787807814457e-17,-6.245004513516506e-17,0.055419921875,0.0,nan,nan,-0.0028531314222414324,-4.303834262974794e-05,6305.248061336769,False,True,True,Omega_safe_one_step_QP,False,0.33251953125,0.0,0.0,False,False,False,0.2,-0.08670450001955032,0.006685133557766676,25.35736168370768,50.16729998147873,187.38972153927708,211.7244981475187,-0.433522492647171,0.03342566639184952,-0.02973602477375717,0.00756692678231953,-0.029736024773757308,0.007566926782319662,0.055419921875,0.0,-0.387939453125,0.034184115418399844,-0.002845499398117059,-4.327327825318257e-05,6296.447769083429,False,True,True,Omega_safe_one_step_QP,False,0.33251953125,0.0,3.0683701704235227,False,False,False
563,-85.13401628498104,-3468.2083487582167,9.977343099238736,4.257042858002125,39.33617200327206,25.800982188225827,0.2,0.0,0.0,25.36685313556995,50.17821815014415,197.5493365929194,212.60584216461382,0.0,0.0,0.0,0.0,1.0061396160665481e-16,-4.163336342344337e-17,0.26014284641297625,-0.05033574002966734,nan,nan,-0.0004048153484582631,2.1396282829361842e-05,6289.762007144628,True,True,True,Z_mode_existing_controller,False,0.05060201485354432,0.0,0.0,False,False,False,0.2,-0.18950925767421722,0.0019432094413787127,25.308605395881617,50.16534388440516,193.79414253128436,212.86211434297832,-0.9475462436676025,0.00971604697406292,-0.0638537447808319,-0.0007796715749654043,-0.06385374478083186,-0.0007796715749655084,0.26014284641297625,-0.05033574002966734,-0.32560894130464346,-0.044329498339068414,-0.00040445083604033656,2.140151368242374e-05,6204.627990859647,True,True,True,Z_mode_existing_controller,False,0.05060201485354432,0.0,6.385850460432356,False,False,False
564,-80.37691650996203,-3548.585265268179,9.856726590242266,7.271384324936786,39.60067451251903,24.51308263065427,0.2,0.0,0.0,25.362867351363462,50.179138098769265,198.32192982503497,212.81849997803567,0.0,0.0,0.0,0.0,1.249000902703301e-16,3.469446951953614e-17,0.26014284641297625,-0.05033574002966734,nan,nan,0.001379637577387714,-1.829577436961334e-05,6294.572674752803,True,True,True,Z_mode_existing_controller,False,0.05060201485354432,0.0,0.0,False,False,False,0.2,-0.17826442420482635,0.011429226025938988,25.3018232996134,50.16568963502789,194.73908747780644,213.59816830473824,-0.8913220763206482,0.05714612826704979,-0.06021084541286369,0.004890581839347569,-0.0602108454128637,0.004890581839347659,0.26014284641297625,-0.05033574002966734,-0.32560894130464346,-0.012780913222326974,0.0013797545836245805,-1.8269527761010686e-05,6214.195758242841,True,True,True,Z_mode_existing_controller,False,0.05060201485354432,0.0,6.040913586585333,False,False,False
565,-29.96677052223913,-3578.552035790418,10.373631882148247,6.197369098107304,47.465726908909566,23.75087994076439,0.2,0.0,0.0,25.386284658572308,50.17938196325224,193.70029880750062,211.84016229784868,0.0,0.0,0.0,0.0,9.194034422677078e-17,-1.457167719820518e-16,0.26014284641297625,-0.05033574002966734,nan,nan,0.0004991086732761916,-3.0898511848053214e-06,6235.042666153061,True,True,True,Z_mode_existing_controller,False,0.05060201485354432,0.0,0.0,False,False,False,0.2,-0.18672002851963043,-0.021223295480012894,25.32259151498391,50.16537381705337,192.2891723943434,210.96070022036162,-0.933600127696991,-0.10611647367477417,-0.03696031955114146,-0.011338091513851747,-0.036960319551141325,-0.01133809151385188,0.26014284641297625,-0.05033574002966734,-0.18504765972225745,-0.10093775488321166,0.0004998184677740885,-3.070758227264811e-06,6205.075895630822,True,True,True,Z_mode_existing_controller,False,0.05060201485354432,0.0,3.866028376123177,False,False,False
566,-96.42010113275046,-3674.9721369231684,8.757698915334277,6.252106482892778,43.87698224848231,22.860945946290784,0.2,0.0,0.0,25.39267095042464,50.17921195193564,192.4409917392677,211.55617140975804,0.0,0.0,0.0,0.0,2.0816681711721685e-17,-3.469446951953614e-17,0.26014284641297625,-0.05033574002966734,nan,nan,0.0019880422087200983,-6.828966648483089e-05,6040.514623547156,True,True,True,Z_mode_existing_controller,False,0.05060201485354432,0.0,0.0,False,False,False,0.2,-0.19041134417057037,-0.0019812819082289934,25.328106957277647,50.16503925727032,188.11766614124036,211.47109380451002,-0.9520567059516907,-0.009906409308314323,-0.06452425977500906,-0.0030875788773801205,-0.06452425977500895,-0.0030875788773802038,0.26014284641297625,-0.05033574002966734,-0.32560894130464346,-0.05643064695221971,0.001988883897343605,-6.761101552169566e-05,5944.094522414405,True,True,True,Z_mode_existing_controller,False,0.05060201485354432,0.0,6.459809008660303,False,False,False
567,16.018235745599668,-3658.9539011775687,10.89474070338385,3.8411567744771937,38.57418106353482,24.262331899705835,0.2,0.0,0.0,25.420350258297347,50.17754301891689,187.00166737165645,210.29321063518935,0.0,0.0,0.0,0.0,-4.163336342344337e-17,-9.020562075079397e-17,0.055419921875,0.0,nan,nan,-0.0016756371053052623,-1.6209656437168613e-05,6127.457696885188,False,True,True,Omega_safe_one_step_QP,False,0.33251953125,0.0,0.0,False,False,False,0.2,-0.04712348431348801,-0.028952283784747124,25.35256264891181,50.162732066760064,187.49491326829366,209.48087256889943,-0.23561741411685944,-0.14476141333580017,-0.015542090735253228,-0.01011028976108165,-0.015542090735253311,-0.010110289761081706,0.055419921875,0.0,-0.387939453125,-0.2723963779553125,-0.0016706925410482727,-1.6045607344477566e-05,6143.475932630788,False,True,True,Omega_safe_one_step_QP,False,0.33251953125,0.0,1.854115809424754,False,False,False
568,-96.65363656576574,-3755.6075377433344,9.717439370702229,5.460926955617239,35.942740310552665,23.035070012450703,0.2,0.0,0.0,25.38858068138005,50.176075617170994,193.27958329406601,211.54446428730867,0.0,0.0,0.0,0.0,-1.3877787807814457e-16,1.249000902703301e-16,0.26014284641297625,-0.05033574002966734,nan,nan,0.0004412273364692931,-7.775131387620024e-05,6160.557577192492,True,True,True,Z_mode_existing_controller,False,0.05060201485354432,0.0,0.0,False,False,False,0.2,-0.18868015706539154,0.00035114813363179564,25.32154437209577,50.1614071673787,189.00278331546644,211.58978429867184,-0.9434008002281189,0.0017557406099513173,-0.06404031225953649,-0.001703833500198558,-0.06404031225953648,-0.001703833500198683,0.26014284641297625,-0.05033574002966734,-0.32560894130464346,-0.04924561136840465,0.0004423521889393399,-7.760681091465707e-05,6063.903940626727,True,True,True,Z_mode_existing_controller,False,0.05060201485354432,0.0,6.406297404035605,False,False,False
569,-54.919628734854996,-3810.5271664781894,8.685702563002266,4.575900481232588,37.42553930972757,26.398752917839907,0.2,0.0,0.0,25.393760720760014,50.17435594715365,192.2763094070996,211.22606326947601,0.0,0.0,0.0,0.0,-1.3530843112619095e-16,-6.245004513516506e-17,0.26014284641297625,-0.05033574002966734,nan,nan,0.0011058689235881544,1.58911607544528e-05,6031.067200383263,True,True,True,Z_mode_existing_controller,False,0.05060201485354432,0.0,0.0,False,False,False,0.2,-0.13585823774337769,0.004714896436780691,25.323552713341474,50.159043586691226,189.70688629517187,211.55615693325183,-0.6792911887168884,0.023574482649564743,-0.046216927625151276,0.001386818957790699,-0.04621692762515126,0.0013868189577905601,0.26014284641297625,-0.05033574002966734,-0.32560894130464346,-0.03000749889669751,0.0011045955716224966,1.6283522171151987e-05,5976.147571648408,True,True,True,Z_mode_existing_controller,False,0.05060201485354432,0.0,4.623772989594272,False,False,False
570,-100.16949159305022,-3910.6966580712397,10.66301823597461,4.481985973153667,38.71563565334046,26.124181034386037,0.2,0.0,0.0,25.408085750222696,50.174357901163496,189.44995866192588,210.6172705668131,0.0,0.0,0.0,0.0,4.85722573273506e-17,-6.245004513516506e-17,0.055419921875,0.0,nan,nan,-0.0010330526024961144,3.7552652934391174e-05,6163.764295724494,False,True,True,Omega_safe_one_step_QP,False,0.33251953125,0.0,0.0,False,False,False,0.2,-0.18009303510189056,-0.011180293746292591,25.33606553947531,50.15867263193661,185.0611894930587,211.2825593187618,-0.9004651308059692,-0.05590146780014038,-0.06368481041542426,0.004923885174063211,-0.06368481041542431,0.004923885174063093,0.055419921875,0.0,-0.387939453125,-0.027524040809619604,-0.0010313844035728268,3.71708092476138e-05,6063.594804131444,False,True,True,Omega_safe_one_step_QP,False,0.33251953125,0.0,6.387487552125551,False,False,False
571,-80.4749628603322,-3991.171620931572,7.703612134400709,4.429722533783053,40.41331804953986,20.641925124331152,0.2,0.0,0.0,25.387989409541632,50.174354431395216,193.40941895655007,211.45751438958746,0.0,0.0,0.0,0.0,-8.673617379884035e-17,-1.1796119636642288e-16,0.26014284641297625,-0.05033574002966734,nan,nan,0.0021521694095884645,-0.0001611325188369886,5956.984116340108,True,True,True,Z_mode_existing_controller,False,0.05060201485354432,0.0,0.0,False,False,False,0.2,-0.1940554529428482,-0.0025671878829598427,25.312735199029714,50.1579818696304,189.67694984449588,211.42606927798943,-0.9702772498130798,-0.012835939414799213,-0.06605519526249802,-0.0034676541973120423,-0.066055195262498,-0.00346765419731207,0.26014284641297625,-0.05033574002966734,-0.32560894130464346,-0.058084735840125745,0.0021508166902042725,-0.00016008237763959947,5876.509153479776,True,True,True,Z_mode_existing_controller,False,0.05060201485354432,0.0,6.614615216925975,False,False,False
572,30.46949765228146,-3960.7021232792904,9.968125964042505,4.7067507360944685,38.460113703066845,21.032402266263528,0.2,0.0,0.0,25.418946188121293,50.17099214213789,187.34390971027108,209.96345665272747,0.0,0.0,0.0,0.0,-1.3877787807814457e-16,1.1102230246251565e-16,0.055419921875,0.0,nan,nan,-0.0001682673319589763,-0.00012504995869081588,6043.178788859457,False,True,True,Omega_safe_one_step_QP,False,0.33251953125,0.0,0.0,False,False,False,0.2,-0.09568757563829422,-0.15914160013198853,25.34095728654482,50.154087276757224,188.50999819546223,205.90892044488322,-0.4784378707408905,-0.7957080006599426,-0.015330264775090807,-0.0433108761170036,-0.015330264775090904,-0.04331087611700371,0.055419921875,0.0,-0.14451515337437149,-0.33251953125,-0.00016720336172783637,-0.00012423352323892166,6073.648286511739,False,True,True,Omega_safe_one_step_QP,False,0.33251953125,0.0,4.594397684242019,False,False,False
573,117.76313916382787,-3842.9389841154625,9.558134898934709,4.626979241147587,40.20372207427311,28.08735245075715,0.2,0.0,0.0,25.410089846577204,50.167418533431736,189.12955069423808,210.1341373977436,0.0,0.0,0.0,0.0,9.71445146547012e-17,-1.1102230246251565e-16,0.055419921875,0.0,nan,nan,0.00026802957393082965,8.783002099665028e-05,6044.404048081463,False,True,True,Omega_safe_one_step_QP,False,0.33251953125,0.0,0.0,False,False,False,0.2,0.03368691727519035,-0.07803814858198166,25.33338011932259,50.15087447685203,193.91056103612044,209.94851033823733,0.16843459010124207,-0.3901907205581665,0.02081225758361603,-0.004738665033467718,0.02081225758361604,-0.004738665033467718,0.26014284641297625,-0.05033574002966734,0.28198634115630083,-0.10093775488321166,0.0002646414936543235,8.752766232978455e-05,6162.167187245291,True,True,True,Z_mode_existing_controller,False,0.05060201485354432,0.0,2.1344905997127075,False,False,False
574,100.54160890921048,-3742.397375206252,11.315438539359835,4.71900347110248,41.080376381056524,24.0957805056446,0.2,0.0,0.0,25.409265443568618,50.168389014135904,189.2783305938028,210.21648234777246,0.0,0.0,0.0,0.0,4.85722573273506e-17,1.3877787807814457e-17,0.055419921875,0.0,nan,nan,-0.0015169425416912152,-4.9441321490154705e-06,6225.151425701741,False,True,True,Omega_safe_one_step_QP,False,0.33251953125,0.0,0.0,False,False,False,0.2,-0.07837336510419846,-0.07527939975261688,25.336690110673718,50.15264921563578,193.21970858451343,209.9957202137126,-0.3918668329715729,-0.3763969838619232,0.015107997324327983,-0.004759020191058394,0.015107997324327955,-0.004759020191058269,0.26014284641297625,-0.05033574002966734,0.20746110083374109,-0.10093775488321166,-0.0015069084247966331,-4.185661086241171e-06,6325.693034610951,True,True,True,Z_mode_existing_controller,False,0.05060201485354432,0.0,1.5839818696272971,False,False,False
575,-64.05867342279089,-3806.456048629043,6.983781542704266,5.199350959305006,35.99386323608949,26.54734679298447,0.2,0.0,0.0,25.381786670907164,50.16752478995905,194.7032766147442,211.32024852158628,0.0,0.0,0.0,0.0,1.2967057982926633e-16,9.71445146547012e-17,0.26014284641297625,-0.05033574002966734,nan,nan,0.003137958575668496,-5.900908839748774e-06,5913.346923363223,True,True,True,Z_mode_existing_controller,False,0.05060201485354432,0.0,0.0,False,False,False,0.2,-0.15365532040596008,0.013070258311927319,25.31285051308365,50.15247529520917,191.64826444186963,212.15055092286926,-0.768276572227478,0.06535129249095917,-0.05221231119106082,0.006100873471997406,-0.05221231119106079,0.006100873471997351,0.26014284641297625,-0.05033574002966734,-0.32560894130464346,-0.0005104092053560827,0.0031350988860029735,-4.797170761549176e-06,5849.288249940432,True,True,True,Z_mode_existing_controller,False,0.05060201485354432,0.0,5.256753843422282,False,False,False
576,78.89430741617343,-3727.5617412128695,12.112681071650284,6.579246753218849,38.567132512162026,23.65600594827794,0.2,0.0,0.0,25.42862081213399,50.1674860303711,185.46864152767844,209.34041365392156,0.0,0.0,0.0,0.0,-4.163336342344337e-17,-1.1102230246251565e-16,0.055419921875,0.0,nan,nan,-0.0011969014780014251,-1.9972740000682304e-05,6210.180983124425,False,True,True,Omega_safe_one_step_QP,False,0.33251953125,0.0,0.0,False,False,False,0.2,0.0007059163181111217,-0.0733751729130745,25.35745029031519,50.15198542443488,188.51817070356802,207.5943004507019,0.0035295814741402864,-0.36687585711479187,0.00966471439617031,-0.01945554015905225,0.009664714396170268,-0.01945554015905228,0.055419921875,0.0,0.05861897345990209,-0.33251953125,-0.0011816638505238422,-1.8820940772768186e-05,6289.075290540599,False,True,True,Omega_safe_one_step_QP,False,0.33251953125,0.0,2.172382901884564,False,False,False
577,-101.12672654771268,-3828.688467760582,8.837113762181819,3.83291363565945,41.81539347691322,24.17460290011231,0.2,0.0,0.0,25.402794545595,50.1657323726873,190.57828300388917,210.32569962427127,0.0,0.0,0.0,0.0,-6.938893903907228e-17,-7.632783294297951e-17,0.26014284641297625,-0.05033574002966734,nan,nan,0.000681061361864629,-3.397223405286927e-05,6006.280334508889,True,True,True,Z_mode_existing_controller,False,0.05060201485354432,0.0,0.0,False,False,False,0.2,-0.18451647460460663,0.010445522144436836,25.334613431940635,50.15083037510035,186.03154539312553,210.900374238463,-0.9225823879241943,0.05222760885953903,-0.06275753424888977,0.004251102265214204,-0.06275753424888966,0.0042511022652140795,0.26014284641297625,-0.05033574002966734,-0.32560894130464346,-0.017176190006511265,0.0006823396235764003,-3.3362933229861766e-05,5905.153607961176,True,True,True,Z_mode_existing_controller,False,0.05060201485354432,0.0,6.29013511418464,False,False,False
578,-99.21165385117911,-3927.9001216117613,11.007804710159471,3.6681091911650947,44.973079722799895,26.25608144342415,0.2,0.0,0.0,25.40936897909425,50.16449663995265,189.29443518172735,209.9752140337537,0.0,0.0,0.0,0.0,-1.3877787807814457e-16,-8.326672684688674e-17,0.055419921875,0.0,nan,nan,-0.0017240600145934323,7.202898644612207e-05,6194.16342264296,False,True,True,Omega_safe_one_step_QP,False,0.33251953125,0.0,0.0,False,False,False,0.2,-0.17345364391803741,-0.0019489018013700843,25.337804537770847,50.148902482601315,184.95884346324306,211.09582712521097,-0.8672682046890259,-0.009744509123265743,-0.06062949973856638,0.00982675466032925,-0.06062949973856645,0.009826754660329173,0.055419921875,0.0,-0.387939453125,-0.004981526274536576,-0.0017227859793727904,7.14518054570634e-05,6094.9517687917805,False,True,True,Omega_safe_one_step_QP,False,0.33251953125,0.0,6.142069151111144,False,False,False
579,-88.1624909545053,-4016.0626125662666,7.733201133577214,5.081817506182582,39.73192953741159,24.89323893260269,0.2,0.0,0.0,25.378808469157164,50.16518491195151,195.30864447751787,211.29410913691157,0.0,0.0,0.0,0.0,8.413408858487514e-17,4.163336342344337e-17,0.26014284641297625,-0.05033574002966734,nan,nan,0.0023816890297039843,-3.557159866200959e-05,6004.241733521781,True,True,True,Z_mode_existing_controller,False,0.05060201485354432,0.0,0.0,False,False,False,0.2,-0.1963348686695099,0.0008724466897547245,25.30404535820576,50.14889482264468,191.2388230122759,211.4254883974376,-0.981674313545227,0.0043622334487736225,-0.06686923511211133,-0.0014759507020364743,-0.06686923511211132,-0.0014759507020364396,0.26014284641297625,-0.05033574002966734,-0.32560894130464346,-0.04773285440025641,0.002380925040603676,-3.444576682104885e-05,5916.079242567275,True,True,True,Z_mode_existing_controller,False,0.05060201485354432,0.0,6.68855218635068,False,False,False
580,25.882691657036958,-3990.1799209092296,13.03824678176853,7.046297435887171,39.79525325394874,24.354316046834704,0.2,0.0,0.0,25.414806346997416,50.16465330041596,188.21604649114846,209.7434509898754,0.0,0.0,0.0,0.0,-5.551115123125783e-17,8.326672684688674e-17,0.055419921875,0.0,nan,nan,-0.0016993162155995117,1.9300241842229275e-05,6371.2920675112955,False,True,True,Omega_safe_one_step_QP,False,0.33251953125,0.0,0.0,False,False,False,0.2,-0.04786374047398567,-0.023283405229449272,25.33704226559751,50.14777370024962,189.0458488007577,209.25912683314903,-0.23931869864463806,-0.11641702055931091,-0.016578165411412542,-0.0073141477038725505,-0.016578165411412438,-0.007314147703872689,0.055419921875,0.0,-0.387939453125,-0.21567298936887203,-0.0016830196783861164,1.9804253180204234e-05,6397.1747591683325,False,True,True,Omega_safe_one_step_QP,False,0.33251953125,0.0,1.8119942743900068,False,False,False
581,-94.12511250990974,-4084.3050334191394,11.171877988454085,4.830640201495748,43.90252925178385,23.440919016539457,0.2,0.0,0.0,25.38372470924333,50.164119479900926,194.347370220428,211.01709716782696,0.0,0.0,0.0,0.0,-5.984795992119984e-17,2.0816681711721685e-17,0.26014284641297625,-0.05033574002966734,nan,nan,-0.001208743694118863,-1.3918878214774257e-05,6334.917752574668,True,True,True,Z_mode_existing_controller,False,0.05060201485354432,0.0,0.0,False,False,False,0.2,-0.1934191882610321,-0.004739191848784685,25.307195285828982,50.147438935747054,190.25215123313626,210.79610830713023,-0.9670959115028381,-0.02369595877826214,-0.06597566058496505,-0.004733470148500105,-0.06597566058496493,-0.00473347014850007,0.26014284641297625,-0.05033574002966734,-0.32560894130464346,-0.06468793601766837,-0.0012074458199086476,-1.4487064915198961e-05,6240.792640064758,True,True,True,Z_mode_existing_controller,False,0.05060201485354432,0.0,6.614524570420178,False,False,False
582,-96.34810836913584,-4180.653141788275,11.514445747292973,6.302258726096532,43.594918943485574,25.234225082676144,0.2,0.0,0.0,25.36507429795967,50.16387470252139,198.02463177255103,211.78321377534394,0.0,0.0,0.0,0.0,1.1796119636642288e-16,6.938893903907228e-18,0.26014284641297625,-0.05033574002966734,nan,nan,-0.0006274485179877149,4.445875745437292e-05,6460.4208913783,True,True,True,Z_mode_existing_controller,False,0.05060201485354432,0.0,0.0,False,False,False,0.2,-0.1920388638973236,-0.004242445807904005,25.28556150087247,50.14657773335315,193.85147984898416,211.5620214251406,-0.9601942896842957,-0.021212227642536163,-0.0656528059172053,-0.004428530828769171,-0.06565280591720525,-0.004428530828769303,0.26014284641297625,-0.05033574002966734,-0.32560894130464346,-0.06327593435201839,-0.000626276248648608,4.36926615887043e-05,6364.072783009165,True,True,True,Z_mode_existing_controller,False,0.05060201485354432,0.0,6.580199700695699,False,False,False
583,-96.76329030208763,-4277.416432090363,12.399241424836605,3.4291439097520837,35.993054910470214,26.10122645996028,0.2,0.0,0.0,25.358185421767004,50.165369163807156,199.3627898023143,212.14973599380778,0.0,0.0,0.0,0.0,-2.0816681711721685e-17,1.3877787807814457e-17,0.26014284641297625,-0.05033574002966734,nan,nan,-0.003679909765135697,4.9473988970207775e-05,6589.5826777629845,True,True,True,Z_mode_existing_controller,False,0.05060201485354432,0.0,0.0,False,False,False,0.2,-0.18864044547080994,0.002908522030338645,25.275636368982244,50.147440992309946,195.21076064894342,212.32492961737725,-0.9432021975517273,0.014542610384523869,-0.06463249618885705,-0.00020544527101612475,-0.06463249618885698,-0.0002054452710161872,0.26014284641297625,-0.05033574002966734,-0.32560894130464346,-0.041304421350182106,-0.0036768844573739938,4.8253010547481346e-05,6492.819387460897,True,True,True,Z_mode_existing_controller,False,0.05060201485354432,0.0,6.46328227092241,False,False,False
584,-201.61700289826058,-4479.033434988623,9.56327286674774,5.203489079885056,44.13133552256679,25.06462084890052,0.2,0.0,0.0,25.306611979921843,50.16716802745597,209.50637527729106,214.41446825958755,0.0,0.0,0.0,0.0,-5.551115123125783e-17,1.249000902703301e-16,0.055419921875,0.0,nan,nan,0.0006521842855698005,9.951776609574622e-06,6532.356909005196,False,True,True,Omega_safe_one_step_QP,False,0.33251953125,0.0,0.0,False,False,False,0.2,-0.19737519323825836,-0.04987319931387901,25.221083928149522,50.1485932744856,200.76283592737573,212.70908216046575,-0.9868759512901306,-0.24936600029468536,-0.109911268053067,-0.01877620715739652,-0.10991126805306707,-0.018776207157396616,0.055419921875,0.0,-0.387939453125,-0.11202902509820459,0.0006532555366713742,1.0486654889606175e-05,6330.739906106935,False,True,True,Omega_safe_one_step_QP,False,0.33251953125,0.0,11.150351025977011,False,False,False
585,-146.073939338753,-4625.107374327376,9.221061826872711,4.4091818426305265,38.55759092259043,28.434873819657316,0.2,0.0,0.0,25.32840407723472,50.16974684581391,205.1776782846623,213.63298695446727,0.0,0.0,0.0,0.0,-6.938893903907228e-17,-9.020562075079397e-17,0.055419921875,0.0,nan,nan,0.0004612137205180344,8.653662433476218e-05,6393.039282386865,False,True,True,Omega_safe_one_step_QP,False,0.33251953125,0.0,0.0,False,False,False,0.2,-0.1947951763868332,-0.06047059968113899,25.236161667098916,50.14988315903677,198.73742906149775,211.81858829846928,-0.9739758372306824,-0.30235299468040466,-0.10322711154772736,-0.02251118071577328,-0.10322711154772737,-0.022511180715773245,0.055419921875,0.0,-0.387939453125,-0.1376328088702979,0.0004616508376125029,8.707051250195783e-05,6246.965343048112,False,True,True,Omega_safe_one_step_QP,False,0.33251953125,0.0,10.56531580962215,False,False,False
586,-91.94208892680308,-4717.0494632541795,9.007501502815845,3.6927362191924127,41.251820724500746,19.62655460995249,0.2,0.0,0.0,25.34374388389751,50.17317889333715,202.11093231463985,213.17009918435068,0.0,0.0,0.0,0.0,2.7755575615628914e-17,6.245004513516506e-17,0.055419921875,0.0,nan,nan,0.00039666005390714834,-0.00017211872752617924,6297.365623348203,False,True,True,Omega_safe_one_step_QP,False,0.33251953125,0.0,0.0,False,False,False,0.2,-0.18264995515346527,-0.0197929497808218,25.246669723523073,50.1524004455503,197.89895408952256,213.38427269825,-0.9132497906684875,-0.09896475076675415,-0.09347908756840567,-0.004272903169758809,-0.09347908756840562,-0.004272903169758847,0.055419921875,0.0,-0.387939453125,-0.04804485080140493,0.0003945490034093207,-0.0001716529671107474,6205.4235344214,False,True,True,Omega_safe_one_step_QP,False,0.33251953125,0.0,9.35766932206934,False,False,False
587,-66.52314194016344,-4783.572605194343,9.218623220336962,5.230254598372304,40.506913530235,27.423136387288633,0.2,0.0,0.0,25.35556884046992,50.170953114025,199.8036651032485,212.54411891544282,0.0,0.0,0.0,0.0,1.249000902703301e-16,8.326672684688674e-17,0.26014284641297625,-0.05033574002966734,nan,nan,0.0009354654895484687,6.331651196028569e-05,6264.05164677731,True,True,True,Z_mode_existing_controller,False,0.05060201485354432,0.0,0.0,False,False,False,0.2,-0.18380816280841827,-0.028347520157694817,25.255448578867654,50.14955884688207,196.68469395140966,212.615256870033,-0.9190407991409302,-0.14173759520053864,-0.0914708024429052,-0.007152966576744191,-0.0914708024429051,-0.007152966576744121,0.055419921875,0.0,-0.387939453125,-0.06837639105840551,0.0009329541820927902,6.35992400923348e-05,6197.528504837147,False,True,True,Omega_safe_one_step_QP,False,0.33251953125,0.0,9.17500552065066,False,False,False
588,-42.5754417872904,-4826.148046981633,9.802676676443332,3.031643764133902,40.166971236202315,25.531560563710144,0.2,0.0,0.0,25.373574256040595,50.17308365299538,196.22674231686094,211.89743612075284,0.0,0.0,0.0,0.0,-7.806255641895632e-17,7.632783294297951e-17,0.26014284641297625,-0.05033574002966734,nan,nan,-0.000861772109343627,1.4061645909304882e-05,6240.255671381105,True,True,True,Z_mode_existing_controller,False,0.05060201485354432,0.0,0.0,False,False,False,0.2,-0.18832674622535706,-0.02570652961730957,25.271299311164565,50.151250032849404,194.13179470332642,212.31502875999715,-0.9416337013244629,-0.12853264808654785,-0.08831786900677961,-0.004849774100477135,-0.08831786900677953,-0.004849774100477169,0.055419921875,0.0,-0.387939453125,-0.06051838696831259,-0.0008623356468258712,1.4091111243046388e-05,6197.680229593814,False,True,True,Omega_safe_one_step_QP,False,0.33251953125,0.0,8.845092591219329,False,False,False
589,-43.25391818348908,-4869.401965165122,8.249699265604516,4.1945754859032975,39.873362805569776,24.8246122577249,0.2,0.0,0.0,25.361656472762295,50.173668485211344,198.56699450764498,212.42570082466722,0.0,0.0,0.0,0.0,1.249000902703301e-16,6.938893903907228e-17,0.26014284641297625,-0.05033574002966734,nan,nan,0.0014374778950233997,-3.078943041853006e-05,6133.77114255807,True,True,True,Z_mode_existing_controller,False,0.05060201485354432,0.0,0.0,False,False,False,0.2,-0.19046495854854584,0.00510526355355978,25.258094048678288,50.15154514252345,196.3554815433383,214.18650055278084,-0.9523247480392456,0.025526316836476326,-0.09478835119215867,0.007713656720271599,-0.09478835119215866,0.007713656720271526,0.055419921875,0.0,-0.387939453125,0.011883899671443392,0.0014305626735700225,-3.0438668481746773e-05,6090.517224374581,False,True,True,Omega_safe_one_step_QP,False,0.33251953125,0.0,9.51016930539419,False,False,False
590,36.030834226205116,-4833.371130938917,14.190327842322446,6.07894658221153,43.15080691338286,25.22725224227205,0.2,0.0,0.0,25.386161289737537,50.17371829091927,193.73327843699312,211.39095402047806,0.0,0.0,0.0,0.0,-8.673617379884035e-18,3.469446951953614e-17,0.26014284641297625,-0.05033574002966734,nan,nan,-0.0033819079114281855,8.154268921177661e-05,6628.399400531286,True,True,True,Z_mode_existing_controller,False,0.05060201485354432,0.0,0.0,False,False,False,0.2,-0.19653628766536713,-0.01054487656801939,25.281127080443902,50.15125549102196,194.85049657705335,211.6547421045813,-0.982681393623352,-0.052724383771419525,-0.06712087026686642,-0.008165706652551744,-0.06712087026686628,-0.008165706652551667,0.26014284641297625,-0.05033574002966734,-0.32560894130464346,-0.0817634238144335,-0.0033541165965771487,8.238347457760909e-05,6664.430234757491,True,True,True,Z_mode_existing_controller,False,0.05060201485354432,0.0,6.761575253235748,False,False,False
591,-77.07760843285814,-4910.448739371775,8.48303055924592,6.676256561445192,36.29432498856273,24.50267939049062,0.2,0.0,0.0,25.334377404554882,50.17526431098723,203.92133090490333,213.6506590996453,0.0,0.0,0.0,0.0,0.0,0.0,0.055419921875,0.0,nan,nan,0.002266468458924714,-4.9902941941465905e-05,6283.908512501648,False,True,True,Omega_safe_one_step_QP,False,0.33251953125,0.0,0.0,False,False,False,0.2,-0.18997924029827118,-0.034223586320877075,25.231093597967437,50.15304652970329,200.31101921581788,213.35762620571037,-0.9498962163925171,-0.17111793160438538,-0.10376710119366447,-0.011885870625481156,-0.10376710119366457,-0.011885870625481083,0.055419921875,0.0,-0.387939453125,-0.07986845203539161,0.002261951768530411,-4.9246886147551574e-05,6206.83090406879,False,True,True,Omega_safe_one_step_QP,False,0.33251953125,0.0,10.44456088625171,False,False,False
592,-18.709802014825073,-4929.1585413866005,9.023060673294767,7.115232678313513,37.20442686061449,25.52804168904861,0.2,0.0,0.0,25.37574082041497,50.175759365156615,195.75891401759733,211.93055633368448,0.0,0.0,0.0,0.0,-6.938893903907228e-18,-2.7755575615628914e-17,0.26014284641297625,-0.05033574002966734,nan,nan,0.002006888303757178,-7.419673038173199e-06,6147.264334699559,True,True,True,Z_mode_existing_controller,False,0.05060201485354432,0.0,0.0,False,False,False,0.2,-0.18310537934303284,-0.03871021419763565,25.26988773260322,50.15304353545413,194.66324345699766,211.84786398904828,-0.9155268669128418,-0.19355106353759766,-0.08651163194431895,-0.011082438664612844,-0.08651163194431892,-0.011082438664612747,0.055419921875,0.0,-0.387939453125,-0.09373037774399447,0.0020023918692512873,-7.330917128176191e-06,6128.554532684734,False,True,True,Omega_safe_one_step_QP,False,0.33251953125,0.0,8.72185926762419,False,False,False
593,171.7014017596939,-4757.457139626907,10.880550538675852,3.092503944067084,44.23328774134161,23.584301828497246,0.2,0.0,0.0,25.40645823958256,50.17583572779745,189.7001504601082,210.63569046454504,0.0,0.0,0.0,0.0,-5.551115123125783e-17,9.71445146547012e-17,0.055419921875,0.0,nan,nan,-0.0019508353529919397,-1.3102498499316124e-05,6191.221583677006,False,True,True,Omega_safe_one_step_QP,False,0.33251953125,0.0,0.0,False,False,False,0.2,-0.033187706023454666,-0.0008140515419654548,25.300082839367178,50.153007144721016,196.49712835058293,211.6439877200605,-0.16593852639198303,-0.004070257768034935,-0.01134053668598168,-0.0008127050914654363,-0.011340536685981624,-0.00081270509146536,0.26014284641297625,-0.05033574002966734,-0.32560894130464346,-0.06470347444504271,-0.0019412835989499576,-1.2355642101990636e-05,6362.9229854366995,True,True,True,Z_mode_existing_controller,False,0.05060201485354432,0.0,1.1369620129616944,False,False,False
594,-40.490559636080434,-4797.947699262987,7.458940588009245,6.034444844797394,35.454464391035614,26.024400842695286,0.2,0.0,0.0,25.372798613691767,50.17485774461097,196.34492927433107,211.99348915066807,0.0,0.0,0.0,0.0,7.28583859910259e-17,-2.7755575615628914e-17,0.26014284641297625,-0.05033574002966734,nan,nan,0.002975123459022416,-1.7862391809435156e-05,5999.748957802094,True,True,True,Z_mode_existing_controller,False,0.05060201485354432,0.0,0.0,False,False,False,0.2,-0.18887938559055328,-0.022735459730029106,25.27250519068828,50.15315824931541,194.26875436636138,212.53584489857408,-0.9443969130516052,-0.11367730051279068,-0.08895631263831971,-0.0037162942851358127,-0.08895631263831963,-0.003716294285135681,0.055419921875,0.0,-0.387939453125,-0.05336728084288897,0.002966071972670025,-1.7308250068881568e-05,5959.258398166014,False,True,True,Omega_safe_one_step_QP,False,0.33251953125,0.0,8.90339059090424,False,False,False
595,184.04577544960466,-4613.901923813382,9.272129007878533,3.2993812510268477,40.22284258044914,22.991306278087325,0.2,0.0,0.0,25.418526987708265,50.17481883643239,187.32829996730624,210.06024394795634,0.0,0.0,0.0,0.0,8.326672684688674e-17,-1.3877787807814457e-17,0.055419921875,0.0,nan,nan,-0.00010835468184268947,-6.857924601435085e-05,5972.957012494204,False,True,True,Omega_safe_one_step_QP,False,0.33251953125,0.0,0.0,False,False,False,0.2,-0.010684705339372158,-0.006006730254739523,25.316826802915482,50.15283873859162,194.8572545447517,211.00006362680801,-0.053423527628183365,-0.030033651739358902,0.0016499717264488352,-0.0006488011377076622,0.001649971726448744,-0.0006488011377077801,0.26014284641297625,-0.05033574002966734,0.17013254207776018,-0.10093775488321166,-0.00011688713966935202,-6.945910390338678e-05,6157.0027879438085,True,True,True,Z_mode_existing_controller,False,0.05060201485354432,0.0,0.17729494111146224,False,False,False
596,181.67460226426283,-4432.22732154912,8.027878140167685,6.7822577884846,39.410752108778325,30.651612821990682,0.2,0.0,0.0,25.41054598820426,50.17236597529019,188.9282106917565,210.2557379954962,0.0,0.0,0.0,0.0,1.0408340855860843e-16,-1.249000902703301e-16,0.055419921875,0.0,nan,nan,0.0028415806896526855,0.0001420901649723011,5884.526456440698,False,True,True,Omega_safe_one_step_QP,False,0.33251953125,0.0,0.0,False,False,False,0.2,-0.05782891437411308,-0.06298189610242844,25.315230654413856,50.1515987729915,196.55068467282203,210.72590337603592,-0.2891445755958557,-0.3149094581604004,0.012487857051276804,-0.003824412985509812,0.012487857051276845,-0.003824412985509909,0.26014284641297625,-0.05033574002966734,0.21368093012890327,-0.10093775488321166,0.002818335705655563,0.00014003333242403287,6066.201058704961,True,True,True,Z_mode_existing_controller,False,0.05060201485354432,0.0,1.306034870961959,False,False,False
597,199.6824805715314,-4232.544840977588,10.490409389507702,5.05727574458722,37.19208504375703,25.74418052715411,0.2,0.0,0.0,25.448144568063455,50.174381298890864,181.49010150331043,208.77775647938458,0.0,0.0,0.0,0.0,-8.326672684688674e-17,4.163336342344337e-17,0.055419921875,0.0,nan,nan,-0.0005597223557870226,1.7428837862849735e-05,5952.684152936152,False,True,True,Omega_safe_one_step_QP,False,0.33251953125,0.0,0.0,False,False,False,0.2,0.04023563861846924,0.08063148707151413,25.359043524509328,50.15482841025662,189.47334525229002,212.7381177546269,0.2011781930923462,0.40315744280815125,0.02413855750803967,0.03226640663033115,0.0241385575080397,0.032266406630331056,0.055419921875,0.0,0.22134933951170427,0.33251953125,-0.0005517662057903188,1.780443450985882e-05,6152.366633507683,False,True,True,Omega_safe_one_step_QP,False,0.33251953125,0.0,4.029628959845816,False,False,False
598,71.85434988747238,-4160.690491090116,9.928522233461313,5.332660482020371,43.78341408491323,22.22384541218492,0.2,0.0,0.0,25.42856584922537,50.17274361535457,185.36676925439636,209.50640526473288,0.0,0.0,0.0,0.0,8.326672684688674e-17,9.71445146547012e-17,0.055419921875,0.0,nan,nan,0.0003537872868034455,-6.974574695141171e-05,5989.979671255263,False,True,True,Omega_safe_one_step_QP,False,0.33251953125,0.0,0.0,False,False,False,0.2,-0.049236226826906204,0.002984268357977271,25.34641441182007,50.154408508883996,188.13552206284552,210.49640704441714,-0.24618113040924072,0.014921342022716999,-0.01660673837337069,0.004384978403949802,-0.01660673837337069,0.004384978403949837,0.055419921875,0.0,-0.387939453125,0.02687255785616051,0.00035437922737850073,-6.992070271003015e-05,6061.834021142736,False,True,True,Omega_safe_one_step_QP,False,0.33251953125,0.0,1.7175907399747152,False,False,False
599,55.41800930415229,-4105.2724817859635,9.315506213432796,6.368202108126781,45.098940332383414,23.406561552552795,0.2,0.0,0.0,25.425900936297086,50.169968634187164,185.92247188668134,209.460356946281,0.0,0.0,0.0,0.0,-5.551115123125783e-17,-2.7755575615628914e-17,0.055419921875,0.0,nan,nan,0.0015452725353497967,-3.83754155534894e-05,5941.869901787036,False,True,True,Omega_safe_one_step_QP,False,0.33251953125,0.0,0.0,False,False,False,0.2,-0.059489209204912186,-0.01803869567811489,25.34633834822586,50.15208928300731,188.05260326206025,209.54588016693177,-0.29744604229927063,-0.0901934802532196,-0.02023122602606099,-0.004246140553011035,-0.02023122602606102,-0.004246140553011091,0.055419921875,0.0,-0.387939453125,-0.13443824432286847,0.0015419485838552305,-3.8610222764971086e-05,5997.287911091188,False,True,True,Omega_safe_one_step_QP,False,0.33251953125,0.0,2.0672015289117085,False,False,False
600,111.44051360020876,-3993.8319681857547,9.753522271245664,5.096644975681217,38.11924217889002,23.40190740039979,0.2,0.0,0.0,25.44157617631176,50.16791455965744,182.85415952140784,208.6817256509356,0.0,0.0,0.0,0.0,6.938893903907228e-17,9.71445146547012e-17,0.055419921875,0.0,nan,nan,0.0002631309412893302,-5.756494903766873e-05,5913.633744145538,False,True,True,Omega_safe_one_step_QP,False,0.33251953125,0.0,0.0,False,False,False,0.2,0.00539410812780261,-0.023814300075173378,25.364016250887467,50.150412307779085,187.3452729840834,208.54737503909914,0.02697053924202919,-0.11907149851322174,0.005022974860643709,-0.0062263218268234916,0.005022974860643806,-0.006226321826823422,0.055419921875,0.0,0.13073795769830063,-0.33251953125,0.0002629358085928463,-5.7706735753306404e-05,6025.074257745747,False,True,True,Omega_safe_one_step_QP,False,0.33251953125,0.0,0.799983499466312,False,False,False
601,117.51451795200228,-3876.3174502337524,8.824527705020742,4.830637102509027,37.76753108633968,23.29771422469716,0.2,0.0,0.0,25.435487725049757,50.165005714335045,184.0863469593712,208.77247118503104,0.0,0.0,0.0,0.0,1.1102230246251565e-16,-9.71445146547012e-17,0.055419921875,0.0,nan,nan,0.0010997390341255173,-7.283350345813999e-05,5851.764292239487,False,True,True,Omega_safe_one_step_QP,False,0.33251953125,0.0,0.0,False,False,False,0.2,0.01691535674035549,-0.067949578166008,25.36188126884319,50.14826439788471,188.9550735804741,207.39999281205945,0.08457678556442261,-0.3397478759288788,0.014380981519436509,-0.017770399536510828,0.01438098151943637,-0.017770399536510786,0.055419921875,0.0,0.13819727893949618,-0.33251953125,0.0010914743347441294,-7.34508312335094e-05,5969.278810191489,False,True,True,Omega_safe_one_step_QP,False,0.33251953125,0.0,2.2860440265874002,False,False,False
602,190.86057667366458,-3685.456873560088,9.475070848259458,4.249658183181483,37.518198226977574,26.243332400537337,0.2,0.0,0.0,25.44297616469355,50.16199036595408,182.64327258817204,208.28569956121896,0.0,0.0,0.0,0.0,-5.551115123125783e-17,1.3877787807814457e-16,0.055419921875,0.0,nan,nan,9.58407603834999e-05,2.2319720573460086e-05,5881.783917953891,False,True,True,Omega_safe_one_step_QP,False,0.33251953125,0.0,0.0,False,False,False,0.2,0.106488898396492,-0.10565369576215744,25.373491993151063,50.14609393165546,190.60735828642208,205.90717806872104,0.5324444770812988,-0.5282684564590454,0.05130476033272424,-0.026960579655479433,0.05130476033272434,-0.026960579655479378,0.055419921875,0.0,0.387939453125,-0.3299115487029964,9.174515673912153e-05,2.1909762741286008e-05,6072.644494627556,False,True,True,Omega_safe_one_step_QP,False,0.33251953125,0.0,5.795732298991844,False,False,False
603,99.99393607800175,-3585.462937482086,10.528733132281452,4.266568679917126,39.87145555008579,24.873196718070812,0.2,0.0,0.0,25.434221594938652,50.160661876599555,184.3824597427086,208.57560184693793,0.0,0.0,0.0,0.0,8.326672684688674e-17,2.7755575615628914e-17,0.055419921875,0.0,nan,nan,-0.0009869842383878728,2.700801375324184e-06,6027.319574070464,False,True,True,Omega_safe_one_step_QP,False,0.33251953125,0.0,0.0,False,False,False,0.2,0.02269817143678665,-0.11057167500257492,25.371412074354012,50.14613486757989,188.44097243159356,205.8847771270662,0.11349085718393326,-0.5528583526611328,0.023357341056299122,-0.028419119400016235,0.023357341056299094,-0.028419119400016193,0.055419921875,0.0,0.12367958535768372,-0.33251953125,-0.0009821172623923117,3.2880312056434834e-06,6127.313510148466,False,True,True,Omega_safe_one_step_QP,False,0.33251953125,0.0,3.6786026269395373,False,False,False
604,-111.9474512122215,-3697.4103886943076,10.264886551990433,4.303226072594073,43.41952587325006,25.53426526866892,0.2,0.0,0.0,25.41066705461604,50.15921456229419,189.04067650784856,209.48213445064954,0.0,0.0,0.0,0.0,-3.469446951953614e-17,-1.3877787807814457e-16,0.055419921875,0.0,nan,nan,-0.0005834140255424577,3.310044671970863e-05,6113.398907083232,False,True,True,Omega_safe_one_step_QP,False,0.33251953125,0.0,0.0,False,False,False,0.2,-0.1788402795791626,0.004713003057986498,25.351476852910356,50.145458987784345,184.14302936490265,210.9716074538204,-0.894201397895813,0.023565014824271202,-0.06114566771026823,0.014098491429123124,-0.061145667710268324,0.014098491429123061,0.055419921875,0.0,-0.387939453125,0.011683912008407779,-0.0005826442984753384,3.2856036629069405e-05,6001.451455871011,False,True,True,Omega_safe_one_step_QP,False,0.33251953125,0.0,6.274998119769918,False,False,False
605,-98.70876461017906,-3796.1191533044866,9.985468715667476,4.30129612283168,40.589965588523235,27.888406426460236,0.2,0.0,0.0,25.39702305736597,50.15910228795283,191.72944559111863,210.0447853673113,0.0,0.0,0.0,0.0,-1.249000902703301e-16,9.020562075079397e-17,0.26014284641297625,-0.05033574002966734,nan,nan,-0.00035694947534254556,8.899274937900262e-05,6150.606804263992,True,True,True,Z_mode_existing_controller,False,0.05060201485354432,0.0,0.0,False,False,False,0.2,-0.19212891161441803,-0.0005739095504395664,25.334123535310265,50.14455122005938,187.3943157688509,210.0465424365761,-0.960644543170929,-0.0028695478104054928,-0.06505079393078148,-0.0022805904768003343,-0.06505079393078139,-0.0022805904768004107,0.26014284641297625,-0.05033574002966734,-0.32560894130464346,-0.05208544309274848,-0.0003559928571577305,8.8999272778494e-05,6051.898039653813,True,True,True,Z_mode_existing_controller,False,0.05060201485354432,0.0,6.509075882141695,False,False,False
606,-100.6956758019769,-3896.8148291064635,8.991447432133416,4.086291655718333,42.318185008049234,25.083957064733063,0.2,0.0,0.0,25.389000192966176,50.16052573928898,193.29200981428832,210.45519730332757,0.0,0.0,0.0,0.0,1.734723475976807e-17,1.457167719820518e-16,0.26014284641297625,-0.05033574002966734,nan,nan,0.0006457178950176205,-3.190122464073958e-06,6086.27806098167,True,True,True,Z_mode_existing_controller,False,0.05060201485354432,0.0,0.0,False,False,False,0.2,-0.19359678030014038,-0.0033751640003174543,25.32286475766106,50.145318386766455,188.79789657509812,210.263465283196,-0.9679839015007019,-0.016875820234417915,-0.06570405107137268,-0.003936285700693529,-0.06570405107137264,-0.00393628570069364,0.26014284641297625,-0.05033574002966734,-0.32560894130464346,-0.06054772983632152,0.0006466811640213378,-2.6134959588259253e-06,5985.582385179693,True,True,True,Z_mode_existing_controller,False,0.05060201485354432,0.0,6.58218555823751,False,False,False
607,-99.7129996151034,-3996.527828721567,9.282461715452534,5.165589482777355,39.59145189347045,21.142952276434002,0.2,0.0,0.0,25.39730550143991,50.16034465060797,191.65455668563857,210.08987975120652,0.0,0.0,0.0,0.0,-3.469446951953614e-17,1.3877787807814457e-17,0.26014284641297625,-0.05033574002966734,nan,nan,0.0008227160549175341,-0.00012669520109718255,6077.372414780822,True,True,True,Z_mode_existing_controller,False,0.05060201485354432,0.0,0.0,False,False,False,0.2,-0.18974819779396057,-0.00043262215331196785,25.32781859827329,50.144474295550445,187.2102746842915,210.0516798703019,-0.9487409591674805,-0.0021631107665598392,-0.06454998077128052,-0.0021737373490743617,-0.06454998077128041,-0.002173737349074438,0.26014284641297625,-0.05033574002966734,-0.32560894130464346,-0.05167124256753017,0.0008238078919481761,-0.00012629359153309863,5977.659415165718,True,True,True,Z_mode_existing_controller,False,0.05060201485354432,0.0,6.458657098527084,False,False,False
608,-105.67332534813795,-4102.201154069705,10.873868233807828,5.518076108169607,37.063398293529055,25.320436476709855,0.2,0.0,0.0,25.40691207545592,50.157439852292704,189.79262260861893,209.52001344688006,0.0,0.0,0.0,0.0,1.1102230246251565e-16,6.938893903907228e-17,0.055419921875,0.0,nan,nan,-0.0006805661657014116,9.336365539273743e-06,6194.159896516086,False,True,True,Omega_safe_one_step_QP,False,0.33251953125,0.0,0.0,False,False,False,0.2,-0.19285531342029572,0.013910557143390179,25.334129504814666,50.140908353809984,185.1825836119641,210.29964824117084,-0.9642765522003174,0.06955278664827347,-0.06575497781264852,0.0061963603045408,-0.0657549778126485,0.006196360304540918,0.26014284641297625,-0.05033574002966734,-0.32560894130464346,-0.008085757022295303,-0.0006788884333093267,8.785303089118776e-06,6088.486571167948,True,True,True,Z_mode_existing_controller,False,0.05060201485354432,0.0,6.604628670989459,False,False,False
609,-104.9010501786779,-4207.102204248383,9.727370257625443,5.943123705928362,35.919150292368414,23.946152697850685,0.2,0.0,0.0,25.392438127828818,50.15697416813481,192.64916755383877,210.09818618795487,0.0,0.0,0.0,0.0,1.4224732503009818e-16,8.326672684688674e-17,0.26014284641297625,-0.05033574002966734,nan,nan,0.0006907142383212917,-5.022138712995508e-05,6147.022403252032,True,True,True,Z_mode_existing_controller,False,0.05060201485354432,0.0,0.0,False,False,False,0.2,-0.19284620881080627,0.00038476355257444084,25.316247803188602,50.139714477843114,187.9983464415424,210.06815950568694,-0.964231014251709,0.0019238176755607128,-0.06590065234225637,-0.0017263053292657302,-0.0659006523422563,-0.0017263053292656122,0.26014284641297625,-0.05033574002966734,-0.32560894130464346,-0.04916705779236099,0.0006920417250414618,-5.006293517234594e-05,6042.121353073354,True,True,True,Z_mode_existing_controller,False,0.05060201485354432,0.0,6.592325924303779,False,False,False
610,-102.30407909039695,-4309.40628333878,9.457027271182572,4.4227627307834,43.63043952471698,24.805370190746086,0.2,0.0,0.0,25.40089736099527,50.155762157001526,190.99350216351598,209.66970947791233,0.0,0.0,0.0,0.0,-4.163336342344337e-17,-1.1102230246251565e-16,0.26014284641297625,-0.05033574002966734,nan,nan,0.00035065910630670955,1.432120503728953e-07,6078.839827375348,True,True,True,Z_mode_existing_controller,False,0.05060201485354432,0.0,0.0,False,False,False,0.2,-0.19019639492034912,0.009984137490391731,25.32127487762775,50.13780689296254,186.40919138585366,210.19096472456363,-0.9509819746017456,0.04992068558931351,-0.0651393697043593,0.00392336229909826,-0.06513936970435931,0.003923362299098301,0.26014284641297625,-0.05033574002966734,-0.32560894130464346,-0.019587384435101003,0.0003514904906918347,4.089758898908431e-07,5976.535748284951,True,True,True,Z_mode_existing_controller,False,0.05060201485354432,0.0,6.525741534271178,False,False,False
611,-107.45194824512964,-4416.858231583909,10.094701723984818,5.320820477054013,43.93794166494643,25.43265054802404,0.2,0.0,0.0,25.40289005553928,50.155303629830314,190.60377018103566,209.5549418229793,0.0,0.0,0.0,0.0,1.249000902703301e-16,-8.326672684688674e-17,0.26014284641297625,-0.05033574002966734,nan,nan,0.00018258272820645535,2.9511856987048894e-05,6133.700501791519,True,True,True,Z_mode_existing_controller,False,0.05060201485354432,0.0,0.0,False,False,False,0.2,-0.1953953504562378,0.01681368239223957,25.319895746332406,50.13665168316134,185.830331929353,210.45996158081948,-0.976976752281189,0.0840684100985527,-0.06706283814747069,0.007871164911665882,-0.06706283814747072,0.00787116491166586,0.26014284641297625,-0.05033574002966734,-0.32560894130464346,6.793895437465225e-05,0.00018377170689656743,2.9401408519064468e-05,6026.248553546389,True,True,True,Z_mode_existing_controller,False,0.05060201485354432,0.0,6.7523177483442725,False,False,False
612,-104.96538008729021,-4521.8236116712,9.25426928144583,4.392124205276192,40.407734477845814,26.89722365054709,0.2,0.0,0.0,25.402040669425478,50.15537328805023,190.7681054677932,209.58888542274846,0.0,0.0,0.0,0.0,-3.469446951953614e-17,8.326672684688674e-17,0.26014284641297625,-0.05033574002966734,nan,nan,0.0004744515297810286,4.865227523332999e-05,6053.426583549007,True,True,True,Z_mode_existing_controller,False,0.05060201485354432,0.0,0.0,False,False,False,0.2,-0.19378973543643951,0.0008513768552802503,25.315540450525262,50.13597783931376,186.0506716402731,209.55070952364025,-0.9689486622810364,0.004256884101778269,-0.06665661364637857,-0.0014625346223236801,-0.06665661364637855,-0.0014625346223237912,0.26014284641297625,-0.05033574002966734,-0.32560894130464346,-0.04776235545964001,0.00047541518399391806,4.908364608455706e-05,5948.461203461717,True,True,True,Z_mode_existing_controller,False,0.05060201485354432,0.0,6.667265669166091,False,False,False
613,-82.7342309665928,-4604.557842637792,7.375803661448893,5.303716984819665,37.45771925857075,21.07828840730102,0.2,0.0,0.0,25.40570506432725,50.15585124189492,190.03780168526737,209.45522524608037,0.0,0.0,0.0,0.0,4.163336342344337e-17,4.163336342344337e-17,0.055419921875,0.0,nan,nan,0.00281508969474612,-0.00015936143251097236,5846.461301881153,False,True,True,Omega_safe_one_step_QP,False,0.33251953125,0.0,0.0,False,False,False,0.2,-0.17053286731243134,0.007738660555332899,25.315755158183944,50.13576085378642,186.1314832625041,209.83647499897015,-0.8526643514633179,0.038693301379680634,-0.05878089944734266,0.00280707298552596,-0.058780899447342674,0.0028070729855258353,0.26014284641297625,-0.05033574002966734,-0.32560894130464346,-0.023754739391700374,0.00281253751296728,-0.0001581978879438589,5763.7270709145605,True,True,True,Z_mode_existing_controller,False,0.05060201485354432,0.0,5.884788695088946,False,False,False
614,153.9563285103668,-4450.601514127426,10.495643235221486,3.0366487445228945,37.48644796162739,23.88234369660069,0.2,0.0,0.0,25.443873643122398,50.15205447185495,182.5557221357574,207.63370644705998,0.0,0.0,0.0,0.0,-1.1102230246251565e-16,1.3877787807814457e-16,0.055419921875,0.0,nan,nan,-0.0017320524254117536,-3.679111493517118e-05,5981.089135190789,False,True,True,Omega_safe_one_step_QP,False,0.33251953125,0.0,0.0,False,False,False,0.2,0.08533210307359695,-0.05741934850811958,25.351092111476568,50.13140311725551,188.745227119112,206.5509322156894,0.4266605079174042,-0.2870967388153076,0.041898032216699944,-0.011800886826175472,0.041898032216699986,-0.011800886826175333,0.055419921875,0.0,0.387939453125,-0.22374996235746114,-0.001724920184894388,-3.621558372827148e-05,6135.045463701156,False,True,True,Omega_safe_one_step_QP,False,0.33251953125,0.0,4.352822111591309,False,False,False
615,-49.03869090028002,-4499.640205027706,12.213236541812872,6.956063124687992,40.190142375916054,25.299832334868153,0.2,0.0,0.0,25.407658210790192,50.14955731457737,189.72223806765595,209.01563141709354,0.0,0.0,0.0,0.0,5.551115123125783e-17,6.938893903907228e-17,0.055419921875,0.0,nan,nan,-0.0009766644412417622,3.933248878546739e-05,6326.738549207354,False,True,True,Omega_safe_one_step_QP,False,0.33251953125,0.0,0.0,False,False,False,0.2,-0.09888461232185364,-0.035212691873311996,25.320377161596927,50.12998751730933,187.50514880617112,208.15791974930198,-0.4944230616092682,-0.1760634481906891,-0.03449835602435879,-0.008415901853117136,-0.03449835602435887,-0.008415901853117205,0.055419921875,0.0,-0.387939453125,-0.15787974179647907,-0.0009689431660082409,3.8849783036958875e-05,6277.699858307074,False,True,True,Omega_safe_one_step_QP,False,0.33251953125,0.0,3.5510054525228743,False,False,False
616,-103.33767701511988,-4602.9778820428255,11.018905724558989,4.5664181312501,43.26058441879753,22.297882361704463,0.2,0.0,0.0,25.388708233507728,50.1497017750804,193.45400367718287,209.8158324138765,0.0,0.0,0.0,0.0,1.0408340855860843e-17,5.551115123125783e-17,0.26014284641297625,-0.05033574002966734,nan,nan,-0.0012306311854585015,-5.3206196488915286e-05,6298.226037916802,True,True,True,Z_mode_existing_controller,False,0.05060201485354432,0.0,0.0,False,False,False,0.2,-0.1843394935131073,0.004594644997268915,25.300106787540717,50.129841541331636,188.9222463296118,209.97944202660142,-0.9216974377632141,0.02297322452068329,-0.06351796535935209,0.0008257316364383982,-0.06351796535935199,0.0008257316364383843,0.26014284641297625,-0.05033574002966734,-0.32560894130464346,-0.03573593035357793,-0.0012287913365007074,-5.379618353026474e-05,6194.888360901682,True,True,True,Z_mode_existing_controller,False,0.05060201485354432,0.0,6.352333237580698,False,False,False
617,-99.53500863905447,-4702.51289068188,10.671822217949886,4.931538020337365,37.63506024114094,27.424036485103827,0.2,0.0,0.0,25.36903478594315,50.148574615816955,197.3433549159139,210.5765789613138,0.0,0.0,0.0,0.0,-1.3877787807814457e-17,8.326672684688674e-17,0.26014284641297625,-0.05033574002966734,nan,nan,-0.0007999076241499946,7.302556765475046e-05,6358.444381114482,True,True,True,Z_mode_existing_controller,False,0.05060201485354432,0.0,0.0,False,False,False,0.2,-0.18141363561153412,-0.0023926442954689264,25.277155790902555,50.12802405835611,192.94649447951522,210.32958893374357,-0.907068133354187,-0.011963221244513988,-0.06263032859878166,-0.003237474698244737,-0.06263032859878159,-0.003237474698244744,0.26014284641297625,-0.05033574002966734,-0.32560894130464346,-0.058061155314571,-0.0007982803582885596,7.266473363223979e-05,6258.9093724754275,True,True,True,Z_mode_existing_controller,False,0.05060201485354432,0.0,6.271394823173823,False,False,False
618,-109.73211238556905,-4812.245003067449,11.932630778337314,4.52443049507224,42.65830932973898,25.6797380392183,0.2,0.0,0.0,25.359042328531068,50.15057895275223,199.2873752521813,211.1018854646084,0.0,0.0,0.0,0.0,-9.71445146547012e-17,-2.0816681711721685e-17,0.26014284641297625,-0.05033574002966734,nan,nan,-0.002226778716091215,6.0728019534003015e-05,6537.15745832221,True,True,True,Z_mode_existing_controller,False,0.05060201485354432,0.0,0.0,False,False,False,0.2,-0.19202475249767303,-0.008396015502512455,25.26400516230651,50.12937766420389,194.559226265714,210.4891417273969,-0.9601237177848816,-0.0419800765812397,-0.0664159875298112,-0.006861348889750457,-0.06641598752981118,-0.006861348889750395,0.26014284641297625,-0.05033574002966734,-0.32560894130464346,-0.07594692310025151,-0.0022244932357799365,5.963796768383039e-05,6427.425345936641,True,True,True,Z_mode_existing_controller,False,0.05060201485354432,0.0,6.676946538760739,False,False,False
619,-182.0720874662702,-4994.317090533719,8.988734568710317,5.508346777755727,41.41383656452827,25.56698489628407,0.2,0.0,0.0,25.329248733569145,50.152634197429066,205.13434622496035,212.46373201460835,0.0,0.0,0.0,0.0,-6.938893903907228e-17,-3.469446951953614e-17,0.055419921875,0.0,nan,nan,0.001322148619343945,6.411377345981288e-06,6367.049268695442,False,True,True,Omega_safe_one_step_QP,False,0.33251953125,0.0,0.0,False,False,False,0.2,-0.1961461305618286,-0.04301014542579651,25.23080779410195,50.13072685436617,197.09072900053621,211.36037891646203,-0.9807306528091431,-0.21505072712898254,-0.10009963747562861,-0.011725848663984614,-0.10009963747562864,-0.011725848663984531,0.055419921875,0.0,-0.387939453125,-0.0972180850064202,0.0013238639964629033,7.473384671039516e-06,6184.977181229172,False,True,True,Omega_safe_one_step_QP,False,0.33251953125,0.0,10.07840907566415,False,False,False
620,-116.56930696877771,-5110.886397502497,11.660595867259799,4.459115833245457,39.26394055079272,26.24380453963081,0.2,0.0,0.0,25.357518828050953,50.15450578655835,199.5369423271847,211.3706755827417,0.0,0.0,0.0,0.0,4.85722573273506e-17,1.1796119636642288e-16,0.26014284641297625,-0.05033574002966734,nan,nan,-0.00208402290313016,5.851983455300042e-05,6515.437628779584,True,True,True,Z_mode_existing_controller,False,0.05060201485354432,0.0,0.0,False,False,False,0.2,-0.1838180422782898,0.008587540127336979,25.25299453786348,50.13142218068628,194.4298203119898,212.9172686103737,-0.919090211391449,0.04293769970536232,-0.08639846766025518,0.012230755501890747,-0.08639846766025525,0.012230755501890782,0.055419921875,0.0,-0.387939453125,0.02071269161859211,-0.0020812561872039555,5.7465648400695474e-05,6398.868321810806,False,True,True,Omega_safe_one_step_QP,False,0.33251953125,0.0,8.725987963656152,False,False,False
621,-131.37408068219702,-5242.260478184694,10.51548828216678,4.913200561822744,36.74475201515679,27.086530937741557,0.2,0.0,0.0,25.330061409283612,50.1565459060773,204.923544721489,212.6333284129973,0.0,0.0,0.0,0.0,-5.551115123125783e-17,-1.3877787807814457e-17,0.055419921875,0.0,nan,nan,-0.000667936303554076,5.7788896708067415e-05,6526.500758470659,False,True,True,Omega_safe_one_step_QP,False,0.33251953125,0.0,0.0,False,False,False,0.2,-0.1941264271736145,-0.04218569025397301,25.221872040624756,50.13264000535741,199.15533952678425,211.86851091138962,-0.9706321358680725,-0.21092845499515533,-0.1037940575182422,-0.012590128135400697,-0.10379405751824214,-0.012590128135400766,0.055419921875,0.0,-0.387939453125,-0.09634660018863839,-0.0006674660241895152,5.741442548861861e-05,6395.126677788462,False,True,True,Omega_safe_one_step_QP,False,0.33251953125,0.0,10.455485499280249,False,False,False
622,-103.8334803566704,-5346.093958541364,8.949943925965915,5.506194303571694,45.882697991567134,22.77782291560254,0.2,0.0,0.0,25.328294358108803,50.159402648551456,205.2360022382459,212.85917585680073,0.0,0.0,0.0,0.0,2.7755575615628914e-17,-3.469446951953614e-17,0.055419921875,0.0,nan,nan,0.0014619320401425225,-6.301746785557921e-05,6364.286075423602,False,True,True,Omega_safe_one_step_QP,False,0.33251953125,0.0,0.0,False,False,False,0.2,-0.19159668684005737,-0.051154132932424545,25.215885106793127,50.13465046147853,200.4981275517057,211.80030209772843,-0.9579834342002869,-0.25577065348625183,-0.10530339675376293,-0.017445652668568203,-0.1053033967537628,-0.017445652668568238,0.055419921875,0.0,-0.387939453125,-0.11837190287387056,0.0014581660254363114,-6.231252007341367e-05,6260.452595066931,False,True,True,Omega_safe_one_step_QP,False,0.33251953125,0.0,10.673872851459624,False,False,False
623,-40.18462153453129,-5386.278580075896,8.676669485360026,6.522386733244201,41.63804873024305,23.648236826091217,0.2,0.0,0.0,25.35872532064192,50.159884642986306,199.2289621278904,211.5987354678966,0.0,0.0,0.0,0.0,0.0,1.1102230246251565e-16,0.26014284641297625,-0.05033574002966734,nan,nan,0.0021357686101442417,-5.444492482520151e-05,6193.553988638352,True,True,True,Z_mode_existing_controller,False,0.05060201485354432,0.0,0.0,False,False,False,0.2,-0.17792630195617676,-0.012767190113663673,25.242884029256476,50.13448280955258,197.1472080837984,212.56676034945474,-0.8896315097808838,-0.06383594870567322,-0.0889112615970845,0.001143963456709668,-0.08891126159708443,0.0011439634567097998,0.055419921875,0.0,-0.387939453125,-0.031813472022221165,0.0021289682571685696,-5.424208600063096e-05,6153.369367103821,False,True,True,Omega_safe_one_step_QP,False,0.33251953125,0.0,8.89186206099458,False,False,False
624,28.825887545235673,-5357.45269253066,9.547765601604972,5.306947596193876,40.518834962644256,27.249575121501227,0.2,0.0,0.0,25.39429421662788,50.15960439368638,192.21801135175824,210.08005014689266,0.0,0.0,0.0,0.0,-3.469446951953614e-17,-2.7755575615628914e-17,0.26014284641297625,-0.05033574002966734,nan,nan,0.000645517509449946,6.344600117665251e-05,6117.318844477447,True,True,True,Z_mode_existing_controller,False,0.05060201485354432,0.0,0.0,False,False,False,0.2,-0.18956278264522552,0.005736523307859898,25.277140103741708,50.13391076485045,193.08104777853757,211.17505863460536,-0.947813868522644,0.028682615607976913,-0.06534657907283839,0.0014417271094456091,-0.06534657907283829,0.001441727109445623,0.26014284641297625,-0.05033574002966734,-0.32560894130464346,-0.03260979859763298,0.0006425945470086404,6.336102999163142e-05,6146.144732022683,True,True,True,Z_mode_existing_controller,False,0.05060201485354432,0.0,6.5362481390938925,False,False,False
625,48.48085509347402,-5308.971837437186,9.75926499575808,4.824409092251765,40.4717913893302,24.396578887326978,0.2,0.0,0.0,25.40171169066477,50.16059435007609,190.7418202536381,209.81654043147117,0.0,0.0,0.0,0.0,-1.3183898417423734e-16,1.1102230246251565e-16,0.26014284641297625,-0.05033574002966734,nan,nan,0.00016749970695145082,-1.93426922742363e-05,6103.698497738764,True,True,True,Z_mode_existing_controller,False,0.05060201485354432,0.0,0.0,False,False,False,0.2,-0.14031215012073517,0.00685144355520606,25.28569297717567,50.13507019891376,192.4348063712195,210.8797858129003,-0.7015607357025146,0.03425721824169159,-0.04846568518181886,0.002593229865663127,-0.048465685181818804,0.002593229865663016,0.26014284641297625,-0.05033574002966734,-0.32560894130464346,-0.02173347495529556,0.00016613771783087743,-1.9501493467882444e-05,6152.179352832238,True,True,True,Z_mode_existing_controller,False,0.05060201485354432,0.0,4.853501294199195,False,False,False
626,-8.772407817286876,-5317.744245254473,11.740168793238285,5.024290360804596,41.5405959380078,23.12805230986608,0.2,0.0,0.0,25.40073509139452,50.15969697523742,190.9426234064829,209.80269743490004,0.0,0.0,0.0,0.0,-7.632783294297951e-17,1.3877787807814457e-16,0.26014284641297625,-0.05033574002966734,nan,nan,-0.001748998587003219,-2.5749702344883465e-05,6309.432969811796,True,True,True,Z_mode_existing_controller,False,0.05060201485354432,0.0,0.0,False,False,False,0.2,-0.1881270706653595,0.006935928016901016,25.2865428720766,50.13447361825353,190.23882724922137,210.69887378482187,-0.9406353235244751,0.03467964008450508,-0.06505863030424745,0.002158810545179926,-0.06505863030424734,0.0021588105451798636,0.26014284641297625,-0.05033574002966734,-0.32560894130464346,-0.0287400588711206,-0.0017381903658211743,-2.5913702939715517e-05,6300.660561994509,True,True,True,Z_mode_existing_controller,False,0.05060201485354432,0.0,6.5094437857890055,False,False,False
627,-30.137599588490048,-5347.881844842963,12.04144628273816,4.46029905751477,36.25536553757411,24.40631317413446,0.2,0.0,0.0,25.371179796380165,50.1587050733599,196.7784751289551,210.98698232406272,0.0,0.0,0.0,0.0,1.249000902703301e-16,5.551115123125783e-17,0.26014284641297625,-0.05033574002966734,nan,nan,-0.002586187247592816,-5.68495329075964e-06,6487.238345085178,True,True,True,Z_mode_existing_controller,False,0.05060201485354432,0.0,0.0,False,False,False,0.2,-0.19442780315876007,-0.00340464198961854,25.25704855648528,50.133403781898664,195.22463440035725,211.16020671825817,-0.9721390008926392,-0.017023209482431412,-0.0673667387347337,-0.003961962771502389,-0.06736673873473371,-0.003961962771502521,0.26014284641297625,-0.05033574002966734,-0.32560894130464346,-0.06059288998228553,-0.0025756327368196535,-5.995984164831349e-06,6457.1007454966875,True,True,True,Z_mode_existing_controller,False,0.05060201485354432,0.0,6.748314335266722,False,False,False
628,-128.743570369792,-5476.625415212755,10.982561345464855,6.2808399533706964,41.84466021455444,29.96089597552487,0.2,0.0,0.0,25.33389629311734,50.15902318392108,204.12243478195842,212.56869973321736,0.0,0.0,0.0,0.0,2.7755575615628914e-17,-3.469446951953614e-17,0.055419921875,0.0,nan,nan,-0.00017788737077196592,0.00017179384269449985,6554.842773993328,False,True,True,Omega_safe_one_step_QP,False,0.33251953125,0.0,0.0,False,False,False,0.2,-0.19548961520195007,-0.049058232456445694,25.21913387696451,50.1335260232428,198.49337795241374,211.501914966956,-0.977448046207428,-0.24529115855693817,-0.10309150969968447,-0.015433373539675582,-0.1030915096996845,-0.015433373539675617,0.055419921875,0.0,-0.387939453125,-0.11126129261661931,-0.00017712756854670886,0.00017102818228673084,6426.099203623536,False,True,True,Omega_safe_one_step_QP,False,0.33251953125,0.0,10.424033955707975,False,False,False
629,-90.54185597357628,-5567.167271186331,10.50803876206788,6.108253434793216,38.56693116665832,20.688041164487643,0.2,0.0,0.0,25.338810330049075,50.16403038837843,203.09250243590532,212.63149081728733,0.0,0.0,0.0,0.0,-1.3877787807814457e-17,-1.1796119636642288e-16,0.055419921875,0.0,nan,nan,8.479335397968465e-05,-0.0001277801530104735,6480.168638602377,False,True,True,Omega_safe_one_step_QP,False,0.33251953125,0.0,0.0,False,False,False,0.2,-0.18867775797843933,-0.022659681737422943,25.219972464745943,50.13771369470358,198.9721642949507,212.8564585540296,-0.9433887600898743,-0.11329840868711472,-0.09977732507515313,-0.0044288631499185445,-0.0997773250751531,-0.004428863149918572,0.055419921875,0.0,-0.387939453125,-0.05324624608879852,8.571754850935677e-05,-0.00012806133514298027,6389.6267826288,False,True,True,Omega_safe_one_step_QP,False,0.33251953125,0.0,9.987556972530099,False,False,False
630,-68.65000378297009,-5635.817274969301,9.284316275370218,3.891142507646107,38.29895259667939,26.657128767930686,0.2,0.0,0.0,25.346797941076485,50.16287359916879,201.52917813980136,212.22594873913562,0.0,0.0,0.0,0.0,-8.326672684688674e-17,-4.85722573273506e-17,0.055419921875,0.0,nan,nan,0.00012475280362373798,3.3408402593198324e-05,6313.346707697323,False,True,True,Omega_safe_one_step_QP,False,0.33251953125,0.0,0.0,False,False,False,0.2,-0.19231082499027252,-0.03427113965153694,25.225125368318604,50.1359531878203,198.26280885550088,212.14578060169993,-0.9615541100502014,-0.1713556945323944,-0.10046705290360608,-0.008976615659471138,-0.10046705290360594,-0.008976615659471276,0.055419921875,0.0,-0.387939453125,-0.07900975442860121,0.0001214631277784723,3.367087238725821e-05,6244.696703914353,False,True,True,Omega_safe_one_step_QP,False,0.33251953125,0.0,10.086728085872947,False,False,False
631,-42.902446110027086,-5678.719721079328,11.493698100222279,4.50222937545474,41.92144965023553,28.012481128626828,0.2,0.0,0.0,25.354095440391184,50.16470096753144,200.06679065228556,212.01354689525596,0.0,0.0,0.0,0.0,6.938893903907228e-17,-2.7755575615628914e-17,0.26014284641297625,-0.05033574002966734,nan,nan,-0.0018005957698922406,0.00012094556774307859,6509.707276256944,True,True,True,Z_mode_existing_controller,False,0.05060201485354432,0.0,0.0,False,False,False,0.2,-0.18854567408561707,0.003389755031093955,25.23022803801115,50.13733422818651,197.91216498890418,213.73654589324298,-0.9427283406257629,0.016948774456977844,-0.09722828207637657,0.007754155089883984,-0.09722828207637652,0.007754155089883991,0.055419921875,0.0,-0.387939453125,0.007970905083223897,-0.0017941940512536253,0.00012068821641748591,6466.804830146917,False,True,True,Omega_safe_one_step_QP,False,0.33251953125,0.0,9.75369968610959,False,False,False
632,-53.527166194852725,-5732.246887274181,7.6191697603115385,4.749171232817401,41.71893742316758,22.785807258786747,0.2,0.0,0.0,25.331297837251903,50.16804753009225,204.5194058091202,213.15185086145325,0.0,0.0,0.0,0.0,-1.249000902703301e-16,9.020562075079397e-17,0.055419921875,0.0,nan,nan,0.0023717374778830817,-9.787757814917102e-05,6205.667911869803,False,True,True,Omega_safe_one_step_QP,False,0.33251953125,0.0,0.0,False,False,False,0.2,-0.19171161949634552,-0.024516206234693527,25.206290223169745,50.14035126910162,201.8099589875884,213.5033338933934,-0.9585580825805664,-0.12258102744817734,-0.10849297791715479,-0.006869718860087935,-0.10849297791715487,-0.006869718860088053,0.055419921875,0.0,-0.387939453125,-0.056697084413248215,0.0023590611702918717,-9.721333549136957e-05,6152.14074567495,False,True,True,Omega_safe_one_step_QP,False,0.33251953125,0.0,10.871025386111883,False,False,False
633,7.210419881103917,-5725.036467393077,9.694891540235107,3.3155803500361234,39.87484098422305,23.856019251328405,0.2,0.0,0.0,25.374757955977152,50.16770053566543,195.9535909516531,211.29724902226457,0.0,0.0,0.0,0.0,-1.3704315460216776e-16,6.938893903907228e-18,0.26014284641297625,-0.05033574002966734,nan,nan,-0.0005928067293060924,-3.8873546409435526e-05,6222.701096650361,True,True,True,Z_mode_existing_controller,False,0.05060201485354432,0.0,0.0,False,False,False,0.2,-0.18261265754699707,-0.045328475534915924,25.247879536299987,50.139644435386344,195.90301329469705,211.14275981367163,-0.9130632877349854,-0.22664237022399902,-0.08899659925910344,-0.01311699401278573,-0.0889965992591035,-0.013116994012785689,0.055419921875,0.0,-0.387939453125,-0.1100515421702957,-0.000595283132412458,-3.888062805808192e-05,6229.911516531465,False,True,True,Omega_safe_one_step_QP,False,0.33251953125,0.0,8.995804695310435,False,False,False
634,-4.880894183451346,-5729.9173615765285,8.552536701017607,5.476935735783704,32.13279530889887,28.328667732081772,0.2,0.0,0.0,25.36666647727206,50.16720477993431,197.55228553673874,211.60508102678318,0.0,0.0,0.0,0.0,-7.632783294297951e-17,-6.938893903907228e-18,0.26014284641297625,-0.05033574002966734,nan,nan,0.0015513430116464704,5.399814329638559e-05,6142.485116586103,True,True,True,Z_mode_existing_controller,False,0.05060201485354432,0.0,0.0,False,False,False,0.2,-0.19164501130580902,-0.013485275208950043,25.240230861294062,50.13921511131999,196.95030998518294,212.87315520728984,-0.9582250714302063,-0.06742637604475021,-0.09692507797515902,0.0006727384838721429,-0.09692507797515912,0.0006727384838721498,0.055419921875,0.0,-0.387939453125,-0.031197384933765084,0.001542226129076148,5.406937642929031e-05,6137.604222402651,False,True,True,Omega_safe_one_step_QP,False,0.33251953125,0.0,9.692741262180858,False,False,False
635,94.68412359326976,-5635.233237983259,10.602208410260523,5.274107146421399,38.711107247008854,26.43304309124624,0.2,0.0,0.0,25.392060981763255,50.16881607517037,192.52484336197892,210.61882128405875,0.0,0.0,0.0,0.0,-6.938893903907228e-18,1.3877787807814457e-17,0.26014284641297625,-0.05033574002966734,nan,nan,-0.0004998950492097014,4.622545274768873e-05,6232.337406689226,True,True,True,Z_mode_existing_controller,False,0.05060201485354432,0.0,0.0,False,False,False,0.2,-0.1895606964826584,-0.017444796860218048,25.265520392475274,50.140765660144126,196.10832278785472,210.72706140299806,-0.9478034973144531,-0.08722398430109024,-0.05851452253795213,-0.011510583739675798,-0.05851452253795211,-0.011510583739675756,0.26014284641297625,-0.05033574002966734,-0.2897146988438615,-0.10093775488321166,-0.0004940288713964989,4.654811224773692e-05,6327.021530282495,True,True,True,Z_mode_existing_controller,False,0.05060201485354432,0.0,5.963591942673964,False,False,False
636,-2.615300899929025,-5637.848538883188,12.948781113226671,4.564894794734286,34.39416725601666,23.608550145143607,0.2,0.0,0.0,25.38252414334917,50.169487429293355,194.3947423521292,211.05168731568327,0.0,0.0,0.0,0.0,1.0842021724855044e-16,9.71445146547012e-17,0.26014284641297625,-0.05033574002966734,nan,nan,-0.003553226989102967,-2.8131903848411296e-05,6521.180366238352,True,True,True,Z_mode_existing_controller,False,0.05060201485354432,0.0,0.0,False,False,False,0.2,-0.18632996082305908,-0.026372913271188736,25.259493160575143,50.14208234160929,193.9253469109286,211.71303024660085,-0.9316498041152954,-0.13186456263065338,-0.08669425232481533,-0.003919624370299031,-0.08669425232481537,-0.003919624370298906,0.055419921875,0.0,-0.387939453125,-0.06275254013468579,-0.0035333007659566814,-2.8183808571027825e-05,6518.565065338423,False,True,True,Omega_safe_one_step_QP,False,0.33251953125,0.0,8.678281420513501,False,False,False
637,-60.73363819482984,-5698.582177078018,11.32314310728267,3.940156580811844,42.77076590069774,23.934048131397855,0.2,0.0,0.0,25.32873190511141,50.16896038404129,205.00314570137573,213.28206315346728,0.0,0.0,0.0,0.0,-1.1102230246251565e-16,2.42861286636753e-17,0.055419921875,0.0,nan,nan,-0.0019426601609662062,1.7234144723734385e-07,6613.573151634659,False,True,True,Omega_safe_one_step_QP,False,0.33251953125,0.0,0.0,False,False,False,0.2,-0.19666916131973267,-0.04025357589125633,25.20612548575773,50.141528805535714,202.1622258700357,212.96367847460093,-0.9833458065986633,-0.20126786828041077,-0.11284779698049616,-0.014105272069251548,-0.11284779698049602,-0.014105272069251534,0.055419921875,0.0,-0.387939453125,-0.09074529086768332,-0.0019390443409750997,-2.204568483231634e-07,6552.839513439829,False,True,True,Omega_safe_one_step_QP,False,0.33251953125,0.0,11.372591605917638,False,False,False
638,-68.71472643837387,-5767.2969035163915,12.065098920508674,4.615053036694321,39.45913609166544,27.047476718119466,0.2,0.0,0.0,25.307873631786723,50.170647913110166,209.09297075358086,214.24750236122534,0.0,0.0,0.0,0.0,1.3877787807814457e-16,5.551115123125783e-17,0.055419921875,0.0,nan,nan,-0.002383046263981758,9.201663529515187e-05,6795.412629313452,False,True,True,Omega_safe_one_step_QP,False,0.33251953125,0.0,0.0,False,False,False,0.2,-0.19642077386379242,-0.08207523077726364,25.183525279300312,50.14283238210847,206.00028611761567,211.97260045913575,-0.9821038842201233,-0.4103761613368988,-0.12205189770779289,-0.0347629304133106,-0.12205189770779297,-0.03476293041331057,0.055419921875,0.0,-0.387939453125,-0.18525954411330303,-0.002376980799709813,9.126288803835373e-05,6726.697902875078,False,True,True,Omega_safe_one_step_QP,False,0.33251953125,0.0,12.69059772626736,False,False,False
639,-78.76185964695105,-5846.0587631633425,10.772952392875267,4.527107947516717,31.76526955227383,27.470894256752768,0.2,0.0,0.0,25.283787159441005,50.17480313780216,213.79016164306304,215.4845524076504,0.0,0.0,0.0,0.0,-2.7755575615628914e-17,3.642919299551295e-17,0.055419921875,0.0,nan,nan,-0.0012975322059283296,5.3741791070577045e-05,6771.164484337805,False,True,True,Omega_safe_one_step_QP,False,0.33251953125,0.0,0.0,False,False,False,0.2,-0.198031485080719,-0.0850941464304924,25.15753680131778,50.14661297701202,210.22355018142076,212.92468438747696,-0.990157425403595,-0.4254707098007202,-0.1337284856979585,-0.03876627670026486,-0.1337284856979584,-0.038766276700264855,0.055419921875,0.0,-0.387939453125,-0.19051156214984546,-0.00129700332337058,5.3321499577665315e-05,6692.402624690854,False,True,True,Omega_safe_one_step_QP,False,0.33251953125,0.0,13.923409099883042,False,False,False
640,-68.05474364107249,-5914.113506804415,12.580544779358796,4.938625361123677,40.52535390989076,31.439534725339698,0.2,0.0,0.0,25.2798560028016,50.178911681300036,214.51453196609262,215.87038593797902,0.0,0.0,0.0,0.0,2.7755575615628914e-17,1.249000902703301e-16,0.055419921875,0.0,nan,nan,-0.002646692069140477,0.00023956350641060045,6986.830746675963,False,True,True,Omega_safe_one_step_QP,False,0.33251953125,0.0,0.0,False,False,False,0.2,-0.19769097864627838,-0.07282864302396774,25.151244459719805,50.1502870629763,211.45249001055427,213.88276644726835,-0.9884548783302307,-0.3641431927680969,-0.13647002650494044,-0.034346819202095674,-0.13647002650494033,-0.034346819202095556,0.055419921875,0.0,-0.387939453125,-0.16333199357052355,-0.002639523815666147,0.00023839099489255918,6918.776003034891,False,True,True,Omega_safe_one_step_QP,False,0.33251953125,0.0,14.072587581379834,False,False,False
641,-67.77875967577802,-5981.892266480193,9.692520267213826,4.63075824146652,37.98232920584844,25.733154570239364,0.2,0.0,0.0,25.25627440278933,50.186838797741274,219.06781586789256,217.29357539226464,0.0,0.0,0.0,0.0,-8.326672684688674e-17,-8.673617379884035e-17,0.055419921875,0.0,nan,nan,5.563633715389548e-05,9.494876211732593e-06,6776.367874819375,False,True,True,Omega_safe_one_step_QP,False,0.33251953125,0.0,0.0,False,False,False,0.2,-0.19689039885997772,0.08974018692970276,25.1258193022079,50.15783011335207,215.70260631612555,222.3227131751112,-0.9844520092010498,0.4487009346485138,-0.14620146880978413,0.03471885051629501,-0.14620146880978419,0.03471885051629501,0.055419921875,0.0,-0.387939453125,0.20207767072396232,4.9435571032568904e-05,9.88842225673023e-06,6708.589115143597,False,True,True,Omega_safe_one_step_QP,False,0.33251953125,0.0,15.026732200751804,False,False,False
642,-29.979075346233913,-6011.871341826427,9.116925124012488,4.550692927597559,40.59015526333558,24.063666228443047,0.2,0.0,0.0,25.27697012443028,50.19085140082709,214.9384328837515,216.6372080874445,0.0,0.0,0.0,0.0,-1.1102230246251565e-16,-9.75781955236954e-17,0.055419921875,0.0,nan,nan,0.000678029174121568,-4.087877476816526e-05,6612.667519842771,False,True,True,Omega_safe_one_step_QP,False,0.33251953125,0.0,0.0,False,False,False,0.2,-0.19396410882472992,0.04347415268421173,25.1442332408177,50.161242637415235,213.19834826272404,219.8431992611022,-0.969820499420166,0.21737076342105865,-0.13747941804693994,0.015330402289521712,-0.1374794180469398,0.015330402289521664,0.055419921875,0.0,-0.387939453125,0.09937236986531199,0.0006678717025816253,-4.074774316356025e-05,6582.688444496537,False,True,True,Omega_safe_one_step_QP,False,0.33251953125,0.0,13.833152793518853,False,False,False
643,-1.555552701220222,-6013.426894527647,10.64601122893171,3.5861787770697093,35.16893126908444,22.34587655038487,0.2,0.0,0.0,25.30357459866084,50.1932053497141,209.66372877011898,215.64085187712163,0.0,0.0,0.0,0.0,2.7755575615628914e-17,-3.0357660829594124e-17,0.055419921875,0.0,nan,nan,-0.0016272067123374572,-8.911409775292896e-05,6655.41858984266,False,True,True,Omega_safe_one_step_QP,False,0.33251953125,0.0,0.0,False,False,False,0.2,-0.196007639169693,-0.0262252539396286,25.16982217871418,50.16330389473207,209.209701370786,216.0106951965751,-0.9800381660461426,-0.131126269698143,-0.12955692613414369,-0.013813456613522467,-0.12955692613414363,-0.013813456613522348,0.055419921875,0.0,-0.387939453125,-0.05932019917766471,-0.001626201199302112,-8.913375242426604e-05,6653.86303714144,False,True,True,Omega_safe_one_step_QP,False,0.33251953125,0.0,13.029124564966596,False,False,False
644,-11.38422055882711,-6024.811115086474,10.244267650235937,5.433568736723804,40.19325865416339,24.57525023445531,0.2,0.0,0.0,25.291231057377594,50.19376982306697,212.08819847278983,216.186035150745,0.0,0.0,0.0,0.0,2.7755575615628914e-17,-1.334652874329656e-16,0.055419921875,0.0,nan,nan,-4.23874147633882e-07,-8.133475727769256e-06,6668.344816719707,False,True,True,Omega_safe_one_step_QP,False,0.33251953125,0.0,0.0,False,False,False,0.2,-0.19676049053668976,-0.09833748638629913,25.157676238328836,50.163859333910935,211.3046141711222,213.28412399309812,-0.9838024377822876,-0.4916874170303345,-0.13530811188123,-0.04694830161054257,-0.1353081118812301,-0.046948301610542455,0.055419921875,0.0,-0.387939453125,-0.22158333913672953,-3.526955348319774e-06,-8.058553009775583e-06,6656.9605961608795,False,True,True,Omega_safe_one_step_QP,False,0.33251953125,0.0,14.32216050914734,False,False,False
645,6.4816708154676235,-6018.329444271007,8.700082620109033,5.772898729019346,35.97679832101769,23.693757994714407,0.2,0.0,0.0,25.305292821995423,50.196329027897555,209.28372068801775,215.72908712229173,0.0,0.0,0.0,0.0,-1.3877787807814457e-16,6.331740687315346e-17,0.055419921875,0.0,nan,nan,0.0016090448060913508,-7.32985975479424e-05,6432.987067202544,False,True,True,Omega_safe_one_step_QP,False,0.33251953125,0.0,0.0,False,False,False,0.2,-0.19710777699947357,-0.11528096348047256,25.171606311237255,50.16645198039406,209.2733892192251,212.2111534235281,-0.9855388402938843,-0.5764048099517822,-0.13061896365306297,-0.05367778868513285,-0.130618963653063,-0.053677788685132836,0.055419921875,0.0,-0.387939453125,-0.25930430902397444,0.0015957679866721915,-7.317903730370747e-05,6439.468738018011,False,True,True,Omega_safe_one_step_QP,False,0.33251953125,0.0,14.121833685441121,False,False,False
646,78.56713772292278,-5939.762306548084,8.179267629772621,5.688490512092726,41.049356683521424,25.226477788364182,0.2,0.0,0.0,25.341169573357966,50.19714315026469,202.19922180022738,214.25765637470948,0.0,0.0,0.0,0.0,-4.163336342344337e-17,7.979727989493313e-17,0.055419921875,0.0,nan,nan,0.0022083133815789815,-1.7071941191344926e-05,6209.504543250646,False,True,True,Omega_safe_one_step_QP,False,0.33251953125,0.0,0.0,False,False,False,0.2,-0.171388640999794,-0.08356280624866486,25.207825250981625,50.16744139948193,205.27624904518171,212.46794048806382,-0.8569431900978088,-0.4178140163421631,-0.10178259004438858,-0.03683349466604955,-0.10178259004438871,-0.036833494666049474,0.055419921875,0.0,-0.387939453125,-0.21616574666519864,0.0021867363056609895,-1.7899020041697942e-05,6288.071680973569,False,True,True,Omega_safe_one_step_QP,False,0.33251953125,0.0,10.824232982275458,False,False,False
647,258.5435984546393,-5681.218708093445,9.710690767013622,5.9987445052659,39.829900203283,20.851337470701793,0.2,0.0,0.0,25.380173622166527,50.197979983659906,194.49794858842873,212.65579961018435,0.0,0.0,0.0,0.0,-7.28583859910259e-17,1.3877787807814457e-16,0.26014284641297625,-0.05033574002966734,nan,nan,0.0008341870533542056,-0.0001294398609715166,6186.9822234000285,True,True,True,Z_mode_existing_controller,False,0.05060201485354432,0.0,0.0,False,False,False,0.2,-0.059498000890016556,-0.06202160194516182,25.24954545143495,50.16887773637955,205.06131456072498,212.56250647957447,-0.2974900007247925,-0.3101080060005188,-0.024172346438779913,-0.0195311753023999,-0.024172346438779815,-0.01953117530239995,0.055419921875,0.0,-0.263569700220753,-0.33251953125,0.00082659246556753,-0.00012985281850053012,6445.525821854668,False,True,True,Omega_safe_one_step_QP,False,0.33251953125,0.0,3.1076826431433933,False,False,False
648,251.9226920722258,-5429.296016021219,7.2122488638338265,6.495029293296492,44.07756038969629,27.077095111747454,0.2,0.0,0.0,25.392193863805183,50.19537182198399,192.15673233791017,212.00069513299908,0.0,0.0,0.0,0.0,-1.249000902703301e-16,-4.163336342344337e-17,0.26014284641297625,-0.05033574002966734,nan,nan,0.003576957031784934,3.5850146721019046e-05,5875.208302220688,True,True,True,Z_mode_existing_controller,False,0.05060201485354432,0.0,0.0,False,False,False,0.2,-0.011994097381830215,-0.08157403022050858,25.27054286731501,50.168022160132736,202.94912872784482,211.12930738401977,-0.05997048690915108,-0.4078701436519623,-0.006603576861417354,-0.024962339224942072,-0.006603576861417201,-0.024962339224942127,0.055419921875,0.0,0.00652848389661332,-0.33251953125,0.0035300838857005154,3.1669154968005236e-05,6127.130994292914,False,True,True,Omega_safe_one_step_QP,False,0.33251953125,0.0,2.582103032308601,False,False,False
649,309.75269970525915,-5119.54331631596,10.038458249014534,3.5015776925762343,41.88845302967745,20.444101086131873,0.2,0.0,0.0,25.443427087854587,50.195712774594426,182.05046488631396,209.85666005252492,0.0,0.0,0.0,0.0,-8.326672684688674e-17,1.3877787807814457e-16,0.055419921875,0.0,nan,nan,-0.0008269574298210461,-0.00012873697407847842,5920.756965125618,False,True,True,Omega_safe_one_step_QP,False,0.33251953125,0.0,0.0,False,False,False,0.2,0.09026180952787399,-0.01456447597593069,25.33031339906889,50.17009430509934,194.72229476011373,211.09789771866645,0.4513090252876282,-0.07282237708568573,0.02665162096295484,-0.0016504776791478187,0.026651620962954863,-0.0016504776791478604,0.26014284641297625,-0.05033574002966734,0.31074486126652057,-0.05850078606101842,-0.0008252986165848348,-0.00012890489789186676,6230.509664830877,True,True,True,Z_mode_existing_controller,False,0.05060201485354432,0.0,2.670267732873208,False,False,False
650,284.1110026017659,-4835.432313714194,8.965179427656484,5.587377837574964,43.48368421596593,22.835594497265063,0.2,0.0,0.0,25.420242062304702,50.1911922271662,186.67203296407226,210.57874827819214,0.0,0.0,0.0,0.0,-1.249000902703301e-16,1.1102230246251565e-16,0.055419921875,0.0,nan,nan,0.0014551458361622524,-6.629370052648777e-05,5924.322624569377,False,True,True,Omega_safe_one_step_QP,False,0.33251953125,0.0,0.0,False,False,False,0.2,0.09792447835206985,-0.11656443029642105,25.317881147135076,50.1676203416668,198.53089732131195,211.0490444993847,0.4896223843097687,-0.5828221440315247,0.03355569863626702,-0.007078073993663038,0.03355569863626706,-0.007078073993663177,0.26014284641297625,-0.05033574002966734,0.30265303494558526,-0.10093775488321166,0.0014384162991758656,-6.803818773905247e-05,6208.433627171143,True,True,True,Z_mode_existing_controller,False,0.05060201485354432,0.0,3.4294081740553146,False,False,False
651,292.1245606314542,-4543.3077530827395,7.671616584074233,4.320714419146088,41.49735873564758,24.091423480783753,0.2,0.0,0.0,25.43512438016617,50.18864973332846,183.76582366363593,209.806751011325,0.0,0.0,0.0,0.0,-6.938893903907228e-17,-9.71445146547012e-17,0.055419921875,0.0,nan,nan,0.002185731989656502,-5.156551145658146e-05,5728.719861292611,False,True,True,Omega_safe_one_step_QP,False,0.33251953125,0.0,0.0,False,False,False,0.2,0.1159115806221962,-0.15746134519577026,25.342538951376362,50.16697949498846,196.37551414315078,206.43001975283508,0.5795578956604004,-0.7873067259788513,0.053273856112034716,-0.043742005807489055,0.053273856112034695,-0.04374200580748904,0.055419921875,0.0,0.3001965964742121,-0.33251953125,0.0021491361895752334,-5.518659734846023e-05,6020.8444219240655,False,True,True,Omega_safe_one_step_QP,False,0.33251953125,0.0,6.893088434880394,False,False,False
652,266.7885451781476,-4276.519207904592,9.989830676177995,5.574988182279811,38.56680480610709,22.409634530036044,0.2,0.0,0.0,25.458569441135978,50.18595723247437,179.17334147466184,208.66596827050418,0.0,0.0,0.0,0.0,8.326672684688674e-17,-4.163336342344337e-17,0.055419921875,0.0,nan,nan,0.00029053525346244176,-8.290207969619727e-05,5846.786951177416,False,True,True,Omega_safe_one_step_QP,False,0.33251953125,0.0,0.0,False,False,False,0.2,0.07782869786024094,-0.19130747020244598,25.376030031847275,50.16637538134664,190.27244317122995,204.3503609140068,0.3891434669494629,-0.9565373659133911,0.05596800382673825,-0.050448817279610286,0.05596800382673818,-0.050448817279610356,0.055419921875,0.0,0.19069724326186924,-0.33251953125,0.0002928293395735305,-8.212751872584091e-05,6113.575496355564,False,True,True,Omega_safe_one_step_QP,False,0.33251953125,0.0,7.534919121836213,False,False,False
653,233.92470321411383,-4042.594504690478,9.521278116019996,4.649103467330942,41.43505492400069,24.015792255273333,0.2,0.0,0.0,25.449796286190562,50.181932011274036,180.94796245354223,208.80847689463116,0.0,0.0,0.0,0.0,-1.1102230246251565e-16,-5.551115123125783e-17,0.055419921875,0.0,nan,nan,0.0003523259734107354,-2.976932543589418e-05,5843.819341821196,False,True,True,Omega_safe_one_step_QP,False,0.33251953125,0.0,0.0,False,False,False,0.2,0.08895882219076157,-0.193289116024971,25.376622120628717,50.164306722764,190.77528360599723,204.2133469534422,0.44479408860206604,-0.9664455652236938,0.059737281141058016,-0.050768309282285276,0.059737281141058106,-0.05076830928228525,0.055419921875,0.0,0.2084577465790181,-0.33251953125,0.0003479728247148007,-2.977628751963941e-05,6077.74404503531,False,True,True,Omega_safe_one_step_QP,False,0.33251953125,0.0,7.839619879501563,False,False,False
654,212.55562350018954,-3830.0388811902885,9.300835305081431,3.4491679680492773,39.94801057913066,25.74384766335745,0.2,0.0,0.0,25.44342970119703,50.17925537086515,182.23229168982158,208.92380766881664,0.0,0.0,0.0,0.0,1.3877787807814457e-16,6.938893903907228e-17,0.055419921875,0.0,nan,nan,-6.731918014580987e-05,1.3981042225847534e-05,5853.740774174026,False,True,True,Omega_safe_one_step_QP,False,0.33251953125,0.0,0.0,False,False,False,0.2,0.10911815613508224,-0.18526050448417664,25.378453096594882,50.16337095526588,191.20953782636846,204.34623947495064,0.5455907583236694,-0.9263024926185608,0.06544003205514708,-0.048482234024600016,0.06544003205514709,-0.04848223402459999,0.055419921875,0.0,0.25127342141030395,-0.33251953125,-7.394054987992543e-05,1.3531288603861515e-05,6066.296397674216,False,True,True,Omega_safe_one_step_QP,False,0.33251953125,0.0,8.14427701603695,False,False,False
655,155.96518540103625,-3674.0736957892523,7.869670397079545,5.9198531577922555,41.69697737178579,24.643051664213022,0.2,0.0,0.0,25.431838643643157,50.17766010633484,184.53383848755826,209.31857830021966,0.0,0.0,0.0,0.0,8.326672684688674e-17,-4.163336342344337e-17,0.055419921875,0.0,nan,nan,0.0026714547537536543,-3.212835718703318e-05,5766.075939997315,False,True,True,Omega_safe_one_step_QP,False,0.33251953125,0.0,0.0,False,False,False,0.2,0.09751595556735992,-0.1591625213623047,25.374303767673485,50.16336708385037,191.27711912686354,205.20290691347083,0.4875797629356384,-0.7958126068115234,0.055839131492877274,-0.04198123134145647,0.05583913149287731,-0.04198123134145644,0.055419921875,0.0,0.2591485356033696,-0.33251953125,0.002653199226110044,-3.364183441899402e-05,5922.041125398351,False,True,True,Omega_safe_one_step_QP,False,0.33251953125,0.0,6.986009154605884,False,False,False
656,172.9078907793437,-3501.1658050099086,9.877241835949288,4.286651418027962,38.196316644445346,23.46807753246909,0.2,0.0,0.0,25.46323749920941,50.17550419297827,178.36705415700843,207.8724078646532,0.0,0.0,0.0,0.0,5.551115123125783e-17,9.71445146547012e-17,0.055419921875,0.0,nan,nan,-0.00030905157350132094,-5.361679120204771e-05,5817.4992205332,False,True,True,Omega_safe_one_step_QP,False,0.33251953125,0.0,0.0,False,False,False,0.2,0.09935205429792404,-0.1681555211544037,25.41113043814817,50.162407568538654,185.6116181497251,203.6580088388001,0.4967602491378784,-0.840777575969696,0.06961608446207815,-0.041709776589567954,0.06961608446207806,-0.041709776589568065,0.055419921875,0.0,0.25188387558327874,-0.33251953125,-0.00030811289926380907,-5.305147058416119e-05,5990.407111312544,False,True,True,Omega_safe_one_step_QP,False,0.33251953125,0.0,8.115481919752439,False,False,False
657,142.1544719475596,-3359.011333062349,12.763703189535224,4.563167074795028,35.38527249095641,23.558501135906052,0.2,0.0,0.0,25.444834849942886,50.171966737447086,182.03427484570224,208.44719943286916,0.0,0.0,0.0,0.0,-2.7755575615628914e-17,1.3877787807814457e-17,0.055419921875,0.0,nan,nan,-0.0033638927800719864,-3.134153219501619e-05,6189.6700600992735,False,True,True,Omega_safe_one_step_QP,False,0.33251953125,0.0,0.0,False,False,False,0.2,0.08829855173826218,-0.18297737836837769,25.398827173847515,50.16018789216543,187.73394868931322,203.6388904732128,0.4414927661418915,-0.9148868918418884,0.06431068838489444,-0.04616678119474729,0.06431068838489443,-0.046166781194747236,0.055419921875,0.0,0.21588234239864548,-0.33251953125,-0.0033417735344716845,-2.842374248251023e-05,6331.824532046833,False,True,True,Omega_safe_one_step_QP,False,0.33251953125,0.0,7.916587854892194,False,False,False
658,-111.37257286502972,-3470.3839059273787,8.845538108913386,4.335478792455517,44.16042299557049,25.82845306762874,0.2,0.0,0.0,25.383653151550057,50.169453302851984,194.12280711655282,210.87953550715486,0.0,0.0,0.0,0.0,6.678685382510707e-17,6.245004513516506e-17,0.26014284641297625,-0.05033574002966734,nan,nan,0.0009668025488714931,2.304235820025074e-05,6089.9820023535685,True,True,True,Z_mode_existing_controller,False,0.05060201485354432,0.0,0.0,False,False,False,0.2,-0.0984794944524765,-0.0013321966398507357,25.34278656316824,50.15880633434011,189.2354893973716,210.39140541375417,-0.4923974573612213,-0.006660982966423035,-0.03328638814796778,-0.001776988692526918,-0.033286388147967826,-0.0017769886925270428,0.26014284641297625,-0.05033574002966734,-0.32560894130464346,-0.05825958821473843,0.0009694756300132274,2.3784049164850144e-05,5978.609429488539,True,True,True,Z_mode_existing_controller,False,0.05060201485354432,0.0,3.333378653484399,False,False,False
659,-123.6196696501147,-3594.0035755774934,13.901834509545367,6.147183783558481,38.05100740423197,26.345602720938494,0.2,0.0,0.0,25.397437403260568,50.1699108933079,191.39777604503547,210.31874529612162,0.0,0.0,0.0,0.0,6.938893903907228e-18,1.3877787807814457e-16,0.26014284641297625,-0.05033574002966734,nan,nan,-0.0032415351134898957,8.281299062973995e-05,6540.213612894888,True,True,True,Z_mode_existing_controller,False,0.05060201485354432,0.0,0.0,False,False,False,0.2,-0.11470820754766464,-5.6144966947613284e-05,25.352826082253312,50.15853689097246,186.3702725823392,210.78493010138217,-0.5735410451889038,-0.0002807248383760452,-0.03926363064900604,0.007087567213500803,-0.03926363064900615,0.007087567213500859,0.055419921875,0.0,-0.387939453125,-0.00021700624556395375,-0.003247848513308141,8.029185250471669e-05,6416.593943244773,False,True,True,Omega_safe_one_step_QP,False,0.33251953125,0.0,3.9898199216850196,False,False,False
660,-152.7012296978628,-3746.704805275356,8.636646339904786,6.756999307736162,39.72757968822081,23.583326673440038,0.2,0.0,0.0,25.345841488136767,50.17113980687652,201.55255990865143,212.55323906025714,0.0,0.0,0.0,0.0,-9.71445146547012e-17,-8.326672684688674e-17,0.055419921875,0.0,nan,nan,0.0022399156646656236,-6.375394395912023e-05,6243.826905829767,False,True,True,Omega_safe_one_step_QP,False,0.33251953125,0.0,0.0,False,False,False,0.2,-0.19515720009803772,-0.004166449420154095,25.2972522135466,50.158925928031316,194.8484837154306,212.0261759511448,-0.9757859706878662,-0.0208322461694479,-0.06598349051923338,-0.004415574626496881,-0.06598349051923351,-0.0044155746264970125,0.26014284641297625,-0.05033574002966734,-0.32560894130464346,-0.06284107006650076,0.0022446071315628553,-6.253478834820025e-05,6091.125676131905,True,True,True,Z_mode_existing_controller,False,0.05060201485354432,0.0,6.613106925178166,False,False,False
661,-123.08071460556494,-3869.785519880921,9.823796401366206,3.9415627159776916,43.703693521667965,22.821644814370472,0.2,0.0,0.0,25.384862414471566,50.171010967953755,193.85933272052935,210.89760314056085,0.0,0.0,0.0,0.0,-5.551115123125783e-17,-1.3877787807814457e-17,0.26014284641297625,-0.05033574002966734,nan,nan,-0.0003005102155220024,-5.38625986503281e-05,6184.442600581678,True,True,True,Z_mode_existing_controller,False,0.05060201485354432,0.0,0.0,False,False,False,0.2,-0.16251109540462494,0.00253730034455657,25.331118749665578,50.157794946183394,188.50970387179905,210.82544078753733,-0.8125554323196411,0.012686501257121563,-0.05508118695357209,-0.00015844949543578762,-0.05508118695357213,-0.00015844949543582232,0.26014284641297625,-0.05033574002966734,-0.32560894130464346,-0.04119034470081248,-0.000299576867151625,-5.373515706175603e-05,6061.361885976113,True,True,True,Z_mode_existing_controller,False,0.05060201485354432,0.0,5.508141485525736,False,False,False
662,-117.88846538658254,-3987.6739852675037,10.18982615563001,2.9175772520338406,39.06944731604357,25.73615716864816,0.2,0.0,0.0,25.379414559228906,50.16988602910276,194.9442952386648,211.05958479195195,0.0,0.0,0.0,0.0,-1.0570971181733668e-16,-2.0816681711721685e-17,0.26014284641297625,-0.05033574002966734,nan,nan,-0.0013978799804690127,2.1482485909933135e-05,6249.594087865858,True,True,True,Z_mode_existing_controller,False,0.05060201485354432,0.0,0.0,False,False,False,0.2,-0.1619989424943924,0.005102022551000118,25.32157769526953,50.15585193048195,189.82828732913356,211.16377236403488,-0.8099946975708008,0.025510111823678017,-0.0550120056352118,0.001349024315618598,-0.055012005635211886,0.0013490243156187229,0.26014284641297625,-0.05033574002966734,-0.32560894130464346,-0.03188797250595417,-0.0013972094950053856,2.1354523242884255e-05,6131.705622479275,True,True,True,Z_mode_existing_controller,False,0.05060201485354432,0.0,5.502854378059373,False,False,False
663,-138.4227710002924,-4126.096756267796,11.892269633228427,4.385977521562643,37.62306957517122,24.220450523695863,0.2,0.0,0.0,25.35840686971497,50.17043945243017,199.0769397306339,211.96900761622112,0.0,0.0,0.0,0.0,-1.3877787807814457e-16,1.3183898417423734e-16,0.26014284641297625,-0.05033574002966734,nan,nan,-0.002428866302067153,-6.519582530793971e-06,6527.945844200737,True,True,True,Z_mode_existing_controller,False,0.05060201485354432,0.0,0.0,False,False,False,0.2,-0.18792639672756195,-0.008305717259645462,25.29667858437803,50.155616608937315,193.26789349354763,211.28281245222942,-0.939631998538971,-0.04152858629822731,-0.06393503504044228,-0.006766979522278359,-0.06393503504044239,-0.006766979522278463,0.26014284641297625,-0.05033574002966734,-0.32560894130464346,-0.07622400702053275,-0.002431053786612153,-7.866177193425333e-06,6389.523073200445,True,True,True,Z_mode_existing_controller,False,0.05060201485354432,0.0,6.429215128985452,False,False,False
664,-209.32808214220495,-4335.424838410001,9.511913105106611,5.340598842572552,39.487196512570065,24.413816253142066,0.2,0.0,0.0,25.325350756186992,50.17107318141848,205.58383759543344,213.39015415647953,0.0,0.0,0.0,0.0,-5.551115123125783e-17,-4.85722573273506e-17,0.055419921875,0.0,nan,nan,0.0006662806849798589,-2.697225987617711e-05,6433.360017812095,False,True,True,Omega_safe_one_step_QP,False,0.33251953125,0.0,0.0,False,False,False,0.2,-0.19527128338813782,-0.04178912192583084,25.259142678269917,50.15535123852879,196.54461931467347,212.10796533818382,-0.9763563871383667,-0.2089456021785736,-0.09821967740216454,-0.012907887938113302,-0.09821967740216452,-0.012907887938113434,0.055419921875,0.0,-0.387939453125,-0.0948813294887202,0.0006691541622944955,-2.6334892237346976e-05,6224.03193566989,False,True,True,Omega_safe_one_step_QP,False,0.33251953125,0.0,9.906421452779082,False,False,False
665,-159.16198844171322,-4494.586826851714,13.657019465723273,5.8194419376632185,38.726060050683174,24.37267496555747,0.2,0.0,0.0,25.344101646622597,50.172306611299696,201.87057174486375,212.66291122361312,0.0,0.0,0.0,0.0,-1.3877787807814457e-17,4.85722573273506e-17,0.055419921875,0.0,nan,nan,-0.003182931582332775,2.8975161419770006e-05,6783.330753686628,False,True,True,Omega_safe_one_step_QP,False,0.33251953125,0.0,0.0,False,False,False,0.2,-0.18541096150875092,-0.029006440192461014,25.270892007119006,50.15522916706101,195.35639364720618,212.26945913348263,-0.9270548224449158,-0.14503219723701477,-0.08942658982838249,-0.006666551259508144,-0.08942658982838243,-0.006666551259508116,0.055419921875,0.0,-0.387939453125,-0.069360932547116,-0.00318802957728603,2.5980137774530817e-05,6624.1687652449145,False,True,True,Omega_safe_one_step_QP,False,0.33251953125,0.0,8.967473375499601,False,False,False
666,-187.6029446267712,-4682.189771478485,12.647693028834038,5.414620422576233,34.643182090482455,26.087525858352443,0.2,0.0,0.0,25.302039613344302,50.17407949487921,210.13947359507708,214.52589662984101,0.0,0.0,0.0,0.0,0.0,-3.469446951953614e-17,0.055419921875,0.0,nan,nan,-0.00258173421216223,4.9475125700761645e-05,6885.844150256813,False,True,True,Omega_safe_one_step_QP,False,0.33251953125,0.0,0.0,False,False,False,0.2,-0.19848385453224182,-0.019288158044219017,25.223781765112278,50.15595520949326,202.3570823793161,214.39626944235616,-0.9924192428588867,-0.09644079208374023,-0.11462944636330286,-0.006012763379313949,-0.11462944636330279,-0.00601276337931406,0.055419921875,0.0,-0.387939453125,-0.04308454063197892,-0.0025874867419837123,4.6850255341485125e-05,6698.241205630042,False,True,True,Omega_safe_one_step_QP,False,0.33251953125,0.0,11.478703453357829,False,False,False
667,-176.72899904782753,-4858.918770526313,10.219332383477429,4.574351586992614,38.10738775235879,26.503065268722896,0.2,0.0,0.0,25.275829256002744,50.17754178651081,215.2635376344025,215.8143298406104,0.0,0.0,0.0,0.0,1.3877787807814457e-16,2.42861286636753e-17,0.055419921875,0.0,nan,nan,-0.0005176676955253564,4.171759074054907e-05,6743.9703004122675,False,True,True,Omega_safe_one_step_QP,False,0.33251953125,0.0,0.0,False,False,False,0.2,-0.1982659548521042,-0.03957256302237511,25.19150691334195,50.15817089785005,207.64025438778367,214.71355317900802,-0.9913297295570374,-0.19786280393600464,-0.12753757832420987,-0.018018158401912863,-0.1275375783242099,-0.018018158401912846,0.055419921875,0.0,-0.387939453125,-0.08849157598356143,-0.0005186529241060587,4.147523658048916e-05,6567.24130136444,False,True,True,Omega_safe_one_step_QP,False,0.33251953125,0.0,12.880406793653853,False,False,False
668,-136.94425240894725,-4995.86302293526,9.031315590218071,3.8846542311059364,40.36696962231011,25.255514523678755,0.2,0.0,0.0,25.284807608986775,50.181635781595006,213.44315199110468,215.6558565464555,0.0,0.0,0.0,0.0,-1.3877787807814457e-16,8.413408858487514e-17,0.055419921875,0.0,nan,nan,0.0004301048656222429,-6.876807172495787e-06,6568.239018476017,False,True,True,Omega_safe_one_step_QP,False,0.33251953125,0.0,0.0,False,False,False,0.2,-0.1966935098171234,-0.08502082526683807,25.194645680385907,50.16112227391492,207.40338934956588,212.75221067182616,-0.9834675192832947,-0.4251041114330292,-0.1256984331664156,-0.038294760490207594,-0.1256984331664155,-0.03829476049020771,0.055419921875,0.0,-0.387939453125,-0.19164221527866585,0.0004290314254537207,-6.099493296452593e-06,6431.29476606707,False,True,True,Omega_safe_one_step_QP,False,0.33251953125,0.0,13.14023773814392,False,False,False
669,-98.30425620423011,-5094.16727913949,11.523773432832705,6.053043910345964,40.982904158793275,21.820041670984008,0.2,0.0,0.0,25.30648486409231,50.18446497959455,209.13421736943553,214.8931467630943,0.0,0.0,0.0,0.0,-2.7755575615628914e-17,4.163336342344337e-17,0.055419921875,0.0,nan,nan,-0.0008551176130904116,-6.749248476257356e-05,6735.965767640315,False,True,True,Omega_safe_one_step_QP,False,0.33251953125,0.0,0.0,False,False,False,0.2,-0.19558830559253693,-0.10797066986560822,25.211787766246406,50.16313640935638,204.92001792880245,211.27197607057258,-0.9779415130615234,-0.5398533344268799,-0.11878223216485417,-0.04734049141738661,-0.11878223216485417,-0.04734049141738673,0.055419921875,0.0,-0.387939453125,-0.2447478061887457,-0.0008543184037119039,-6.78355997625077e-05,6637.661511436085,False,True,True,Omega_safe_one_step_QP,False,0.33251953125,0.0,12.786845117426344,False,False,False
670,-81.03029166411307,-5175.197570803603,9.012074465996081,2.6333005080739182,38.95643197151808,22.016898021628755,0.2,0.0,0.0,25.305311650771284,50.18540582171939,209.35218811967783,214.98874262265886,0.0,0.0,0.0,0.0,-8.326672684688674e-17,-4.683753385137379e-17,0.055419921875,0.0,nan,nan,-0.00020120333555263652,-0.00010900386619895706,6469.671378172886,False,True,True,Omega_safe_one_step_QP,False,0.33251953125,0.0,0.0,False,False,False,0.2,-0.19657430052757263,-0.10781218856573105,25.207603786380133,50.16355388049969,205.69843025838068,211.46701643873854,-0.9828714728355408,-0.5390609502792358,-0.12143208597000718,-0.04772692004214794,-0.1214320859700072,-0.04772692004214807,0.055419921875,0.0,-0.387939453125,-0.24316273496382113,-0.00020501864261997932,-0.00010818064943034309,6388.641086508773,False,True,True,Omega_safe_one_step_QP,False,0.33251953125,0.0,13.04745584385585,False,False,False
671,-50.11949305987309,-5225.3170638634765,10.760831121135578,4.563131381888672,38.02241021834892,29.474154247546902,0.2,0.0,0.0,25.314124675731964,50.18554802691456,207.61089319421347,214.61995165756585,0.0,0.0,0.0,0.0,0.0,1.3877787807814457e-16,0.055419921875,0.0,nan,nan,-0.0010949686085560788,0.0001387334353407559,6616.643562776376,False,True,True,Omega_safe_one_step_QP,False,0.33251953125,0.0,0.0,False,False,False,0.2,-0.19048695266246796,-0.05139074847102165,25.213802580490484,50.163284175098006,205.26509713745543,213.77233124329524,-0.952434778213501,-0.25695374608039856,-0.11576713722395504,-0.022253085383302805,-0.11576713722395517,-0.022253085383302944,0.055419921875,0.0,-0.387939453125,-0.11961223487714316,-0.0010940631611386885,0.0001384576745879231,6566.524069716503,False,True,True,Omega_safe_one_step_QP,False,0.33251953125,0.0,11.788651267259807,False,False,False
672,-56.1894288167623,-5281.506492680239,11.788739823156185,5.261806535101531,35.685365971389295,26.877943807633553,0.2,0.0,0.0,25.30809067074293,50.190374420753336,208.74139377782708,215.13386089085148,0.0,0.0,0.0,0.0,1.1102230246251565e-16,1.1275702593849246e-16,0.055419921875,0.0,nan,nan,-0.0017864959319659366,6.561565885984883e-05,6756.120285951496,False,True,True,Omega_safe_one_step_QP,False,0.33251953125,0.0,0.0,False,False,False,0.2,-0.19617228209972382,-0.10667508840560913,25.20629465630061,50.16781048831348,206.23903075874074,211.8035117759227,-0.9808614253997803,-0.5333754420280457,-0.1224424578310978,-0.04792113465840365,-0.12244245783109767,-0.047921134658403586,0.055419921875,0.0,-0.387939453125,-0.2410911471149532,-0.0017820057017852668,6.505870042555068e-05,6699.930857134734,False,True,True,Omega_safe_one_step_QP,False,0.33251953125,0.0,13.148608529676801,False,False,False
673,-55.93759893373135,-5337.44409161397,9.655403041914404,3.4090268908606465,37.83635176464922,31.10398099209445,0.2,0.0,0.0,25.29260447760975,50.193901819574975,211.75056058020735,215.97433840214472,0.0,0.0,0.0,0.0,0.0,-8.543513119185775e-17,0.055419921875,0.0,nan,nan,-0.0005584049287023947,0.00017079078057618364,6596.363024373657,False,True,True,Omega_safe_one_step_QP,False,0.33251953125,0.0,0.0,False,False,False,0.2,-0.19496285915374756,-0.08676835894584656,25.189267386498233,50.17107873958526,209.15516286494184,213.4342528399336,-0.9748142957687378,-0.4338417947292328,-0.1285670246728331,-0.0409023858846294,-0.12856702467283324,-0.040902385884629446,0.055419921875,0.0,-0.387939453125,-0.19731740475589313,-0.0005621177114465293,0.00017053230831918413,6540.425425439926,False,True,True,Omega_safe_one_step_QP,False,0.33251953125,0.0,13.491658535658264,False,False,False
674,-34.4833821528664,-5371.927473766837,9.362648383592273,6.09480792054532,44.20248992914254,27.657956524771237,0.2,0.0,0.0,25.298018007216648,50.19999106261516,210.60946482258447,216.07568258843185,0.0,0.0,0.0,0.0,5.551115123125783e-17,1.0451708942760263e-16,0.055419921875,0.0,nan,nan,0.001315995269870314,8.479230771130542e-05,6534.578334178147,False,True,True,Omega_safe_one_step_QP,False,0.33251953125,0.0,0.0,False,False,False,0.2,-0.19243833422660828,-0.03224952891469002,25.19294755965733,50.17687821590415,208.8470989105632,216.01233968784615,-0.962191641330719,-0.1612476408481598,-0.12577142993638318,-0.017075463659068,-0.1257714299363833,-0.017075463659068105,0.055419921875,0.0,-0.387939453125,-0.07429980643474311,0.0013099352455397482,8.490188719536586e-05,6500.094952025281,False,True,True,Omega_safe_one_step_QP,False,0.33251953125,0.0,12.692526953847567,False,False,False
675,3.020038458617819,-5368.907435308219,10.038721085916718,5.870450941241053,39.49116032867121,26.68549681513142,0.2,0.0,0.0,25.330585753172112,50.20416780346848,204.13775485472013,214.92852713945933,0.0,0.0,0.0,0.0,-5.551115123125783e-17,-4.336808689942018e-17,0.055419921875,0.0,nan,nan,0.00043071216176606645,4.940961091600901e-05,6452.99671197952,False,True,True,Omega_safe_one_step_QP,False,0.33251953125,0.0,0.0,False,False,False,0.2,-0.19518756866455078,0.11139265447854996,25.224428252630997,50.18083577704282,203.79781112746903,221.50996078395656,-0.9759378433227539,0.5569632649421692,-0.11575819999045614,0.04867247436287347,-0.11575819999045611,0.048672474362873364,0.055419921875,0.0,-0.387939453125,0.2530231715426369,0.00042893831481858463,4.9820745794881046e-05,6456.016750438138,False,True,True,Omega_safe_one_step_QP,False,0.33251953125,0.0,12.557456201649684,False,False,False
676,16.112850957416413,-5352.794584350802,9.878761061064868,2.919443119751489,42.00098436992146,20.885178756330987,0.2,0.0,0.0,25.344509363893827,50.20662163361907,201.36177722181955,214.47166393831066,0.0,0.0,0.0,0.0,1.3877787807814457e-17,1.1796119636642288e-16,0.055419921875,0.0,nan,nan,-0.0009650425889292003,-0.00011813330091483241,6369.890171487859,False,True,True,Omega_safe_one_step_QP,False,0.33251953125,0.0,0.0,False,False,False,0.2,-0.197998508810997,0.13343344628810883,25.23848566166563,50.18311467188979,201.54580124998955,222.13599824684596,-0.9899924993515015,0.6671672463417053,-0.11227705177399444,0.05929858567392127,-0.1122770517739943,0.0592985856739214,0.055419921875,0.0,-0.387939453125,0.29878492371305304,-0.0009675633718630866,-0.00011878506615421204,6386.003022445276,False,True,True,Omega_safe_one_step_QP,False,0.33251953125,0.0,12.697424391579412,False,False,False
677,13.036816938664742,-5339.757767412138,11.105927138611944,5.6689810509381005,39.964169288476725,22.675591946678644,0.2,0.0,0.0,25.335193493573588,50.20528751720721,203.21174416093925,214.78503906482467,0.0,0.0,0.0,0.0,-8.326672684688674e-17,4.85722573273506e-17,0.055419921875,0.0,nan,nan,-0.0007257749294360062,-5.3617566561984555e-05,6544.259975231656,False,True,True,Omega_safe_one_step_QP,False,0.33251953125,0.0,0.0,False,False,False,0.2,-0.19251033663749695,-0.013620696030557156,25.229716837497225,50.181637232472184,203.42355286394314,215.87204108793188,-0.9625516533851624,-0.06810347735881805,-0.11289965114825683,-0.006513944129841499,-0.11289965114825674,-0.006513944129841473,0.055419921875,0.0,-0.387939453125,-0.03136903391605497,-0.0007211561267689067,-5.360137714670657e-05,6557.296792170321,False,True,True,Omega_safe_one_step_QP,False,0.33251953125,0.0,11.308741175535324,False,False,False
678,5.883788083924628,-5333.873979328213,9.757441295688562,3.673024136565692,39.73894905531385,23.329754600736234,0.2,0.0,0.0,25.33100068052101,50.20553447828756,204.0331620456819,214.9696405539874,0.0,0.0,0.0,0.0,1.3877787807814457e-17,1.3010426069826053e-16,0.055419921875,0.0,nan,nan,-0.0004766806010667599,-5.488197632414274e-05,6421.378090243027,False,True,True,Omega_safe_one_step_QP,False,0.33251953125,0.0,0.0,False,False,False,0.2,-0.19446446001529694,-0.0680520087480545,25.22619895886195,50.1819460388232,204.0177790495163,213.61434825178978,-0.9723222851753235,-0.34026002883911133,-0.11575684890314251,-0.031028126371007964,-0.11575684890314256,-0.031028126371007995,0.055419921875,0.0,-0.387939453125,-0.15515172316658082,-0.0004801546971184723,-5.480592246999991e-05,6427.261878326952,False,True,True,Omega_safe_one_step_QP,False,0.33251953125,0.0,11.984320044992211,False,False,False
679,11.648911027454233,-5322.225068300759,11.42180762027518,5.252978846444091,43.14739041224094,25.798391667809536,0.2,0.0,0.0,25.33122295585626,50.205883197624054,203.98300352500414,214.97393910949623,0.0,0.0,0.0,0.0,-4.163336342344337e-17,6.418476861114186e-17,0.055419921875,0.0,nan,nan,-0.0012081466658321479,5.9184203652605516e-05,6596.145254815707,False,True,True,Omega_safe_one_step_QP,False,0.33251953125,0.0,0.0,False,False,False,0.2,-0.19217045605182648,-0.07610376924276352,25.22678819344477,50.18239085125436,204.20673272774656,213.28066752854656,-0.9608522653579712,-0.3805188238620758,-0.11451597465166499,-0.034640871779978676,-0.11451597465166494,-0.03464087177997878,0.055419921875,0.0,-0.387939453125,-0.17558016075850993,-0.0012022541022985878,5.931179382221612e-05,6607.794165843161,False,True,True,Omega_safe_one_step_QP,False,0.33251953125,0.0,11.964070564861139,False,False,False
680,-3.7653597037688087,-5325.9904280045275,9.333681434846635,5.433043857821372,37.14994318695686,23.322219499292792,0.2,0.0,0.0,25.320430759756597,50.208504711928136,206.07747106809464,215.566977802335,0.0,0.0,0.0,0.0,4.163336342344337e-17,-1.1015494072452725e-16,0.055419921875,0.0,nan,nan,0.0008376212237150753,-7.096305786186401e-05,6424.644888892993,False,True,True,Omega_safe_one_step_QP,False,0.33251953125,0.0,0.0,False,False,False,0.2,-0.19641797244548798,-0.08053061366081238,25.216695517663457,50.185157060308214,205.67298144880667,213.56804599670792,-0.9820898175239563,-0.4026530683040619,-0.12124970712016611,-0.03781046557718201,-0.12124970712016621,-0.03781046557718208,0.055419921875,0.0,-0.387939453125,-0.1817756394513908,0.0008319343792220994,-7.083832038157168e-05,6420.879529189224,False,True,True,Omega_safe_one_step_QP,False,0.33251953125,0.0,12.700835714191943,False,False,False
681,48.43803654857038,-5277.552391455957,9.39483675217706,7.453410413889605,42.89470017971015,22.831226314211936,0.2,0.0,0.0,25.342049609156618,50.20884192078301,201.80938026209583,214.66973167526606,0.0,0.0,0.0,0.0,-2.7755575615628914e-17,8.326672684688674e-17,0.055419921875,0.0,nan,nan,0.001970814765972043,-6.42036677605054e-05,6327.356232243688,False,True,True,Omega_safe_one_step_QP,False,0.33251953125,0.0,0.0,False,False,False,0.2,-0.17513905465602875,-0.07488897442817688,25.23832861731323,50.18554699016295,203.612506189273,213.12930131564568,-0.8756952285766602,-0.3744448721408844,-0.10095020130567847,-0.033569883726036066,-0.10095020130567842,-0.033569883726035976,0.055419921875,0.0,-0.387939453125,-0.18957924011910018,0.0019640575109476184,-6.425384914582636e-05,6375.794268792259,False,True,True,Omega_safe_one_step_QP,False,0.33251953125,0.0,10.638552644526678,False,False,False
682,240.78565381559656,-5036.766737640361,10.328724511137256,4.014249345048112,41.471831413824134,28.622799953426142,0.2,0.0,0.0,25.377135402817125,50.20865096749869,194.89266339488216,213.17641323840783,0.0,0.0,0.0,0.0,-9.367506770274758e-17,7.632783294297951e-17,0.26014284641297625,-0.05033574002966734,nan,nan,-0.000866806213288609,0.00011949211384740515,6259.58178593713,True,True,True,Z_mode_existing_controller,False,0.05060201485354432,0.0,0.0,False,False,False,0.2,-0.04531843960285187,-0.04115178436040878,25.275200113360373,50.18574442349914,204.6708599566345,213.52290278691808,-0.22659219801425934,-0.20575891435146332,-0.019408538074169313,-0.014477402739279676,-0.01940853807416941,-0.0144774027392797,0.055419921875,0.0,-0.310767511499567,-0.33251953125,-0.0008647536528135387,0.00011995795462024957,6500.367439752727,False,True,True,Omega_safe_one_step_QP,False,0.33251953125,0.0,2.421335458485225,False,False,False
683,74.371576754138,-4962.395160886223,10.292632825701288,3.7732271254597363,37.312389624989024,26.605140850578593,0.2,0.0,0.0,25.36393689842139,50.211060716497975,197.46399877533256,213.85913324362716,0.0,0.0,0.0,0.0,-1.3183898417423734e-16,-1.734723475976807e-17,0.26014284641297625,-0.05033574002966734,nan,nan,-0.0010737460112290088,4.217464853855345e-05,6319.2061436835575,True,True,True,Z_mode_existing_controller,False,0.05060201485354432,0.0,0.0,False,False,False,0.2,-0.1421206295490265,-0.07434713840484619,25.2703703594154,50.18977076082117,200.3518471228917,212.2461466630176,-0.7106031179428101,-0.37173569202423096,-0.07336369007363755,-0.03174609398024699,-0.07336369007363744,-0.03174609398024697,0.055419921875,0.0,-0.387939453125,-0.231933259237641,-0.0010725413642605737,4.229122987234454e-05,6393.5777204376955,False,True,True,Omega_safe_one_step_QP,False,0.33251953125,0.0,7.993776019018422,False,False,False
684,18.559503477460567,-4943.835657408762,10.16128073392759,5.039281548055035,35.52336749332789,22.4971845652877,0.2,0.0,0.0,25.349753853972533,50.21231733118773,200.24299235944304,214.5199060464817,0.0,0.0,0.0,0.0,-6.245004513516506e-17,-9.367506770274758e-17,0.26014284641297625,-0.05033574002966734,nan,nan,-0.00026062730805095696,-9.024869383261747e-05,6372.790313938983,True,True,True,Z_mode_existing_controller,False,0.05060201485354432,0.0,0.0,False,False,False,0.2,-0.17334802448749542,-0.0023530146572738886,25.25892991153885,50.19158886355829,200.72569184414152,215.96610797420678,-0.8667401075363159,-0.0117650730535388,-0.09364774982760768,-0.0006107849247566559,-0.09364774982760757,-0.0006107849247565769,0.055419921875,0.0,-0.387939453125,-0.006018130929954985,-0.00026053391063024685,-9.034205205536369e-05,6391.349817416443,False,True,True,Omega_safe_one_step_QP,False,0.33251953125,0.0,9.364974162270014,False,False,False
685,1.7113037226554297,-4942.124353686107,9.390080698633497,4.724618051311098,39.38747942749248,22.357466224877122,0.2,0.0,0.0,25.35006231475002,50.211353872959855,200.19128705803953,214.4484389065122,0.0,0.0,0.0,0.0,-2.0816681711721685e-17,5.204170427930421e-17,0.26014284641297625,-0.05033574002966734,nan,nan,0.0004705906755519873,-9.067823745109293e-05,6289.790434730305,True,True,True,Z_mode_existing_controller,False,0.05060201485354432,0.0,0.0,False,False,False,0.2,-0.1861630529165268,-0.03298003226518631,25.260005657536702,50.19071023588147,200.0034255027337,214.55490749269907,-0.9308152198791504,-0.16490015387535095,-0.1005022749338009,-0.01402830332673271,-0.10050227493380076,-0.014028303326732727,0.055419921875,0.0,-0.387939453125,-0.07854408414288933,0.0004667174399073659,-9.07025848122479e-05,6291.50173845296,False,True,True,Omega_safe_one_step_QP,False,0.33251953125,0.0,10.147660105214452,False,False,False
686,42.548643236489625,-4899.575710449617,13.0459873593889,6.021677974422294,40.33388781948068,27.509898983129023,0.2,0.0,0.0,25.361299177745686,50.21037639938862,197.98534844297552,213.916056109006,0.0,0.0,0.0,0.0,1.0408340855860843e-17,4.163336342344337e-17,0.26014284641297625,-0.05033574002966734,nan,nan,-0.0023950982622821743,0.0001208353569057477,6617.290117803543,True,True,True,Z_mode_existing_controller,False,0.05060201485354432,0.0,0.0,False,False,False,0.2,-0.1651252955198288,-0.014180990867316723,25.271404351452368,50.18974979939046,199.40747045684756,214.95656217956903,-0.8256264925003052,-0.07090495526790619,-0.08571975864392176,-0.004919864649334901,-0.0857197586439217,-0.004919864649334808,0.055419921875,0.0,-0.387939453125,-0.038075784985100926,-0.0023772798278444297,0.00012160434300563039,6659.838761040032,False,True,True,Omega_safe_one_step_QP,False,0.33251953125,0.0,8.586082977784423,False,False,False
687,-30.68509900814388,-4930.260809457761,7.530721660020964,6.4576184863763855,32.38260210038146,23.44518585291883,0.2,0.0,0.0,25.327729185452398,50.213289355727284,204.5667526775578,215.48420617871585,0.0,0.0,0.0,0.0,-5.551115123125783e-17,6.591949208711867e-17,0.055419921875,0.0,nan,nan,0.002997813748182301,-0.00010620858424277915,6196.03575519141,False,True,True,Omega_safe_one_step_QP,False,0.33251953125,0.0,0.0,False,False,False,0.2,-0.19496919214725494,-0.05808110162615776,25.239624749804427,50.19292588610306,202.99909492943414,214.2712291960462,-0.9748459458351135,-0.2904055118560791,-0.11366292466531283,-0.027130441628455675,-0.11366292466531297,-0.02713044162845568,0.055419921875,0.0,-0.387939453125,-0.13207625590834837,0.0029882867652511963,-0.00010574422457878575,6165.350656183266,False,True,True,Omega_safe_one_step_QP,False,0.33251953125,0.0,11.685598532564617,False,False,False
688,236.36631248291724,-4693.894496974844,12.229578334525957,5.892647446357601,39.70001706150265,27.07990095631174,0.2,0.0,0.0,25.38048753306261,50.21267594432794,194.17108624302784,213.2235575627491,0.0,0.0,0.0,0.0,1.1188966420050406e-16,2.0816681711721685e-17,0.26014284641297625,-0.05033574002966734,nan,nan,-0.0017164916755322032,9.199544516730936e-05,6436.825829788644,True,True,True,Z_mode_existing_controller,False,0.05060201485354432,0.0,0.0,False,False,False,0.2,-0.019216131418943405,-0.04848559945821762,25.291335183881763,50.19215576285265,203.5059244154538,213.2470393072753,-0.09608065336942673,-0.2424279898405075,-0.008296248089408154,-0.01540016860567937,-0.008296248089408056,-0.015400168605679325,0.055419921875,0.0,-0.07636640402928843,-0.33251953125,-0.0016893144816262666,9.486608625953628e-05,6673.192142271561,False,True,True,Omega_safe_one_step_QP,False,0.33251953125,0.0,1.7492653470653197,False,False,False
689,14.386648765447717,-4679.507848209396,11.841904542451893,4.500455682097894,39.311839755770144,22.815228377397474,0.2,0.0,0.0,25.353935244681878,50.214414356083886,199.38285819588768,214.4316458354863,0.0,0.0,0.0,0.0,-8.326672684688674e-17,-5.204170427930421e-17,0.26014284641297625,-0.05033574002966734,nan,nan,-0.002248153363312534,-4.210330933425259e-05,6527.5370195208,True,True,True,Z_mode_existing_controller,False,0.05060201485354432,0.0,0.0,False,False,False,0.2,-0.15934132039546967,-0.05062222108244896,25.273118388738695,50.19549064710265,199.75827795457565,213.59737135087573,-0.7967065572738647,-0.2531110942363739,-0.08281299879270267,-0.02161951476777543,-0.08281299879270271,-0.021619514767775568,0.055419921875,0.0,-0.387939453125,-0.14085383655992667,-0.002240176155383634,-4.1861889146816746e-05,6541.923668286247,False,True,True,Omega_safe_one_step_QP,False,0.33251953125,0.0,8.55885283658637,False,False,False
690,-56.99181711520578,-4736.499665324602,8.689099713888274,5.333647050576479,39.47113171565637,22.99462756261033,0.2,0.0,0.0,25.323713397107458,50.21427565674941,205.3401247470671,215.6910341890321,0.0,0.0,0.0,0.0,9.71445146547012e-17,-2.6020852139652106e-17,0.055419921875,0.0,nan,nan,0.001492563236074,-8.231786849506768e-05,6337.258094290316,False,True,True,Omega_safe_one_step_QP,False,0.33251953125,0.0,0.0,False,False,False,0.2,-0.19482041895389557,-0.07331353425979614,25.243655315550285,50.19548618047218,202.7110710513243,213.62553554308974,-0.9741020798683167,-0.3665676712989807,-0.11285830793943072,-0.03395431808163075,-0.11285830793943073,-0.03395431808163069,0.055419921875,0.0,-0.387939453125,-0.16684207385960126,0.0014887353499259074,-8.177139790383186e-05,6280.26627717511,False,True,True,Omega_safe_one_step_QP,False,0.33251953125,0.0,11.785539184670297,False,False,False
691,40.01906134712772,-4696.480603977474,8.770248088095746,3.703404430514026,44.082083600071186,22.952477418989886,0.2,0.0,0.0,25.3545298066596,50.21425805572702,199.26303159494242,214.38703009021924,0.0,0.0,0.0,0.0,-1.0408340855860843e-16,1.0408340855860843e-16,0.26014284641297625,-0.05033574002966734,nan,nan,0.0007302229057798702,-6.58699868315276e-05,6201.9728951631405,True,True,True,Z_mode_existing_controller,False,0.05060201485354432,0.0,0.0,False,False,False,0.2,-0.14627209305763245,-0.060208000242710114,25.27261736831295,50.19516416643575,200.77695221584403,213.20426528715242,-0.7313604354858398,-0.30103999376296997,-0.0766022223800322,-0.026003290537482685,-0.07660222238003228,-0.026003290537482675,0.055419921875,0.0,-0.387939453125,-0.18249401372201757,0.0007216133946544821,-6.607567096274117e-05,6241.991956510268,False,True,True,Omega_safe_one_step_QP,False,0.33251953125,0.0,8.089543616506836,False,False,False
692,55.71159819197055,-4640.769005785503,8.838434247500402,4.49760189088877,45.81657959608892,21.421889879307216,0.2,0.0,0.0,25.368885038605285,50.21362611153295,196.4382845654783,213.74235684843072,0.0,0.0,0.0,0.0,-1.734723475976807e-17,-1.734723475976807e-17,0.26014284641297625,-0.05033574002966734,nan,nan,0.0010884804505633511,-0.00010462438710625004,6141.750189362119,True,True,True,Z_mode_existing_controller,False,0.05060201485354432,0.0,0.0,False,False,False,0.2,-0.1405516266822815,0.025798678398132324,25.288408773218485,50.19484966120118,198.5271282862421,216.44586248756175,-0.7027581334114075,0.12899339199066162,-0.06943721506390453,0.013031917100519418,-0.06943721506390463,0.013031917100519335,0.055419921875,0.0,-0.387939453125,0.0813799612314546,0.0010801006954682417,-0.00010528601355010462,6197.46178755409,False,True,True,Omega_safe_one_step_QP,False,0.33251953125,0.0,7.064954139373974,False,False,False
693,228.68233978059106,-4412.086666004912,11.324170631211812,3.110699792045377,37.28316188817511,25.283382798008972,0.2,0.0,0.0,25.386279791470354,50.21178228388188,193.02859323401722,212.90307060939855,0.0,0.0,0.0,0.0,0.0,-7.632783294297951e-17,0.26014284641297625,-0.05033574002966734,nan,nan,-0.002639788052821939,1.52068052937911e-05,6317.60972646837,True,True,True,Z_mode_existing_controller,False,0.05060201485354432,0.0,0.0,False,False,False,0.2,0.011867808178067207,-0.01661982573568821,25.307702991833022,50.19329435717007,202.19669711778508,213.74532356064833,0.05933903902769089,-0.0830991268157959,0.0037098988720182247,-0.005192004243245767,0.003709898872018308,-0.005192004243245625,0.055419921875,0.0,0.29286392851472504,-0.33251953125,-0.002624828360263361,1.6852983881326163e-05,6546.292066248961,False,True,True,Omega_safe_one_step_QP,False,0.33251953125,0.0,0.6381242645636006,False,False,False
694,15.60639459804679,-4396.4802714068655,10.777625456521408,4.878205848195757,41.89808249060723,26.30944065325954,0.2,0.0,0.0,25.344935981199757,50.21181055865689,201.17645545691857,214.63994471511225,0.0,0.0,0.0,0.0,-4.163336342344337e-17,-1.0061396160665481e-16,0.055419921875,0.0,nan,nan,-0.0008218021758559079,5.870230457670229e-05,6458.933292699742,False,True,True,Omega_safe_one_step_QP,False,0.33251953125,0.0,0.0,False,False,False,0.2,-0.13118091225624084,-0.046958621591329575,25.274333982078588,50.194839106441165,201.64198637618443,213.75776375568444,-0.6559045314788818,-0.23479311168193817,-0.06881182849560077,-0.02015982707390179,-0.06881182849560077,-0.020159827073901723,0.055419921875,0.0,-0.387939453125,-0.1587086471767001,-0.0008196825314478826,5.877086663000136e-05,6474.539687297789,False,True,True,Omega_safe_one_step_QP,False,0.33251953125,0.0,7.170415865594964,False,False,False
695,-54.520095211025364,-4451.000366617891,9.812568341921926,5.591407772695481,42.72276510781202,27.268281192899856,0.2,0.0,0.0,25.337600741221934,50.213973805676694,202.59483081948963,215.06225840487662,0.0,0.0,0.0,0.0,-6.938893903907228e-17,-7.112366251504909e-17,0.055419921875,0.0,nan,nan,0.0005820121259547885,7.565498358581141e-05,6390.627616088605,False,True,True,Omega_safe_one_step_QP,False,0.33251953125,0.0,0.0,False,False,False,0.2,-0.18209032714366913,-0.059976883232593536,25.267701655918422,50.19714350412854,200.12880090879239,213.55358498354593,-0.9104516506195068,-0.2998844087123871,-0.0980931928057107,-0.026448970837372493,-0.09809319280571069,-0.02644897083737253,0.055419921875,0.0,-0.387939453125,-0.14603364100428093,0.0005809298332305531,7.565344156249855e-05,6336.107520877579,False,True,True,Omega_safe_one_step_QP,False,0.33251953125,0.0,10.15963706693034,False,False,False
696,-26.74433308602147,-4477.744699703912,11.53370145372354,6.227532204706941,39.675246105214136,28.03060996897445,0.2,0.0,0.0,25.35248942855705,50.21669094738423,199.6255182160127,214.57927740095897,0.0,0.0,0.0,0.0,-6.938893903907228e-18,-2.0816681711721685e-17,0.26014284641297625,-0.05033574002966734,nan,nan,-0.0008066131051176718,0.00011213312874119603,6499.888466390497,True,True,True,Z_mode_existing_controller,False,0.05060201485354432,0.0,0.0,False,False,False,0.2,-0.1779617816209793,-0.01283565629273653,25.280868412688246,50.19955006297973,198.30260073146508,215.31138946934644,-0.8898088932037354,-0.06417828053236008,-0.0914341209720601,-0.00483311771550448,-0.09143412097206,-0.004833117715504615,0.055419921875,0.0,-0.387939453125,-0.03197770049179826,-0.0008027131379146867,0.00011196992451056875,6473.144133304476,False,True,True,Omega_safe_one_step_QP,False,0.33251953125,0.0,9.156176879454245,False,False,False
697,-36.89213313917389,-4514.636832843086,9.446992242489783,6.0592171372392585,43.8563084575502,24.99385678547233,0.2,0.0,0.0,25.34408489534059,50.219669875444076,201.2450959444623,215.09146759381824,0.0,0.0,0.0,0.0,1.249000902703301e-16,-3.2959746043559335e-17,0.055419921875,0.0,nan,nan,0.0012173656048273427,5.371501827770853e-06,6319.028963801079,False,True,True,Omega_safe_one_step_QP,False,0.33251953125,0.0,0.0,False,False,False,0.2,-0.18574993312358856,-0.007245262619107962,25.2717493113009,50.202334621934625,199.44478271488825,216.01481838611343,-0.9287496209144592,-0.036226313561201096,-0.09895397159399744,-0.003347738807483025,-0.09895397159399733,-0.003347738807482934,0.055419921875,0.0,-0.387939453125,-0.017293438831987615,0.0012151736144019277,5.47329057783803e-06,6282.136830661905,False,True,True,Omega_safe_one_step_QP,False,0.33251953125,0.0,9.90105845319011,False,False,False
698,-5.872579216719714,-4520.509412059806,10.062024134746688,3.227044040756791,41.78951936283204,26.76382150048282,0.2,0.0,0.0,25.367370743817457,50.22075757032816,196.63956044778135,214.1653295922954,0.0,0.0,0.0,0.0,6.591949208711867e-17,-8.673617379884035e-17,0.26014284641297625,-0.05033574002966734,nan,nan,-0.0010077409441078848,6.0977430431689676e-05,6274.019566367788,True,True,True,Z_mode_existing_controller,False,0.05060201485354432,0.0,0.0,False,False,False,0.2,-0.1823093444108963,-0.017213551327586174,25.293845680040732,50.203152046161016,196.1618511194343,214.8632963770212,-0.9115467071533203,-0.08606775850057602,-0.08939291704720702,-0.006182175629580889,-0.08939291704720709,-0.006182175629580825,0.055419921875,0.0,-0.387939453125,-0.04186175636136448,-0.0010078226854731932,6.0993544089157047e-05,6268.146987151068,False,True,True,Omega_safe_one_step_QP,False,0.33251953125,0.0,8.960643343936775,False,False,False
699,-31.378362538541296,-4551.887774598347,9.985668822066232,2.6873338971617966,39.655508050826505,26.405233607948258,0.2,0.0,0.0,25.35346771943158,50.22223973041425,199.3607097956114,214.82674286621565,0.0,0.0,0.0,0.0,2.0816681711721685e-17,-8.673617379884035e-17,0.26014284641297625,-0.05033574002966734,nan,nan,-0.0012752835807052906,4.102652806755366e-05,6332.3677531606,True,True,True,Z_mode_existing_controller,False,0.05060201485354432,0.0,0.0,False,False,False,0.2,-0.19609437882900238,0.0031091857235878706,25.27986075637966,50.20458036669955,197.78846743461452,216.32538379255334,-0.9804718494415283,0.015545927919447422,-0.10176875789230844,0.0015958705240283924,-0.10176875789230845,0.0015958705240284826,0.055419921875,0.0,-0.387939453125,0.007029710119181462,-0.0012756225051112494,4.107015859343595e-05,6300.989390622059,False,True,True,Omega_safe_one_step_QP,False,0.33251953125,0.0,10.178126981754925,False,False,False
700,-26.40371392933139,-4578.291488527679,8.867619897584124,6.461187642589644,40.171433810891024,27.02020620000876,0.2,0.0,0.0,25.33779776987863,50.223741710153945,202.42995413672557,215.56364532148328,0.0,0.0,0.0,0.0,-2.7755575615628914e-17,-5.0306980803327406e-17,0.055419921875,0.0,nan,nan,0.0018872229286028513,4.4528714841760714e-05,6286.255024905669,False,True,True,Omega_safe_one_step_QP,False,0.33251953125,0.0,0.0,False,False,False,0.2,-0.1861792355775833,-0.010045229457318783,25.26321919455927,50.20583165740768,201.05986218787888,216.38070539159187,-0.9308961629867554,-0.05022614449262619,-0.10292983911951287,-0.005710556751242066,-0.10292983911951276,-0.005710556751242028,0.055419921875,0.0,-0.387939453125,-0.023921285529569986,0.0018830150835448846,4.472729997196615e-05,6259.851310976338,False,True,True,Omega_safe_one_step_QP,False,0.33251953125,0.0,10.308812850943564,False,False,False
701,112.63800710486703,-4465.653481422812,8.152939898103325,6.860695594051325,40.287387219054516,21.693810162940753,0.2,0.0,0.0,25.372099471418235,50.225786563873015,195.6415204309567,214.22631235937897,0.0,0.0,0.0,0.0,-1.734723475976807e-18,2.7755575615628914e-17,0.26014284641297625,-0.05033574002966734,nan,nan,0.0027635464380756196,-0.00012464675763074196,6051.727376909594,True,True,True,Z_mode_existing_controller,False,0.05060201485354432,0.0,0.0,False,False,False,0.2,-0.09297832101583481,-0.041572242975234985,25.296659021160366,50.207681173732944,200.32147886353593,213.87552953834228,-0.46489158272743225,-0.20786121487617493,-0.045364526188288984,-0.01785946167359061,-0.04536452618828902,-0.017859461673590746,0.055419921875,0.0,-0.387939453125,-0.1982337760187058,0.002747437789782021,-0.00012583208819958325,6164.365384014461,False,True,True,Omega_safe_one_step_QP,False,0.33251953125,0.0,4.875346764650084,False,False,False
702,227.78270383324798,-4237.870777589564,7.362766486706235,5.394466874412056,36.10592758136143,26.880168626906418,0.2,0.0,0.0,25.413925508684034,50.22338891138921,187.42202761414904,212.32789827395592,0.0,0.0,0.0,0.0,-1.1102230246251565e-16,-4.85722573273506e-17,0.055419921875,0.0,nan,nan,0.00284751022545031,1.1782374855598063e-05,5781.3533017629925,False,True,True,Omega_safe_one_step_QP,False,0.33251953125,0.0,0.0,False,False,False,0.2,0.04015311226248741,0.015299053862690926,25.342347437838345,50.20605971332475,197.20172284380146,213.7009613464282,0.20076556503772736,0.07649526745080948,0.012149302450643083,0.000367797290109724,0.012149302450642954,0.0003677972901096789,0.26014284641297625,-0.05033574002966734,0.31074486126652057,-0.031055467413581398,0.002815145987109069,8.270497281336227e-06,6009.1360055962405,True,True,True,Z_mode_existing_controller,False,0.05060201485354432,0.0,1.2154868361434883,False,False,False
703,265.09673182989536,-3972.7740457596683,11.749222725956413,5.007537385727868,40.01374139191144,24.80911639597254,0.2,0.0,0.0,25.450220081859577,50.222449990750675,180.27583202780784,210.7425985829049,0.0,0.0,0.0,0.0,1.1102230246251565e-16,1.1102230246251565e-16,0.055419921875,0.0,nan,nan,-0.0018381867889579817,1.5387369878377445e-05,6042.305269103363,False,True,True,Omega_safe_one_step_QP,False,0.33251953125,0.0,0.0,False,False,False,0.2,0.06542474031448364,0.08246193826198578,25.386374736108557,50.20661306291584,190.82408606531254,214.99082940237642,0.3271237015724182,0.4123096764087677,0.03231944499200937,0.031040151599532655,0.03231944499200926,0.031040151599532544,0.055419921875,0.0,0.3192386537656854,0.33251953125,-0.0018143161405570554,1.7712389457709594e-05,6307.402000933258,False,True,True,Omega_safe_one_step_QP,False,0.33251953125,0.0,4.481113183031062,False,False,False
704,87.97230976936589,-3884.8017359903024,10.438031794895473,7.000924985665053,35.99324767802535,28.845223759356443,0.2,0.0,0.0,25.410321640581746,50.22047623458831,188.16232110789323,212.30855468738764,0.0,0.0,0.0,0.0,1.1102230246251565e-16,1.0408340855860843e-16,0.055419921875,0.0,nan,nan,0.0005928594113524263,0.00010545585803218259,6106.494194720504,False,True,True,Omega_safe_one_step_QP,False,0.33251953125,0.0,0.0,False,False,False,0.2,-0.08451882749795914,-0.008545362390577793,25.35564398673454,50.206284947899455,191.66596871071735,212.66363654102798,-0.4225941300392151,-0.04272681102156639,-0.020967248056520938,-0.00513218752381759,-0.02096724805652105,-0.005132187523817472,0.26014284641297625,-0.05033574002966734,-0.2403418339291411,-0.10093775488321166,0.000596323584536038,0.00010569320017922434,6194.46650448987,True,True,True,Z_mode_existing_controller,False,0.05060201485354432,0.0,2.1586218748157804,False,False,False
705,99.07439721715673,-3785.7273387731457,7.354478866373224,5.446051667783911,38.973269601802116,20.05690347505123,0.2,0.0,0.0,25.41341743982138,50.22153343371222,187.53736788838899,212.23086791842823,0.0,0.0,0.0,0.0,6.938893903907228e-17,4.85722573273506e-17,0.055419921875,0.0,nan,nan,0.0029313365151509493,-0.0001855805184644314,5783.151672594216,False,True,True,Omega_safe_one_step_QP,False,0.33251953125,0.0,0.0,False,False,False,0.2,-0.017860939726233482,0.0011086721206083894,25.361860129522388,50.20792810194008,191.72319234143282,213.0121891576906,-0.08930470049381256,0.005543360486626625,-0.005957726131689364,0.0004686467762596361,-0.005957726131689427,0.000468646776259761,0.26014284641297625,-0.05033574002966734,-0.32560894130464346,-0.013976696967379625,0.0029147874119426435,-0.00018726309371232784,5882.226069811372,True,True,True,Z_mode_existing_controller,False,0.05060201485354432,0.0,0.5976130057245606,False,False,False
706,180.28208958733103,-3605.4452491858146,8.90969021070479,4.257204103070417,38.28691663811773,28.208565081446785,0.2,0.0,0.0,25.45107041952401,50.216670330322344,180.1695527937264,210.37261066219438,0.0,0.0,0.0,0.0,-8.326672684688674e-17,-7.632783294297951e-17,0.055419921875,0.0,nan,nan,0.000741213885107013,7.780706146647172e-05,5764.472811377872,False,True,True,Omega_safe_one_step_QP,False,0.33251953125,0.0,0.0,False,False,False,0.2,0.06914161890745163,0.007250286638736725,25.402873211452746,50.203707637587456,187.71885697738273,211.61134609837714,0.34570810198783875,0.036251433193683624,0.03412040118909122,0.006055197113902545,0.034120401189091126,0.006055197113902552,0.055419921875,0.0,0.387939453125,0.034868462044082206,0.000732814069168093,7.67156395177545e-05,5944.754900965203,False,True,True,Omega_safe_one_step_QP,False,0.33251953125,0.0,3.4653530691586814,False,False,False
707,108.4871811570647,-3496.95806802875,9.576014488502489,6.6541919344904965,45.1540319258309,24.58305763237677,0.2,0.0,0.0,25.449792346590243,50.215943638037,180.4278447306556,210.3810070283221,0.0,0.0,0.0,0.0,8.326672684688674e-17,-8.326672684688674e-17,0.055419921875,0.0,nan,nan,0.0014501789637694,1.1667370091849455e-06,5833.365870512408,False,True,True,Omega_safe_one_step_QP,False,0.33251953125,0.0,0.0,False,False,False,0.2,0.01814299449324608,0.04679332301020622,25.407787733495525,50.20415733858353,184.8393518981556,212.6484513930132,0.0907149687409401,0.23396660387516022,0.013969532629314038,0.018104625768371546,0.01396953262931419,0.018104625768371546,0.055419921875,0.0,0.18434643609263027,0.33251953125,0.0014488474556214688,7.601259049425449e-07,5941.853051669473,False,True,True,Omega_safe_one_step_QP,False,0.33251953125,0.0,2.286756034417,False,False,False
708,38.98877126921252,-3457.9692967595374,10.426906684241272,4.738831337278896,36.74090306688395,24.784924563641376,0.2,0.0,0.0,25.459364568163256,50.21372623842862,178.56467576437748,209.85058219570936,0.0,0.0,0.0,0.0,2.7755575615628914e-17,5.551115123125783e-17,0.055419921875,0.0,nan,nan,-0.000690881491801697,-1.405422142141538e-05,5873.411382188623,False,True,True,Omega_safe_one_step_QP,False,0.33251953125,0.0,0.0,False,False,False,0.2,-0.03604210913181305,0.01125589944422245,25.42109285462054,50.20259674601074,180.04866241772135,210.92377522319293,-0.18021054565906525,0.0562794953584671,-0.008966488740280693,0.007178424327771854,-0.00896648874028072,0.00717842432777193,0.055419921875,0.0,-0.387939453125,0.13846050253059308,-0.0006878707683895867,-1.4039319452882962e-05,5912.400153457836,False,True,True,Omega_safe_one_step_QP,False,0.33251953125,0.0,1.1485978241278738,False,False,False
709,-5.402463170378724,-3463.371759929916,8.607281861912519,4.295030683901975,40.87095754144821,25.443184482956998,0.2,0.0,0.0,25.4352865328217,50.210920953311174,183.34215550831564,210.70469957561767,0.0,0.0,0.0,0.0,-5.551115123125783e-17,1.1796119636642288e-16,0.055419921875,0.0,nan,nan,0.0011449385563441143,-8.358557837557373e-07,5809.825478134226,False,True,True,Omega_safe_one_step_QP,False,0.33251953125,0.0,0.0,False,False,False,0.2,-0.08770667761564255,0.009630221873521805,25.398427332749574,50.200021657015625,182.96341351727204,211.91920784494974,-0.43853339552879333,0.048151109367609024,-0.02585737902229647,0.008869318419805296,-0.025857379022296456,0.008869318419805379,0.055419921875,0.0,-0.387939453125,0.04868100430923701,0.0011434252434377023,-8.504404777447128e-07,5804.423014963847,False,True,True,Omega_safe_one_step_QP,False,0.33251953125,0.0,2.733621881560428,False,False,False
710,61.601346151967846,-3401.7704137779483,13.21043388866219,4.676867078381185,40.2877236203164,23.752281772155868,0.2,0.0,0.0,25.44270545323544,50.20912905435747,181.8984784043485,210.28834039652327,0.0,0.0,0.0,0.0,-8.326672684688674e-17,1.0408340855860843e-16,0.055419921875,0.0,nan,nan,-0.0036002182830303393,3.2924045878495595e-06,6226.512726236487,False,True,True,Omega_safe_one_step_QP,False,0.33251953125,0.0,0.0,False,False,False,0.2,-0.013889769092202187,0.026489583775401115,25.40567695622943,50.19815738400871,184.21126185274477,211.6679325830513,-0.06944884359836578,0.13244791328907013,-0.00033834275427505056,0.010302031496028041,-0.00033834275427506444,0.010302031496027993,0.055419921875,0.0,-0.11893613999709232,0.33251953125,-0.003586128644843225,4.2185192119861825e-06,6288.114072388455,False,True,True,Omega_safe_one_step_QP,False,0.33251953125,0.0,1.0307585981427745,False,False,False
711,-104.66628632206266,-3506.436700100011,10.164339199003514,6.131144931892791,43.316052666700266,24.228987388782095,0.2,0.0,0.0,25.377758356659896,50.2072002973617,194.72247544346334,212.91147326871865,0.0,0.0,0.0,0.0,-2.0599841277224584e-17,4.163336342344337e-17,0.26014284641297625,-0.05033574002966734,nan,nan,0.0005534571702751868,-8.185936726396933e-06,6237.492764276379,True,True,True,Z_mode_existing_controller,False,0.05060201485354432,0.0,0.0,False,False,False,0.2,-0.19548062980175018,0.0013807490468025208,25.342974988662366,50.196599993380524,190.21661540658687,213.08808369535083,-0.9774031043052673,0.006903745234012604,-0.06508813902322172,-0.0011695664464585684,-0.06508813902322183,-0.0011695664464586794,0.26014284641297625,-0.05033574002966734,-0.32560894130464346,-0.0461983673223346,0.0005534551196367619,-8.291483357123104e-06,6132.826477954316,True,True,True,Z_mode_existing_controller,False,0.05060201485354432,0.0,6.509864612400878,False,False,False
712,-105.92805595243863,-3612.3647560524496,9.973063955751163,5.875550649677859,41.747954985290306,24.3952785871013,0.2,0.0,0.0,25.38572845562749,50.207038011488194,193.1509682178723,212.56151278859497,0.0,0.0,0.0,0.0,-1.3530843112619095e-16,-3.469446951953614e-17,0.26014284641297625,-0.05033574002966734,nan,nan,0.00055693277637361,-1.1949109692935972e-05,6180.3292723234745,True,True,True,Z_mode_existing_controller,False,0.05060201485354432,0.0,0.0,False,False,False,0.2,-0.19240425527095795,-0.006241312250494957,25.347448301973117,50.195733499135876,188.5805612249903,212.2562106003375,-0.9620212912559509,-0.031206561252474785,-0.06424161557579816,-0.005603068328723822,-0.06424161557579809,-0.005603068328723863,0.26014284641297625,-0.05033574002966734,-0.32560894130464346,-0.06933667014570272,0.0005574720293539119,-1.191585435225814e-05,6074.401216371036,True,True,True,Z_mode_existing_controller,False,0.05060201485354432,0.0,6.448549873021832,False,False,False
713,-103.23986812440035,-3715.60462417685,8.842646579366646,2.7251845937843586,38.60969005260349,25.614374831214253,0.2,0.0,0.0,25.39245146628019,50.2065570389373,191.82905938590145,212.24654103288105,0.0,0.0,0.0,0.0,5.551115123125783e-17,-1.3183898417423734e-16,0.26014284641297625,-0.05033574002966734,nan,nan,5.718045314323877e-05,-1.560842045352992e-06,6035.073218144048,True,True,True,Z_mode_existing_controller,False,0.05060201485354432,0.0,0.0,False,False,False,0.2,-0.1881561428308487,0.00036022288259118795,25.350644492802736,50.19455639858245,187.2696171206322,212.29981337451335,-0.9407806992530823,0.0018011144129559398,-0.06299110421644916,-0.0016932147147644266,-0.06299110421644907,-0.0016932147147644266,0.26014284641297625,-0.05033574002966734,-0.32560894130464346,-0.0492143246228673,5.9864644653832236e-05,-8.90617826728498e-07,5931.833350019648,True,True,True,Z_mode_existing_controller,False,0.05060201485354432,0.0,6.301385709887825,False,False,False
714,-102.58883323724967,-3818.1934574140996,7.007987939261125,5.593907761257621,38.58187123059047,25.58418058262139,0.2,0.0,0.0,25.390586349572228,50.20607997190278,192.20014823376022,212.29339428750436,0.0,0.0,0.0,0.0,-1.3530843112619095e-16,-6.938893903907228e-17,0.26014284641297625,-0.05033574002966734,nan,nan,0.0033213097077826105,-2.664757292504972e-05,5855.888448233354,True,True,True,Z_mode_existing_controller,False,0.05060201485354432,0.0,0.0,False,False,False,0.2,-0.1886034458875656,-3.306455982965417e-05,25.345307839820563,50.193389348974506,187.51888302885274,212.29544664117148,-0.9430171847343445,-0.00016532279551029205,-0.06330208441629484,-0.0019281104242558841,-0.06330208441629495,-0.001928110424255898,0.26014284641297625,-0.05033574002966734,-0.32560894130464346,-0.05043842969654576,0.003326613616917041,-2.4866779329515976e-05,5753.2996149961045,True,True,True,Z_mode_existing_controller,False,0.05060201485354432,0.0,6.333144164833037,False,False,False
715,56.653814857452744,-3761.539642556647,10.758597278102465,5.098361330863914,47.15452055867964,25.978220636491777,0.2,0.0,0.0,25.437991540054906,50.205160144941914,182.86341704915867,210.241348620212,0.0,0.0,0.0,0.0,9.71445146547012e-17,4.163336342344337e-17,0.055419921875,0.0,nan,nan,-0.0005421336032595345,6.800916747292697e-05,6008.37068390177,False,True,True,Omega_safe_one_step_QP,False,0.33251953125,0.0,0.0,False,False,False,0.2,0.012842140160501003,-0.01152112614363432,25.3891961430086,50.19178561991209,185.0735511330605,210.10487697067927,0.06421069800853729,-0.05760563164949417,0.0063201113751679555,-0.003077938590579983,0.006320111375167831,-0.0030779385905800594,0.055419921875,0.0,0.387939453125,-0.2983147214462381,-0.0005377473386401626,6.825755496099291e-05,6065.024498759222,False,True,True,Omega_safe_one_step_QP,False,0.33251953125,0.0,0.7029759153904592,False,False,False
716,-57.81322666130109,-3819.352869217948,12.341679593994836,4.455067288199546,36.29813424514814,24.12798702541189,0.2,0.0,0.0,25.419725745167543,50.204686378819545,186.46765902076956,210.97894778810962,0.0,0.0,0.0,0.0,8.326672684688674e-17,-1.3877787807814457e-16,0.055419921875,0.0,nan,nan,-0.00293827099452699,-1.332193146529135e-05,6257.335319314854,False,True,True,Omega_safe_one_step_QP,False,0.33251953125,0.0,0.0,False,False,False,0.2,-0.12023358792066574,-0.016975214704871178,25.37299441234364,50.19170281689556,183.98423687554325,210.9822616535332,-0.6011679172515869,-0.08487607538700104,-0.038152510409019055,-0.0013190811609109024,-0.03815251040901911,-0.0013190811609108122,0.055419921875,0.0,-0.387939453125,-0.0625958246127404,-0.0029359302224928,-1.4032526423286666e-05,6199.522092653553,False,True,True,Omega_safe_one_step_QP,False,0.33251953125,0.0,3.817530649018252,False,False,False
717,-107.14492941729532,-3926.4977986352433,9.136329280627113,1.9408084460670185,36.70480466584706,22.945374171225097,0.2,0.0,0.0,25.368500282160284,50.2031469166042,196.58203050052506,213.04573960843703,0.0,0.0,0.0,0.0,3.469446951953614e-17,9.020562075079397e-17,0.26014284641297625,-0.05033574002966734,nan,nan,-0.0007333514561751258,-8.517599283215486e-05,6179.032806976182,True,True,True,Z_mode_existing_controller,False,0.05060201485354432,0.0,0.0,False,False,False,0.2,-0.1956346333026886,0.003741314634680748,25.31999327958686,50.18978109115089,191.8545128076745,213.28459520978544,-0.9781731367111206,0.01870657317340374,-0.0657582955272324,0.00021158048923850675,-0.06575829552723231,0.0002115804892386386,0.26014284641297625,-0.05033574002966734,-0.32560894130464346,-0.03913382910683166,-0.0007313664616756298,-8.467982809918888e-05,6071.887877558886,True,True,True,Z_mode_existing_controller,False,0.05060201485354432,0.0,6.57586359115687,False,False,False
718,-102.25347262755713,-4028.7512712628004,9.480613228450467,5.341346088909658,35.65873435680315,22.739455826993687,0.2,0.0,0.0,25.358718479294527,50.20174473851632,198.5246837062416,213.3750713210324,0.0,0.0,0.0,0.0,-4.163336342344337e-17,-4.163336342344337e-17,0.26014284641297625,-0.05033574002966734,nan,nan,0.0006107685062206848,-9.10747868586902e-05,6260.295879508029,True,True,True,Z_mode_existing_controller,False,0.05060201485354432,0.0,0.0,False,False,False,0.2,-0.1853863000869751,-0.010231283493340015,25.306620493844076,50.18765694076822,194.0427141659018,212.7790278029309,-0.9269315004348755,-0.0511564165353775,-0.06247523793865855,-0.007869176585454024,-0.0624752379386585,-0.007869176585454149,0.26014284641297625,-0.05033574002966734,-0.32560894130464346,-0.0826627922123693,0.0006118610568885746,-9.072488191735287e-05,6158.042406880472,True,True,True,Z_mode_existing_controller,False,0.05060201485354432,0.0,6.296887561029685,False,False,False
719,-66.48720730402147,-4095.238478566822,8.248308543314007,3.7498550582977765,41.74295811583122,26.22823613211843,0.2,0.0,0.0,25.37070937732121,50.20052990858961,196.17291534416964,212.7979533251612,0.0,0.0,0.0,0.0,-1.1622647289044608e-16,4.163336342344337e-17,0.26014284641297625,-0.05033574002966734,nan,nan,0.0012796494850955773,1.786219851629932e-05,6075.680988564099,True,True,True,Z_mode_existing_controller,False,0.05060201485354432,0.0,0.0,False,False,False,0.2,-0.14088574051856995,0.002480184193700552,25.315220341335277,50.18578210984659,193.1203532925492,212.96956084364817,-0.7044286727905273,0.012400920502841473,-0.04759162454395657,2.6951914345221817e-05,-0.047591624543956615,2.6951914345242634e-05,0.26014284641297625,-0.05033574002966734,-0.32560894130464346,-0.0400240341041298,0.0012791286609681496,1.851542349295618e-05,6009.193781260077,True,True,True,Z_mode_existing_controller,False,0.05060201485354432,0.0,4.75916321756107,False,False,False
720,-93.46559986069587,-4188.704078427518,11.146785557221873,3.039837124292532,33.259547166100944,22.714618163575746,0.2,0.0,0.0,25.39079206145878,50.20113193902243,192.20457565651077,211.98002579567478,0.0,0.0,0.0,0.0,2.0816681711721685e-17,-1.1102230246251565e-16,0.26014284641297625,-0.05033574002966734,nan,nan,-0.002595241410611603,-8.13163855332413e-05,6280.746244372407,True,True,True,Z_mode_existing_controller,False,0.05060201485354432,0.0,0.0,False,False,False,0.2,-0.1679110825061798,2.0131095880060457e-05,25.333058965186343,50.18593822385908,188.17341399579163,211.96322601883995,-0.8395553827285767,0.00010065548121929169,-0.05681340066627175,-0.001687535926198011,-0.05681340066627178,-0.0016875359261979694,0.26014284641297625,-0.05033574002966734,-0.32560894130464346,-0.05026551342386825,-0.0025941399684580504,-8.189202635108805e-05,6187.280644511711,True,True,True,Z_mode_existing_controller,False,0.05060201485354432,0.0,5.68384576916768,False,False,False
721,-128.96262535964524,-4317.666703787163,6.131629881125196,6.048849011819923,35.07056943471108,22.361457073284527,0.2,0.0,0.0,25.34946755146974,50.199132908318575,200.3725073408147,213.6046708992784,0.0,0.0,0.0,0.0,1.457167719820518e-16,1.3530843112619095e-16,0.26014284641297625,-0.05033574002966734,nan,nan,0.0042732506455061305,-0.00014753747699216635,5952.0211279118,True,True,True,Z_mode_existing_controller,False,0.05060201485354432,0.0,0.0,False,False,False,0.2,-0.16561132669448853,-0.009448877535760403,25.288731314638664,50.18331910229366,194.38779631689988,213.7413516839211,-0.8280566334724426,-0.04724438488483429,-0.07605898430348604,1.1383835334558695e-05,-0.07605898430348598,1.1383835334610737e-05,0.055419921875,0.0,-0.387939453125,-0.02529566378291497,0.004280862915008449,-0.00014460979800391292,5823.058502552155,False,True,True,Omega_safe_one_step_QP,False,0.33251953125,0.0,7.605898515540172,False,False,False
722,153.18001513299714,-4164.486688654166,10.1228439647498,5.6878177515025055,43.16742873934705,23.063346155831418,0.2,0.0,0.0,25.417931816461145,50.19708279991223,186.89754487916397,210.60378646213468,0.0,0.0,0.0,0.0,1.1102230246251565e-16,5.551115123125783e-17,0.055419921875,0.0,nan,nan,0.0003394140318287752,-4.431833491067927e-05,6044.7109854253,False,True,True,Omega_safe_one_step_QP,False,0.33251953125,0.0,0.0,False,False,False,0.2,0.08064252138137817,-0.06585679948329926,25.352720335421797,50.18040447657114,193.1737404351095,209.16009770058633,0.40321260690689087,-0.3292839825153351,0.035508953022865865,-0.017577169309288154,0.035508953022866,-0.017577169309288085,0.055419921875,0.0,0.387939453125,-0.2715524231967865,0.00034094958715519133,-4.4033242526669066e-05,6197.8910005582975,False,True,True,Omega_safe_one_step_QP,False,0.33251953125,0.0,3.962123957812876,False,False,False
723,130.39825751628723,-4034.0884311378786,10.363659508521899,4.750148503463934,41.28220077485288,28.853607006266078,0.2,0.0,0.0,25.416249954738884,50.19501040434969,187.25128469283797,210.55522379512618,0.0,0.0,0.0,0.0,8.326672684688674e-17,-9.020562075079397e-17,0.055419921875,0.0,nan,nan,-0.0004903938306437318,0.00012563553935752286,6077.925529282056,False,True,True,Omega_safe_one_step_QP,False,0.33251953125,0.0,0.0,False,False,False,0.2,0.07753932476043701,-0.0629345253109932,25.356418734242176,50.17941866231521,192.5646213413912,209.0759640639011,0.38769662380218506,-0.3146726191043854,0.03453968725054014,-0.016633330066856904,0.03453968725054016,-0.016633330066856862,0.055419921875,0.0,0.387939453125,-0.26988832983144967,-0.0004870413447798272,0.00012585685765698074,6208.3237867983435,False,True,True,Omega_safe_one_step_QP,False,0.33251953125,0.0,3.833611436332755,False,False,False
724,-68.29075667974666,-4102.379187817625,10.226896041717708,5.376321586453002,38.44027364297213,24.37202987885999,0.2,0.0,0.0,25.402419726724766,50.196397433336706,189.95922223556505,211.20839009969225,0.0,0.0,0.0,0.0,1.1796119636642288e-16,-1.1102230246251565e-16,0.055419921875,0.0,nan,nan,-6.404077131280878e-05,-2.177621421304123e-05,6130.36908682151,False,True,True,Omega_safe_one_step_QP,False,0.33251953125,0.0,0.0,False,False,False,0.2,-0.11855478584766388,-0.031428806483745575,25.347194544212716,50.18173547845701,186.94938751835593,210.48402305285433,-0.5927739143371582,-0.15714402496814728,-0.04153628359929603,-0.008017305282748292,-0.04153628359929617,-0.008017305282748272,0.055419921875,0.0,-0.387939453125,-0.11753431883833107,-6.294732121582807e-05,-2.1804567062873054e-05,6062.078330141763,False,True,True,Omega_safe_one_step_QP,False,0.33251953125,0.0,4.230295544330148,False,False,False
725,-109.01455036837888,-4211.393738186004,11.450726008105352,4.725468360453739,40.681024597197734,25.503502640962658,0.2,0.0,0.0,25.397220363781337,50.195253254942806,190.99547417529533,211.35897485657458,0.0,0.0,0.0,0.0,4.85722573273506e-17,9.020562075079397e-17,0.26014284641297625,-0.05033574002966734,nan,nan,-0.001664299271669243,3.768084629530424e-05,6279.506949433005,True,True,True,Z_mode_existing_controller,False,0.05060201485354432,0.0,0.0,False,False,False,0.2,-0.19059324264526367,0.010864048264920712,25.339808724178077,50.18016393099197,186.3296480695977,211.9837661288907,-0.9529662132263184,0.05432024225592613,-0.06445036133975116,0.004434755349573903,-0.0644503613397511,0.004434755349574049,0.26014284641297625,-0.05033574002966734,-0.32560894130464346,-0.01694717071468932,-0.0016644818224545292,3.680417718999367e-05,6170.492399064626,True,True,True,Z_mode_existing_controller,False,0.05060201485354432,0.0,6.4602756379546795,False,False,False
726,-114.06467098410576,-4325.45840917011,11.219209537964602,3.8978117667933407,41.595442071186724,24.717716156213633,0.2,0.0,0.0,25.368877604832264,50.195462161464306,196.57824039574274,212.55842619800634,0.0,0.0,0.0,0.0,-7.632783294297951e-17,4.85722573273506e-17,0.26014284641297625,-0.05033574002966734,nan,nan,-0.00190116277510133,1.570428883975513e-05,6393.665998521457,True,True,True,Z_mode_existing_controller,False,0.05060201485354432,0.0,0.0,False,False,False,0.2,-0.1953658163547516,-0.002829557051882148,25.307928223941786,50.17962695628571,191.69780119844833,212.35640497201408,-0.9768290519714355,-0.014147784560918808,-0.06622280740401792,-0.0036345988122969686,-0.06622280740401791,-0.003634598812296913,0.26014284641297625,-0.05033574002966734,-0.32560894130464346,-0.05881940484121949,-0.001901586356748296,1.4965306177506556e-05,6279.601327537352,True,True,True,Z_mode_existing_controller,False,0.05060201485354432,0.0,6.632247378525637,False,False,False
727,-176.73020698890468,-4502.188616159015,11.727042039347586,4.0335906665389345,41.17697249709215,26.215808711787318,0.2,0.0,0.0,25.34159863301865,50.19609789578645,201.94627299160294,213.7365567407211,0.0,0.0,0.0,0.0,0.0,-7.979727989493313e-17,0.055419921875,0.0,nan,nan,-0.0023695786981880024,6.764562073549238e-05,6579.564721312322,False,True,True,Omega_safe_one_step_QP,False,0.33251953125,0.0,0.0,False,False,False,0.2,-0.19190897047519684,-0.02319183014333248,25.276948475719948,50.17951080194047,194.53640158445452,213.3129437264665,-0.959544837474823,-0.11595915257930756,-0.09135762529872522,-0.005685857440925882,-0.09135762529872521,-0.005685857440925958,0.055419921875,0.0,-0.387939453125,-0.05357912812513879,-0.002373665152582741,6.600792534694824e-05,6402.834514323417,False,True,True,Omega_safe_one_step_QP,False,0.33251953125,0.0,9.15343906685395,False,False,False
728,-184.41357731574135,-4686.602193474756,12.379731797144775,3.927841877848344,40.85359580309747,26.507322146733976,0.2,0.0,0.0,25.311731296845586,50.1986043894609,207.8025593556991,215.12653554227978,0.0,0.0,0.0,0.0,-5.551115123125783e-17,4.336808689942018e-17,0.055419921875,0.0,nan,nan,-0.0031413592622812157,8.682834076015637e-05,6795.620186412736,False,True,True,Omega_safe_one_step_QP,False,0.33251953125,0.0,0.0,False,False,False,0.2,-0.1958526372909546,-0.045883871614933014,25.241292086244496,50.180852096025134,200.16780045823683,213.61070918307476,-0.979263186454773,-0.22941935062408447,-0.10740768433401549,-0.018804665760760293,-0.10740768433401554,-0.018804665760760318,0.055419921875,0.0,-0.387939453125,-0.10386913816001231,-0.003147376505855927,8.448209928315102e-05,6611.206609096995,False,True,True,Omega_safe_one_step_QP,False,0.33251953125,0.0,10.90413963060333,False,False,False
729,-184.05260535582693,-4870.654798830583,8.699268661079053,5.917235771890147,32.66015084384321,23.897812973261143,0.2,0.0,0.0,25.275123396037298,50.202397505116295,214.97252713454947,216.87107535944216,0.0,0.0,0.0,0.0,8.326672684688674e-17,8.673617379884035e-18,0.055419921875,0.0,nan,nan,0.0015954491082625167,-7.910336861084374e-05,6567.30446913753,False,True,True,Omega_safe_one_step_QP,False,0.33251953125,0.0,0.0,False,False,False,0.2,-0.19881674647331238,-0.05087392404675484,25.19870741252909,50.183464176748856,206.8816521388137,214.9704866503493,-0.9940837025642395,-0.2543696165084839,-0.126097304513493,-0.024911345359427784,-0.12609730451349296,-0.024911345359427694,0.055419921875,0.0,-0.387939453125,-0.11344834662705015,0.0015992156674659256,-7.769816812805506e-05,6383.251863781703,False,True,True,Omega_safe_one_step_QP,False,0.33251953125,0.0,12.853445193093266,False,False,False
730,-108.85508527686761,-4979.5098841074505,5.708917940742213,3.6809996739761592,41.62855719289079,22.490871931638935,0.2,0.0,0.0,25.315486450626977,50.20397562882594,206.9946872075708,215.25291938607054,0.0,0.0,0.0,0.0,-8.326672684688674e-17,-1.1622647289044608e-16,0.055419921875,0.0,nan,nan,0.00400236721800373,-0.00013873942203902322,6055.544324147171,False,True,True,Omega_safe_one_step_QP,False,0.33251953125,0.0,0.0,False,False,False,0.2,-0.19387860596179962,-0.11019337177276611,25.232895168326674,50.18387765127788,201.9305314805703,211.23086839928646,-0.9693930149078369,-0.5509668588638306,-0.11030424361501862,-0.04846982961135269,-0.11030424361501873,-0.04846982961135267,0.055419921875,0.0,-0.387939453125,-0.25198894017188417,0.004000892499247079,-0.00013564682800435704,5946.689238870304,False,True,True,Omega_safe_one_step_QP,False,0.33251953125,0.0,12.048381859002875,False,False,False
731,204.49408006078193,-4775.015804046669,10.653713322035804,4.391470584069247,43.269299598042885,22.978553900021076,0.2,0.0,0.0,25.38535042539653,50.20311856286858,193.22975931871912,212.2587149471854,0.0,0.0,0.0,0.0,-1.249000902703301e-16,4.85722573273506e-17,0.26014284641297625,-0.05033574002966734,nan,nan,-0.0009491798365917811,-3.852462742008275e-05,6252.395215856303,True,True,True,Z_mode_existing_controller,False,0.05060201485354432,0.0,0.0,False,False,False,0.2,0.022938355803489685,-0.04854385927319527,25.29898085003201,50.182436363957834,201.47440642364955,212.95348581664263,0.11469177901744843,-0.24271929264068604,0.013146245336791922,-0.0029477004863308655,0.013146245336792019,-0.0029477004863307406,0.26014284641297625,-0.05033574002966734,0.2840537393346067,-0.10093775488321166,-0.0009430180102955113,-3.7844633020086855e-05,6456.889295917085,True,True,True,Z_mode_existing_controller,False,0.05060201485354432,0.0,1.3472665089440836,False,False,False
732,-7.5690847659261635,-4782.584888812595,12.525435304865656,5.83025318912861,44.00283674899882,26.922487257359403,0.2,0.0,0.0,25.369559256974334,50.20213106311034,196.3522164625053,212.86390250293238,0.0,0.0,0.0,0.0,7.112366251504909e-17,1.249000902703301e-16,0.26014284641297625,-0.05033574002966734,nan,nan,-0.0019079972208615496,0.00011245842742942797,6521.433447839316,True,True,True,Z_mode_existing_controller,False,0.05060201485354432,0.0,0.0,False,False,False,0.2,-0.1406269371509552,0.020736537873744965,25.29031819056611,50.182807608530254,195.76441138245485,214.97976567407088,-0.7031346559524536,0.10368268936872482,-0.064959627349954,0.012820406623026626,-0.06495962734995409,0.012820406623026605,0.055419921875,0.0,-0.387939453125,0.06537679521170563,-0.001898750170401333,0.00011242127749736854,6513.8643630733895,False,True,True,Omega_safe_one_step_QP,False,0.33251953125,0.0,6.621265748650054,False,False,False
733,-81.24318329536982,-4863.8280721079645,9.169291190529728,5.439700280342623,44.39503810024146,25.789849524022628,0.2,0.0,0.0,25.3419712758808,50.20465065997747,201.75900599513898,214.15863784243797,0.0,0.0,0.0,0.0,8.326672684688674e-17,-4.85722573273506e-17,0.055419921875,0.0,nan,nan,0.0011813199368014078,2.6710028898398533e-05,6302.7026951066155,False,True,True,Omega_safe_one_step_QP,False,0.33251953125,0.0,0.0,False,False,False,0.2,-0.18967019021511078,-0.010258328169584274,25.262724059626436,50.18521791373285,198.04425470072493,214.80531457979703,-0.9483509659767151,-0.05129164084792137,-0.0982530742073944,-0.00216878930779214,-0.09825307420739449,-0.0021687893077921416,0.055419921875,0.0,-0.387939453125,-0.023979129037903155,0.0011797724107880927,2.7083114630144147e-05,6221.459511811246,False,True,True,Omega_safe_one_step_QP,False,0.33251953125,0.0,9.82770076786293,False,False,False
734,-39.529786237070766,-4903.357858345035,11.702433425822349,5.10625048328844,37.72540595619999,28.110430047133335,0.2,0.0,0.0,25.3651873930551,50.20628843664872,197.16077348545235,213.26575179196806,0.0,0.0,0.0,0.0,2.0816681711721685e-17,1.1102230246251565e-16,0.26014284641297625,-0.05033574002966734,nan,nan,-0.001759209032787794,0.00010781386167019614,6457.879112853767,True,True,True,Z_mode_existing_controller,False,0.05060201485354432,0.0,0.0,False,False,False,0.2,-0.18167345225811005,-0.023499729111790657,25.283240242075628,50.18629758680937,195.29692092778666,213.57391761493534,-0.9083672165870667,-0.11749864369630814,-0.08709169677537784,-0.006731630092618155,-0.08709169677537783,-0.006731630092618252,0.055419921875,0.0,-0.387939453125,-0.05734918934039085,-0.001753991253122371,0.00010748391345648473,6418.349326616696,False,True,True,Omega_safe_one_step_QP,False,0.33251953125,0.0,8.735146530492882,False,False,False
735,-56.02188981288691,-4959.379748157922,12.66514057264595,3.3080509333039636,37.07694723607679,28.229095362503386,0.2,0.0,0.0,25.34048770892451,50.208830366436054,201.99790988606335,214.44010546158285,0.0,0.0,0.0,0.0,-6.938893903907228e-17,-6.938893903907228e-18,0.055419921875,0.0,nan,nan,-0.004021912997375891,0.00012312466115150817,6680.926308129449,False,True,True,Omega_safe_one_step_QP,False,0.33251953125,0.0,0.0,False,False,False,0.2,-0.18389892578125,-0.00214151362888515,25.257451886779723,50.18857381739875,199.4722605515673,215.5370661912743,-0.91949462890625,-0.010707567445933819,-0.09780760646546245,0.0005031643683391348,-0.09780760646546247,0.0005031643683389951,0.055419921875,0.0,-0.387939453125,-0.005162945569273723,-0.004015733105770306,0.00012242816798727768,6624.904418316562,False,True,True,Omega_safe_one_step_QP,False,0.33251953125,0.0,9.780890070379245,False,False,False
736,-109.50991224693917,-5068.889660404861,8.057948262795069,6.194191238290561,40.55364545975375,27.316639615519055,0.2,0.0,0.0,25.285840598658318,50.21242316207486,212.72644659966292,216.9331963432225,0.0,0.0,0.0,0.0,-5.551115123125783e-17,-1.214306433183765e-17,0.055419921875,0.0,nan,nan,0.002518094547350903,3.990691616235446e-05,6441.488111257325,False,True,True,Omega_safe_one_step_QP,False,0.33251953125,0.0,0.0,False,False,False,0.2,-0.19878168404102325,0.01061991136521101,25.201199205677327,50.191766123566566,207.68481144976747,218.17541039191502,-0.9939084053039551,0.053099554032087326,-0.12806218177076292,0.0011657950543813786,-0.1280621817707628,0.0011657950543814376,0.055419921875,0.0,-0.387939453125,0.023686474375896997,0.0025159966773101675,4.120575886512904e-05,6331.978199010386,False,True,True,Omega_safe_one_step_QP,False,0.33251953125,0.0,12.806748798191029,False,False,False
737,-45.43270779881368,-5114.322368203675,12.685695638570229,3.793051380007223,38.022415334750534,29.283240796034985,0.2,0.0,0.0,25.338156200385367,50.21600823708464,202.3687023152328,214.922134713189,0.0,0.0,0.0,0.0,4.163336342344337e-17,0.0,0.055419921875,0.0,nan,nan,-0.00367265966351899,0.00015982555602823967,6691.503015650501,False,True,True,Omega_safe_one_step_QP,False,0.33251953125,0.0,0.0,False,False,False,0.2,-0.1978386491537094,0.05919002369046211,25.24975439454789,50.19458591528266,200.18686820350686,218.83681747790436,-0.9891932606697083,0.29595011472702026,-0.10881248094866558,0.026400496692621667,-0.10881248094866547,0.026400496692621664,0.055419921875,0.0,-0.387939453125,0.13264572934507646,-0.003665169299017366,0.00015962841376547477,6646.070307851687,False,True,True,Omega_safe_one_step_QP,False,0.33251953125,0.0,11.19693807959159,False,False,False
738,-73.04222406546432,-5187.364592269139,7.6678643337426236,5.151736069306125,40.25203650588246,26.74309547303987,0.2,0.0,0.0,25.289033343871317,50.22037461090092,211.9991006978874,217.22516176089977,0.0,0.0,0.0,0.0,0.0,-1.0408340855860843e-16,0.055419921875,0.0,nan,nan,0.002441550681681723,1.558833254449929e-05,6381.700939924239,False,True,True,Omega_safe_one_step_QP,False,0.33251953125,0.0,0.0,False,False,False,0.2,-0.19589576125144958,0.10741937160491943,25.19934613439307,50.198539307123404,208.3906620096859,222.87789490538745,-0.9794787764549255,0.5370968580245972,-0.12746961921433053,0.043145940156648695,-0.12746961921433053,0.04314594015664867,0.055419921875,0.0,-0.387939453125,0.24311595694262328,0.0024352968129761274,1.7055470684662014e-05,6308.6587158587745,False,True,True,Omega_safe_one_step_QP,False,0.33251953125,0.0,13.457368232551085,False,False,False
739,-11.116354464324104,-5198.4809467334635,9.843109782216207,5.748837158966915,40.02201120548648,30.629960135584163,0.2,0.0,0.0,25.339575712716925,50.22334041234802,201.99821510571206,215.25471696720402,0.0,0.0,0.0,0.0,2.7755575615628914e-17,-9.194034422677078e-17,0.055419921875,0.0,nan,nan,0.0005698144396455141,0.00016745943247739765,6379.252403985416,False,True,True,Omega_safe_one_step_QP,False,0.33251953125,0.0,0.0,False,False,False,0.2,-0.19281764328479767,0.12202560156583786,25.247247451491056,50.20084906231075,201.08799054649813,222.0280380675328,-0.9640882015228271,0.6101279854774475,-0.10754379436676281,0.05328598911647651,-0.10754379436676284,0.053285989116476556,0.055419921875,0.0,-0.387939453125,0.28058217869782665,0.0005679687647799792,0.00016859526299635962,6368.136049521092,False,True,True,Omega_safe_one_step_QP,False,0.33251953125,0.0,12.00210995738742,False,False,False
740,218.20070117131854,-4980.280245562145,10.143429360199416,5.20455024623541,39.45603033044226,28.50185302477345,0.2,0.0,0.0,25.3537618758146,50.22778354388424,199.1471235852815,214.89630361093225,0.0,0.0,0.0,0.0,-1.3877787807814457e-17,-1.9081958235744878e-17,0.26014284641297625,-0.05033574002966734,nan,nan,-4.7584466688166665e-05,0.00010554107818559842,6342.281606922265,True,True,True,Z_mode_existing_controller,False,0.05060201485354432,0.0,0.0,False,False,False,0.2,-0.025485605001449585,0.049563195556402206,25.26105479285926,50.20502968948497,207.95724062289221,218.016648234085,-0.12742802500724792,0.24781596660614014,-0.012855529949165223,0.016432795416285874,-0.012855529949165334,0.01643279541628579,0.055419921875,0.0,-0.11556302895311713,0.33251953125,-4.884093473169447e-05,0.00010599933439821296,6560.482308093584,False,True,True,Omega_safe_one_step_QP,False,0.33251953125,0.0,2.086387824608336,False,False,False
741,223.79289569294087,-4756.487349869204,9.690093873603812,5.912225245125397,42.7708144747413,26.303205865841946,0.2,0.0,0.0,25.356315869600074,50.230534484385664,198.60908078810817,214.93462846148728,0.0,0.0,0.0,0.0,-1.3877787807814457e-16,-5.377642775528102e-17,0.26014284641297625,-0.05033574002966734,nan,nan,0.0008788022569839998,4.492632342658828e-05,6280.926533113073,True,True,True,Z_mode_existing_controller,False,0.05060201485354432,0.0,0.0,False,False,False,0.2,0.019704945385456085,0.03964800387620926,25.27111218791086,50.20916018721743,207.75825364285953,217.52316436845507,0.09852472692728043,0.1982400119304657,0.0037863621866928987,0.01321340408492066,0.00378636218669276,0.013213404084920695,0.055419921875,0.0,0.220681185048211,0.33251953125,0.000871914224921836,4.461767697903473e-05,6504.719428806014,False,True,True,Omega_safe_one_step_QP,False,0.33251953125,0.0,1.3745202294626788,False,False,False
742,212.30486408330125,-4544.182485785903,6.5857504087231025,5.355682544126727,35.22726581553629,24.777919598818166,0.2,0.0,0.0,25.372312544268993,50.23198272892572,195.43630814008384,214.3353156868071,0.0,0.0,0.0,0.0,2.862293735361732e-17,7.632783294297951e-17,0.26014284641297625,-0.05033574002966734,nan,nan,0.0035930251701114593,-6.623783596746043e-05,5885.904053644255,True,True,True,Z_mode_existing_controller,False,0.05060201485354432,0.0,0.0,False,False,False,0.2,0.05789162591099739,0.02014128491282463,25.294772411023775,50.21203801749562,204.6297696893869,216.10922767397096,0.28945812582969666,0.10070642083883286,0.017835954965943146,0.007211798919059689,0.017835954965943104,0.00721179891905963,0.055419921875,0.0,0.387939453125,0.11568807254233425,0.0035497209467649803,-7.058705015251365e-05,6098.208917727557,False,True,True,Omega_safe_one_step_QP,False,0.33251953125,0.0,1.9238797602659499,False,False,False
743,269.2420395085528,-4274.94044627735,9.230059563557388,6.299917082748527,40.31322142384042,24.977147548509233,0.2,0.0,0.0,25.426394208759454,50.230711557663156,184.78754876151078,211.98288910950848,0.0,0.0,0.0,0.0,6.938893903907228e-17,6.938893903907228e-18,0.055419921875,0.0,nan,nan,0.0014797843990344657,-9.222679906257733e-06,5903.922647434983,False,True,True,Omega_safe_one_step_QP,False,0.33251953125,0.0,0.0,False,False,False,0.2,0.11774065345525742,-0.13518618047237396,25.355976585823342,50.21214190626202,196.13506725833088,208.80968702398158,0.5887032747268677,-0.6759308576583862,0.05194333093524656,-0.04030663917702927,0.05194333093524653,-0.04030663917702937,0.055419921875,0.0,0.345028421495356,-0.33251953125,0.0014699980742104014,-1.0201080413428133e-05,6173.164686943536,False,True,True,Omega_safe_one_step_QP,False,0.33251953125,0.0,6.574750786452489,False,False,False
744,87.99364273255287,-4186.946803544797,10.952532829051789,5.885888018903311,43.17165416216576,25.03516967893338,0.2,0.0,0.0,25.439973832591807,50.22893081211631,182.1292609113045,211.30780909268321,0.0,0.0,0.0,0.0,0.0,-4.85722573273506e-17,0.055419921875,0.0,nan,nan,-0.0003756987181285569,2.5871300785498298e-05,6008.737594007236,False,True,True,Omega_safe_one_step_QP,False,0.33251953125,0.0,0.0,False,False,False,0.2,-0.0524136982858181,-0.05640363320708275,25.37889698854139,50.21228459349445,185.61566836141102,210.27715293807998,-0.2620684802532196,-0.28201815485954285,-0.009630961884417602,-0.016290199837152512,-0.009630961884417547,-0.016290199837152464,0.055419921875,0.0,-0.25357752020627733,-0.33251953125,-0.0003682041516021833,2.64070813696185e-05,6096.731236739789,False,True,True,Omega_safe_one_step_QP,False,0.33251953125,0.0,1.8924218281172558,False,False,False
745,21.542673873493186,-4165.404129671304,9.66263389739384,4.052565074710641,42.49930202703592,22.449579531586437,0.2,0.0,0.0,25.42352794727968,50.22744391965228,185.3866733230315,211.91313049249865,0.0,0.0,0.0,0.0,-2.7755575615628914e-17,-1.1102230246251565e-16,0.055419921875,0.0,nan,nan,-9.274747759052682e-05,-7.162263482281706e-05,5961.797518032087,False,True,True,Omega_safe_one_step_QP,False,0.33251953125,0.0,0.0,False,False,False,0.2,-0.09788038581609726,0.0018488524947315454,25.36564745034367,50.21143087356837,186.09752279142026,212.8971441335078,-0.4894019365310669,0.009244262240827084,-0.03258271298093238,0.004575427508015893,-0.032582712980932405,0.004575427508015803,0.055419921875,0.0,-0.387939453125,0.008374569426723297,-9.303055094463759e-05,-7.177618634099901e-05,5983.3401919055805,False,True,True,Omega_safe_one_step_QP,False,0.33251953125,0.0,3.2902396904768594,False,False,False
746,10.970524065680365,-4154.433605605624,12.88171803257097,5.402791119711951,39.79261272283733,23.98616853362925,0.2,0.0,0.0,25.414024876883808,50.22451680857346,187.29234194038838,212.1469335345216,0.0,0.0,0.0,0.0,9.71445146547012e-17,0.0,0.055419921875,0.0,nan,nan,-0.0027294701076809656,5.697132589811346e-06,6329.538658654671,False,True,True,Omega_safe_one_step_QP,False,0.33251953125,0.0,0.0,False,False,False,0.2,-0.11027836799621582,-0.00012479907309170812,25.356963647234167,50.20862112184145,187.54978503765648,212.5537669908611,-0.5513918399810791,-0.0006239953800104558,-0.0370285803812299,-0.0011891627594942597,-0.037028580381229914,-0.0011891627594942597,0.26014284641297625,-0.05033574002966734,-0.32560894130464346,-0.05099861962697402,-0.0027187218834458754,5.860194918911633e-06,6340.509182720351,True,True,True,Z_mode_existing_controller,False,0.05060201485354432,0.0,3.704767027921968,False,False,False
747,-66.18281863134325,-4220.616424236967,9.0185007636561,4.442294102451801,36.8967866062182,27.725906999934075,0.2,0.0,0.0,25.366555802779136,50.22343956034557,196.66077319564698,214.08103283746124,0.0,0.0,0.0,0.0,7.632783294297951e-17,-3.469446951953614e-18,0.26014284641297625,-0.05033574002966734,nan,nan,0.0006653505103613329,5.77104600799367e-05,6166.441543452845,True,True,True,Z_mode_existing_controller,False,0.05060201485354432,0.0,0.0,False,False,False,0.2,-0.19229796528816223,0.003596588270738721,25.310108958953226,50.207611265761315,193.64578906618436,214.5335017698705,-0.9614897966384888,0.01798294112086296,-0.0646503680276199,0.00016057518639238377,-0.06465036802761998,0.00016057518639240806,0.26014284641297625,-0.05033574002966734,-0.32560894130464346,-0.03938030425002981,0.0006652991203731995,5.809289827155874e-05,6100.258724821501,True,True,True,Z_mode_existing_controller,False,0.05060201485354432,0.0,6.46505674414169,False,False,False
748,-69.83291473656755,-4290.449338973534,9.615918835566035,4.754761969549468,36.92531386297934,20.448585695733605,0.2,0.0,0.0,25.377760591014578,50.22485995417694,194.4329939337325,213.68196559301944,0.0,0.0,0.0,0.0,-1.3183898417423734e-16,-9.367506770274758e-17,0.26014284641297625,-0.05033574002966734,nan,nan,0.00019241459868976,-0.0001534906509659626,6175.2022295842535,True,True,True,Z_mode_existing_controller,False,0.05060201485354432,0.0,0.0,False,False,False,0.2,-0.19044442474842072,-0.016748586669564247,25.319113859283664,50.208579659558076,191.31747275475698,212.89419257043784,-0.9522221088409424,-0.08374293148517609,-0.0622155096576152,-0.011564245856321924,-0.06221550965761505,-0.011564245856322063,0.26014284641297625,-0.05033574002966734,-0.31524132181696396,-0.10093775488321166,0.00019292728691661532,-0.00015322446301500176,6105.369314847686,True,True,True,Z_mode_existing_controller,False,0.05060201485354432,0.0,6.328113007984496,False,False,False
749,-75.86456855627603,-4366.31390752981,8.129711108318821,4.7595349807583744,40.43293982055516,26.469268542451783,0.2,0.0,0.0,25.380024642060224,50.221706977784116,194.02158026953268,213.40789366994508,0.0,0.0,0.0,0.0,-7.979727989493313e-17,-1.3183898417423734e-16,0.26014284641297625,-0.05033574002966734,nan,nan,0.0018433053817447493,1.9850365517857377e-05,6011.909356139835,True,True,True,Z_mode_existing_controller,False,0.05060201485354432,0.0,0.0,False,False,False,0.2,-0.18678757548332214,0.0014736136654391885,25.31911393626471,50.20499284335573,190.53672644859796,213.61685873357996,-0.9339378476142883,0.007368068210780621,-0.06310661752402905,-0.0010271936207762872,-0.06310661752402907,-0.0010271936207761935,0.26014284641297625,-0.05033574002966734,-0.32560894130464346,-0.04571459841089201,0.0018432239634435048,2.0651343982327e-05,5936.044787583559,True,True,True,Z_mode_existing_controller,False,0.05060201485354432,0.0,6.311497684431675,False,False,False
750,25.707619075015828,-4340.606288454795,11.279850061892226,4.104194748159193,37.71986847310174,25.287586477464643,0.2,0.0,0.0,25.4067211782865,50.22196512866029,188.753471218176,212.29263616345125,0.0,0.0,0.0,0.0,-8.326672684688674e-17,-2.7755575615628914e-17,0.055419921875,0.0,nan,nan,-0.0019615103668553712,1.5827928829581332e-05,6206.47319061397,False,True,True,Omega_safe_one_step_QP,False,0.33251953125,0.0,0.0,False,False,False,0.2,-0.048950571566820145,-0.020109884440898895,25.34324763350134,50.20474170083461,189.63249293211584,211.84822163770122,-0.24475285410881042,-0.10054942220449448,-0.01727592335679627,-0.007095491448385845,-0.017275923356796348,-0.0070954914483859766,0.055419921875,0.0,-0.387939453125,-0.18214099471481085,-0.001955112042780167,1.604022102597632e-05,6232.180809688985,False,True,True,Omega_safe_one_step_QP,False,0.33251953125,0.0,1.8676282465309437,False,False,False
751,-87.64045192513004,-4428.246740379925,9.066993060979522,6.353657310144624,45.63055948368985,25.533094965353637,0.2,0.0,0.0,25.371987670910215,50.22132442201501,195.60611024869883,213.7145071700133,0.0,0.0,0.0,0.0,-6.418476861114186e-17,2.42861286636753e-17,0.26014284641297625,-0.05033574002966734,nan,nan,0.0017787704053038637,2.2257091400946193e-05,6144.279527008782,True,True,True,Z_mode_existing_controller,False,0.05060201485354432,0.0,0.0,False,False,False,0.2,-0.19271737337112427,-0.006177640054374933,25.309592613013525,50.20429628406557,191.67898459892112,213.4241647786199,-0.9635868668556213,-0.03088819980621338,-0.0652215489236308,-0.005568941107245505,-0.06522154892363083,-0.005568941107245588,0.26014284641297625,-0.05033574002966734,-0.32560894130464346,-0.06911227087599464,0.001778902798594213,2.271453011198129e-05,6056.639075083652,True,True,True,Z_mode_existing_controller,False,0.05060201485354432,0.0,6.545886913973957,False,False,False
752,-66.38884925052116,-4494.635589630446,10.033045308389502,4.0495700073662775,38.01445142949962,24.172650902468025,0.2,0.0,0.0,25.399027904539622,50.22187797460209,190.26677144247535,212.60102426937905,0.0,0.0,0.0,0.0,-1.0408340855860843e-16,9.71445146547012e-17,0.055419921875,0.0,nan,nan,-0.0006142609765544873,-3.1838122902040286e-05,6117.510922658907,False,True,True,Omega_safe_one_step_QP,False,0.33251953125,0.0,0.0,False,False,False,0.2,-0.1596815288066864,0.0012507898500189185,25.333721094325195,50.204278133339116,187.27473200047586,212.73974421298448,-0.7984076142311096,0.006253948900848627,-0.05417203184363169,-0.0008833889644476178,-0.05417203184363163,-0.0008833889644477566,0.26014284641297625,-0.05033574002966734,-0.32560894130464346,-0.045747530008240264,-0.0006130133464149652,-3.185971168479613e-05,6051.122073408385,True,True,True,Z_mode_existing_controller,False,0.05060201485354432,0.0,5.417923412277018,False,False,False
753,-95.83333315547134,-4590.468922785917,9.25585185304456,5.111951893291087,37.585760103172454,24.52804463158308,0.2,0.0,0.0,25.385755072014774,50.2205194023612,192.89715229849224,213.07981332444163,0.0,0.0,0.0,0.0,-4.85722573273506e-17,9.71445146547012e-17,0.26014284641297625,-0.05033574002966734,nan,nan,0.0007739422381069793,-3.274989598248904e-05,6101.262254440793,True,True,True,Z_mode_existing_controller,False,0.05060201485354432,0.0,0.0,False,False,False,0.2,-0.1929531991481781,-0.001402890426106751,25.31832220582761,50.202476813070106,188.61369879603652,212.99530576605227,-0.9647659659385681,-0.007014452014118433,-0.06558066136664736,-0.002774509628384488,-0.06558066136664731,-0.0027745096283845923,0.26014284641297625,-0.05033574002966734,-0.32560894130464346,-0.05459452184148329,0.0007750292149510327,-3.23519445720585e-05,6005.428921285322,True,True,True,Z_mode_existing_controller,False,0.05060201485354432,0.0,6.563932547615698,False,False,False
754,-99.57417227661517,-4690.043095062532,9.62219089668681,6.506829144031165,37.83889327374665,25.219141719762778,0.2,0.0,0.0,25.395484856179035,50.21955457815689,190.9882204673266,212.61171496740462,0.0,0.0,0.0,0.0,-4.85722573273506e-17,4.163336342344337e-17,0.26014284641297625,-0.05033574002966734,nan,nan,0.0011444246147496676,-6.3545821410082234e-06,6092.3570733072565,True,True,True,Z_mode_existing_controller,False,0.05060201485354432,0.0,0.0,False,False,False,0.2,-0.19377219676971436,-0.0013811596436426044,25.32488638284479,50.20087906492417,186.56341341455257,212.49969769277757,-0.9688609838485718,-0.006905797868967056,-0.06601335614116623,-0.0027700693693446937,-0.0660133561411661,-0.002770069369344666,0.26014284641297625,-0.05033574002966734,-0.32560894130464346,-0.054510831935904794,0.0011457439485050985,-6.14476176675257e-06,5992.782901030641,True,True,True,Z_mode_existing_controller,False,0.05060201485354432,0.0,6.607144975957021,False,False,False
755,-29.779181808730755,-4719.822276871263,9.168806230299385,6.099705769564057,38.25854032528126,29.858605131709762,0.2,0.0,0.0,25.40919596083228,50.21882389393653,188.2916665972092,211.98885654933864,0.0,0.0,0.0,0.0,-2.7755575615628914e-17,1.249000902703301e-16,0.055419921875,0.0,nan,nan,0.0013863605816497506,0.00012925816188539326,5982.038232946011,False,True,True,Omega_safe_one_step_QP,False,0.33251953125,0.0,0.0,False,False,False,0.2,-0.10460293292999268,-0.018319083377718925,25.335333681880133,50.199491611427334,186.80687718722925,211.75173870632554,-0.5230146646499634,-0.09159541130065918,-0.035910652085987683,-0.0037846268312860393,-0.035910652085987614,-0.003784626831286164,0.055419921875,0.0,-0.387939453125,-0.07764540753703435,0.0013853687840185286,0.000129367272809041,5952.25905113728,False,True,True,Omega_safe_one_step_QP,False,0.33251953125,0.0,3.6109532446335266,False,False,False
756,6.893508801760618,-4712.928768069502,10.36595084203019,7.4394601542124015,42.40840322210777,20.746821102448088,0.2,0.0,0.0,25.424308079104733,50.22038882003781,185.29191136857662,211.43323115582695,0.0,0.0,0.0,0.0,9.71445146547012e-17,-1.0408340855860843e-16,0.055419921875,0.0,nan,nan,0.001082194379882529,-0.00011380532921925843,6028.288687805041,False,True,True,Omega_safe_one_step_QP,False,0.33251953125,0.0,0.0,False,False,False,0.2,-0.07858262211084366,0.005547443404793739,25.3495413104526,50.20087222349784,185.33689074927383,212.25742172366705,-0.3929131031036377,0.027737217023968697,-0.024962256107519176,0.0060970510197305774,-0.024962256107519232,0.006097051019730695,0.055419921875,0.0,-0.387939453125,0.031298408919569955,0.0010851170408271555,-0.00011392348811222874,6035.182196606802,False,True,True,Omega_safe_one_step_QP,False,0.33251953125,0.0,2.56960748192129,False,False,False
757,57.267945651432456,-4655.66082241807,7.820079848916284,3.7249425828263982,35.37682926312294,25.718131315696244,0.2,0.0,0.0,25.43237210117083,50.21662290720322,183.7443232479603,210.88126168913908,0.0,0.0,0.0,0.0,-6.938893903907228e-17,6.245004513516506e-17,0.055419921875,0.0,nan,nan,0.0016431263462150939,-1.8899785014116384e-05,5742.394349108757,False,True,True,Omega_safe_one_step_QP,False,0.33251953125,0.0,0.0,False,False,False,0.2,-0.015565186738967896,-0.01247754879295826,25.358002061723322,50.19713180892026,186.02786233144687,210.6873545080677,-0.07782593369483948,-0.06238774210214615,-0.004285612659187615,-0.004373823145984251,-0.004285612659187504,-0.004373823145984307,0.055419921875,0.0,-0.35938339279376397,-0.33251953125,0.0016316339959333258,-1.9645529561131483e-05,5799.662294760189,False,True,True,Omega_safe_one_step_QP,False,0.33251953125,0.0,0.6123463462529712,False,False,False
758,109.03542729516812,-4546.625395122902,8.771280345430126,5.238938873556145,39.00370671300963,26.779215323779443,0.2,0.0,0.0,25.447581351828955,50.21452457855572,180.76852222349842,210.1201302540127,0.0,0.0,0.0,0.0,0.0,1.3183898417423734e-16,0.055419921875,0.0,nan,nan,0.0013867129727331237,3.5554006919743565e-05,5764.761136592893,False,True,True,Omega_safe_one_step_QP,False,0.33251953125,0.0,0.0,False,False,False,0.2,0.03740718960762024,0.016373727470636368,25.375203100461103,50.19543249931616,185.21034729186826,211.1114324422362,0.1870359480381012,0.08186863362789154,0.018826162155552773,0.007663415039458506,0.01882616215555269,0.007663415039458485,0.055419921875,0.0,0.387939453125,0.14554913749099543,0.0013791016083983662,3.476138551802496e-05,5873.796563888061,False,True,True,Omega_safe_one_step_QP,False,0.33251953125,0.0,2.03261484687621,False,False,False
759,43.78872277704522,-4502.836672345857,9.161350095201419,3.518621467561784,39.31646291917477,28.18228537647211,0.2,0.0,0.0,25.45648947669138,50.21305881281858,179.0274682085783,209.65909424973617,0.0,0.0,0.0,0.0,0.0,-8.326672684688674e-17,0.055419921875,0.0,nan,nan,0.00011403725032726585,8.358775949643491e-05,5761.865742822142,False,True,True,Omega_safe_one_step_QP,False,0.33251953125,0.0,0.0,False,False,False,0.2,-0.015731748193502426,0.005422886461019516,25.387900992430144,50.194674388404046,180.67751045219316,210.1481664826609,-0.07865873724222183,0.02711443230509758,-0.003933465532808461,0.0034222435726564415,-0.003933465532808433,0.0034222435726565664,0.055419921875,0.0,-0.387939453125,0.15283028449734534,0.00011196008907056834,8.337623885081719e-05,5805.6544655991875,False,True,True,Omega_safe_one_step_QP,False,0.33251953125,0.0,0.5213818386593567,False,False,False
760,-25.66421483115755,-4528.500887177014,9.150720607964145,5.191993845702659,42.974009416945144,22.366568600338482,0.2,0.0,0.0,25.44487188262766,50.212287296127435,181.32463760608394,210.1004805516541,0.0,0.0,0.0,0.0,-1.1102230246251565e-16,-1.0408340855860843e-16,0.055419921875,0.0,nan,nan,0.001060094645542877,-7.880485235021994e-05,5814.535335523661,False,True,True,Omega_safe_one_step_QP,False,0.33251953125,0.0,0.0,False,False,False,0.2,-0.12160469591617584,0.02635267749428749,25.377880254317425,50.19418898050371,179.97497759977662,212.14028203160146,-0.608023464679718,0.13176338374614716,-0.03309741997929487,0.019027570500661777,-0.03309741997929484,0.019027570500661735,0.055419921875,0.0,-0.387939453125,0.09607940331101723,0.0010597563230415816,-7.894880903319386e-05,5788.871120692504,False,True,True,Omega_safe_one_step_QP,False,0.33251953125,0.0,3.8177056571237635,False,False,False
761,57.411242168913304,-4471.089645008101,10.024573376039918,5.110129389604857,40.91475839972042,26.36107818383638,0.2,0.0,0.0,25.449347388294353,50.20862668159948,180.48324520320594,209.70540514296707,0.0,0.0,0.0,0.0,0.0,0.0,0.055419921875,0.0,nan,nan,5.707687647019989e-05,4.4839811841208485e-05,5879.888500455349,False,True,True,Omega_safe_one_step_QP,False,0.33251953125,0.0,0.0,False,False,False,0.2,-0.015802545472979546,0.020346306264400482,25.381543298558697,50.190292131418765,182.66843285554145,210.71074530950608,-0.07901272177696228,0.10173153132200241,-0.0016804276243241045,0.008062033553394632,-0.0016804276243241878,0.008062033553394715,0.055419921875,0.0,-0.2028409607121225,0.33251953125,5.919344465269241e-05,4.481409507092835e-05,5937.299742624262,False,True,True,Omega_safe_one_step_QP,False,0.33251953125,0.0,0.8235303395543757,False,False,False
762,-14.552457527253864,-4485.642102535355,9.760947843684422,5.2632508332931245,43.57889814909568,29.26486791705248,0.2,0.0,0.0,25.438092635284068,50.207317804714044,182.71520900975807,210.10197147661773,0.0,0.0,0.0,0.0,0.0,1.1796119636642288e-16,0.055419921875,0.0,nan,nan,0.000481875137097442,0.00013849295080593967,5907.217117193954,False,True,True,Omega_safe_one_step_QP,False,0.33251953125,0.0,0.0,False,False,False,0.2,-0.10520016402006149,0.030484599992632866,25.37237885735886,50.18934344499061,181.84691515543273,212.25611143027416,-0.5260007977485657,0.15242299437522888,-0.030308442628778173,0.01983153029723924,-0.030308442628778118,0.019831530297239275,0.055419921875,0.0,-0.387939453125,0.12847540044976835,0.0004827340693893806,0.0001386319570695527,5892.664659666701,False,True,True,Omega_safe_one_step_QP,False,0.33251953125,0.0,3.6220039874526058,False,False,False
763,-9.690055968926572,-4495.332158504281,9.628557276036554,4.841635762709383,39.904003942669526,25.33507582597949,0.2,0.0,0.0,25.435059759534358,50.20823199116382,183.30017632182953,210.27458530771824,0.0,0.0,0.0,0.0,-9.71445146547012e-17,-9.71445146547012e-17,0.055419921875,0.0,nan,nan,0.0003021609602753216,5.337937119938296e-06,5909.321093071847,False,True,True,Omega_safe_one_step_QP,False,0.33251953125,0.0,0.0,False,False,False,0.2,-0.10444505512714386,0.003766145557165146,25.368936546063775,50.1901000529143,182.6645485768985,211.26441665920393,-0.5222252607345581,0.01883072778582573,-0.031019095652124073,0.007710067949311658,-0.031019095652124157,0.007710067949311776,0.055419921875,0.0,-0.387939453125,0.015986931486140016,0.00030270705558333604,5.30110830766848e-06,5899.63103710292,False,True,True,Omega_safe_one_step_QP,False,0.33251953125,0.0,3.1962938582968805,False,False,False
764,4.281339753671091,-4491.05081875061,11.67470417895477,2.9328410891938312,42.903908638695555,23.545115762887594,0.2,0.0,0.0,25.42981230379583,50.20657170878744,184.35201206455278,210.39889293048938,0.0,0.0,0.0,0.0,-9.71445146547012e-17,-1.3877787807814457e-17,0.055419921875,0.0,nan,nan,-0.0030068089289682952,-9.547097366287283e-06,6137.202719367988,False,True,True,Omega_safe_one_step_QP,False,0.33251953125,0.0,0.0,False,False,False,0.2,-0.08957035094499588,0.004888402298092842,25.363465213694184,50.18834927141143,184.30244454226795,211.38040861174494,-0.4478517472743988,0.02444201149046421,-0.027778248480373746,0.007197593717040915,-0.027778248480373885,0.007197593717040991,0.055419921875,0.0,-0.387939453125,0.024196834831672502,-0.0029993854301662965,-9.593838163818313e-06,6141.484059121659,False,True,True,Omega_safe_one_step_QP,False,0.33251953125,0.0,2.8695582307264424,False,False,False
765,-85.87561549319616,-4576.926434243806,9.990224767069655,6.052788737117765,38.300218050363554,25.566908037715894,0.2,0.0,0.0,25.37580520045804,50.204781402361455,195.01773845747326,212.56910780944284,0.0,0.0,0.0,0.0,-1.0993810029003015e-16,4.163336342344337e-17,0.26014284641297625,-0.05033574002966734,nan,nan,0.0005499742261054522,1.0496394660628426e-05,6227.704109366946,True,True,True,Z_mode_existing_controller,False,0.05060201485354432,0.0,0.0,False,False,False,0.2,-0.19767612218856812,0.008846665732562542,25.309813028845223,50.18656218820982,191.1881483972733,213.17195179764826,-0.9883806109428406,0.044233325868844986,-0.06700318828339835,0.003181388332373424,-0.06700318828339821,0.0031813883323735595,0.26014284641297625,-0.05033574002966734,-0.32560894130464346,-0.024121394003365163,0.0005507009783163692,1.0486010902737136e-05,6141.82849387375,True,True,True,Z_mode_existing_controller,False,0.05060201485354432,0.0,6.707867374853105,False,False,False
766,-87.8234278363243,-4664.749862080131,10.111902691028948,5.165672191336096,39.49798227918802,28.4339197547445,0.2,0.0,0.0,25.38397646238785,50.20505256804248,193.40151690701163,212.2346145756394,0.0,0.0,0.0,0.0,-4.163336342344337e-17,9.71445146547012e-17,0.26014284641297625,-0.05033574002966734,nan,nan,-3.650332217688631e-05,0.00010296347411914604,6201.106299661746,True,True,True,Z_mode_existing_controller,False,0.05060201485354432,0.0,0.0,False,False,False,0.2,-0.19255943596363068,-0.012163188308477402,25.31517650095743,50.18624476553312,189.52181495794838,211.56563707643792,-0.9627971649169922,-0.06081594154238701,-0.06543023897822735,-0.009073388307410779,-0.06543023897822725,-0.009073388307410703,0.26014284641297625,-0.05033574002966734,-0.32560894130464346,-0.08733527350037369,-3.555577803287819e-05,0.00010288085141446331,6113.282871825421,True,True,True,Z_mode_existing_controller,False,0.05060201485354432,0.0,6.605635887728751,False,False,False
767,48.3726602491588,-4616.377201830972,8.249794946824705,4.584308518051462,39.98344859932159,23.776193917850424,0.2,0.0,0.0,25.382013070474468,50.206921602397436,193.76441730689368,212.41470607825275,0.0,0.0,0.0,0.0,5.0306980803327406e-17,-9.020562075079397e-17,0.26014284641297625,-0.05033574002966734,nan,nan,0.001627903313950236,-6.0828869924154164e-05,6019.12303582723,True,True,True,Z_mode_existing_controller,False,0.05060201485354432,0.0,0.0,False,False,False,0.2,-0.19783088564872742,0.03604072332382202,25.310379418776055,50.187553537130164,195.61880133916168,213.41500017662156,-0.9891543984413147,0.1802036166191101,-0.006448500866267333,0.008008513209750896,-0.006448500866267198,0.008008513209750913,0.26014284641297625,-0.05033574002966734,-0.01761632407153918,0.00026627482387697743,0.0016180021148398324,-6.140218691349109e-05,6067.495696076388,True,True,True,Z_mode_existing_controller,False,0.05060201485354432,0.0,1.0281996267894788,False,False,False
768,55.74768473810127,-4560.629517092871,12.093726020524958,4.836809119557167,34.965114193446,27.75379782867636,0.2,0.0,0.0,25.40531041414494,50.205566510533615,189.1854120237528,211.3539058208553,0.0,0.0,0.0,0.0,6.245004513516506e-17,-1.3877787807814457e-17,0.055419921875,0.0,nan,nan,-0.0024482338654921686,8.740617690769503e-05,6300.227675973047,False,True,True,Omega_safe_one_step_QP,False,0.33251953125,0.0,0.0,False,False,False,0.2,-0.012910738587379456,-0.020513664931058884,25.335335241243133,50.18649733295211,191.25138738452026,210.94244901851675,-0.06455369293689728,-0.10256832093000412,-0.0024662440327638396,-0.005846894649685609,-0.0024662440327638674,-0.005846894649685477,0.055419921875,0.0,-0.15385875931603096,-0.33251953125,-0.0024353525628690673,8.805607741913966e-05,6355.975360711148,False,True,True,Omega_safe_one_step_QP,False,0.33251953125,0.0,0.6345749496605297,False,False,False
769,-105.48316328634974,-4666.11268037922,12.789287476860803,3.3152712510416666,40.91219404124365,26.80863727093991,0.2,0.0,0.0,25.363682612831873,50.20646880796823,197.37903498344323,213.1509402199162,0.0,0.0,0.0,0.0,-4.5102810375396984e-17,5.551115123125783e-17,0.26014284641297625,-0.05033574002966734,nan,nan,-0.0040454650410732115,9.883557208836824e-05,6576.555411064618,True,True,True,Z_mode_existing_controller,False,0.05060201485354432,0.0,0.0,False,False,False,0.2,-0.1930937021970749,0.004622955806553364,25.295872342881054,50.18779612268412,192.92666664430044,213.3719448339552,-0.9654684662818909,0.023114778101444244,-0.0656868785602892,0.0007537186274899493,-0.06568687856028907,0.0007537186274898348,0.26014284641297625,-0.05033574002966734,-0.32560894130464346,-0.03631195469945265,-0.004045108404429562,9.72972968478255e-05,6471.072247778268,True,True,True,Z_mode_existing_controller,False,0.05060201485354432,0.0,6.569120265883083,False,False,False
770,-204.36412182267213,-4870.4768022018925,9.81224646664869,3.5113582207180745,39.72720099395072,26.87083406855011,0.2,0.0,0.0,25.304870379599116,50.20886962840398,208.94272512279034,215.75393212647612,0.0,0.0,0.0,0.0,-8.326672684688674e-17,3.642919299551295e-17,0.055419921875,0.0,nan,nan,-0.0006279359758742881,5.256159164814325e-05,6544.859828211399,False,True,True,Omega_safe_one_step_QP,False,0.33251953125,0.0,0.0,False,False,False,0.2,-0.19876521825790405,0.017969951033592224,25.233750059267514,50.189490351668695,200.07614518296793,216.75138214684543,-0.9938260912895203,0.08984975516796112,-0.10917384804432839,0.008765908568160384,-0.10917384804432848,0.008765908568160436,0.055419921875,0.0,-0.387939453125,0.040083201320949585,-0.0006264973849491769,5.282163692969756e-05,6340.495706388727,False,True,True,Omega_safe_one_step_QP,False,0.33251953125,0.0,10.952520371965301,False,False,False
771,-173.31997047933328,-5043.796772681226,11.773956214884672,5.767251981563478,40.78521755286725,25.859562958206663,0.2,0.0,0.0,25.30687794428058,50.21213430083529,208.50638297688968,215.8435693842415,0.0,0.0,0.0,0.0,2.7755575615628914e-17,1.8214596497756474e-17,0.055419921875,0.0,nan,nan,-0.0012888535841271082,5.72993300905272e-05,6745.862909980285,False,True,True,Omega_safe_one_step_QP,False,0.33251953125,0.0,0.0,False,False,False,0.2,-0.19584882259368896,-0.0028859812300652266,25.22890276639981,50.191359676889356,201.182307619323,216.10300437719096,-0.9792441129684448,-0.014429906383156776,-0.10987588728519793,-0.001168234391893593,-0.10987588728519802,-0.001168234391893496,0.055419921875,0.0,-0.387939453125,-0.00653323730762465,-0.001292428547397164,5.565728361045215e-05,6572.542939500951,False,True,True,Omega_safe_one_step_QP,False,0.33251953125,0.0,10.98820976242442,False,False,False
772,-148.94059773610934,-5192.737370417335,9.475163408426958,3.15616261627963,37.316140014745194,27.196007006242716,0.2,0.0,0.0,25.29860121383711,50.21541780559565,210.0972413156618,216.3672705203606,0.0,0.0,0.0,0.0,-5.551115123125783e-17,-1.2988742026376343e-16,0.055419921875,0.0,nan,nan,-0.0005018165049183749,4.840952191738097e-05,6536.1116000995435,False,True,True,Omega_safe_one_step_QP,False,0.33251953125,0.0,0.0,False,False,False,0.2,-0.1966545283794403,-0.0007013057474978268,25.2149728066626,50.19348065404826,203.51427224791735,216.7947400293619,-0.9832726120948792,-0.003506528679281473,-0.11614708005657419,-0.001655291696428125,-0.11614708005657427,-0.0016552916964282516,0.055419921875,0.0,-0.387939453125,-0.0015811000156305134,-0.0005014090885105873,4.88686280046423e-05,6387.171002363434,False,True,True,Omega_safe_one_step_QP,False,0.33251953125,0.0,11.615887480631239,False,False,False
773,-118.63106097687705,-5311.368431394212,10.642397553269445,3.5899818729381145,40.38990712534059,25.627406736177516,0.2,0.0,0.0,25.30343608329209,50.218762274531755,209.10259376597998,216.34225374152894,0.0,0.0,0.0,0.0,-5.551115123125783e-17,-2.5261910618912253e-17,0.055419921875,0.0,nan,nan,-0.0014797401531385663,3.077920904025807e-05,6638.4028515838845,False,True,True,Omega_safe_one_step_QP,False,0.33251953125,0.0,0.0,False,False,False,0.2,-0.19342568516731262,-0.006890402641147375,25.214837262291844,50.19582114143386,203.89237423688758,216.66034521770047,-0.9671283960342407,-0.03445201367139816,-0.11468948800656269,-0.004707666562695037,-0.11468948800656273,-0.004707666562695013,0.055419921875,0.0,-0.387939453125,-0.015793789774274026,-0.0014803628965299968,3.0372513326140573e-05,6519.7717906070075,False,True,True,Omega_safe_one_step_QP,False,0.33251953125,0.0,11.47860652852646,False,False,False
774,-111.08585480866168,-5422.454286202874,9.474094010435728,7.749133849704796,38.572453837791116,23.554866910644535,0.2,0.0,0.0,25.292769574330922,50.22159133216891,211.16991579267957,216.94159449618795,0.0,0.0,0.0,0.0,1.1102230246251565e-16,-5.2909066017292616e-17,0.055419921875,0.0,nan,nan,0.0019434260615670408,-5.740196060159859e-05,6559.56394847747,False,True,True,Omega_safe_one_step_QP,False,0.33251953125,0.0,0.0,False,False,False,0.2,-0.1964871883392334,-0.009921390563249588,25.200316624875622,50.19785374025777,206.17533394303862,217.13303515812382,-0.982435941696167,-0.04960695281624794,-0.12253131154802668,-0.007568543602834196,-0.12253131154802671,-0.007568543602834182,0.055419921875,0.0,-0.387939453125,-0.022386912635030672,0.0019416467502360694,-5.7085764167526254e-05,6448.4780936688085,False,True,True,Omega_safe_one_step_QP,False,0.33251953125,0.0,12.276483683020798,False,False,False
775,-40.60690265792982,-5463.061188860804,11.695461425347782,4.242255780660376,37.32566564323617,25.228704666440024,0.2,0.0,0.0,25.335152017681185,50.222970657852386,202.79635255225804,215.22756688122985,0.0,0.0,0.0,0.0,-8.326672684688674e-17,9.8879238130678e-17,0.055419921875,0.0,nan,nan,-0.0023136760996418553,2.0523839282867752e-05,6596.7093767801925,False,True,True,Omega_safe_one_step_QP,False,0.33251953125,0.0,0.0,False,False,False,0.2,-0.18438200652599335,-0.05508100986480713,25.239017853194266,50.1984911665859,200.88401014167496,213.87826158303616,-0.9219100475311279,-0.27540504932403564,-0.10131407796004704,-0.02451941854833664,-0.10131407796004699,-0.024519418548336756,0.055419921875,0.0,-0.387939453125,-0.13244612404511938,-0.0023082209718168715,2.0202647660672035e-05,6556.102474122263,False,True,True,Omega_safe_one_step_QP,False,0.33251953125,0.0,10.423888084032281,False,False,False
776,-66.26381768026931,-5529.325006541073,9.267733296478905,4.845053938988273,33.48026590146902,27.208198804779318,0.2,0.0,0.0,25.306748376550352,50.22460509773849,208.37438746594722,216.5080594214295,0.0,0.0,0.0,0.0,8.326672684688674e-17,-1.3314002678121994e-16,0.055419921875,0.0,nan,nan,0.0005120937024508674,3.229856796938945e-05,6472.038516262105,False,True,True,Omega_safe_one_step_QP,False,0.33251953125,0.0,0.0,False,False,False,0.2,-0.19229623675346375,-0.05570283532142639,25.20955229310638,50.19990868966794,205.30467410361675,214.94278009749823,-0.9614811539649963,-0.27851417660713196,-0.11722272657522503,-0.027400374858684108,-0.11722272657522491,-0.027400374858684108,0.055419921875,0.0,-0.387939453125,-0.12842879647976618,0.0005089711959264248,3.247915295260693e-05,6405.774698581836,False,True,True,Omega_safe_one_step_QP,False,0.33251953125,0.0,12.038250773316845,False,False,False
777,-36.58688038496348,-5565.9118869260365,9.921813891419134,5.648799916495844,42.2956963381221,23.52474466196927,0.2,0.0,0.0,25.325339879812198,50.22733702046292,204.67500029460754,215.87013867691368,0.0,0.0,0.0,0.0,-1.3877787807814457e-17,-1.3183898417423734e-16,0.055419921875,0.0,nan,nan,0.0004943376250151413,-3.712400507203083e-05,6451.761438223919,False,True,True,Omega_safe_one_step_QP,False,0.33251953125,0.0,0.0,False,False,False,0.2,-0.1914883702993393,-0.060645587742328644,25.226020279639425,50.202255767550575,202.8806588109966,214.29536114688523,-0.9574418663978577,-0.3032279312610626,-0.11087256644025326,-0.028563405375689667,-0.11087256644025331,-0.028563405375689646,0.055419921875,0.0,-0.387939453125,-0.14041474077989613,0.0004922702915592294,-3.7027358222300154e-05,6415.1745578389555,False,True,True,Omega_safe_one_step_QP,False,0.33251953125,0.0,11.449276883587174,False,False,False
778,-3.874134512310775,-5569.786021438347,10.066501673509999,7.160479909147557,40.54887091533385,27.924343256981114,0.2,0.0,0.0,25.340597334320943,50.22809932636312,201.65605437608826,215.2643047543543,0.0,0.0,0.0,0.0,2.7755575615628914e-17,9.8879238130678e-17,0.055419921875,0.0,nan,nan,0.001151123541040083,9.109967287750185e-05,6393.753179840552,False,True,True,Omega_safe_one_step_QP,False,0.33251953125,0.0,0.0,False,False,False,0.2,-0.183838352560997,-0.037213899195194244,25.24021127660298,50.20283643676298,201.206740276325,214.90579997270592,-0.9191917181015015,-0.18606948852539062,-0.10167500549981486,-0.0171277057457356,-0.10167500549981484,-0.017127705745735557,0.055419921875,0.0,-0.387939453125,-0.0897480360253988,0.0011500683233137566,9.10770643292114e-05,6389.879045328241,False,True,True,Omega_safe_one_step_QP,False,0.33251953125,0.0,10.310754117667589,False,False,False
779,31.227379839554487,-5538.558641598793,8.428273299437523,5.129181131498222,44.38649991365138,23.948363396902824,0.2,0.0,0.0,25.363207482916515,50.23095560195775,197.16297953468333,214.46401773051159,0.0,0.0,0.0,0.0,-6.591949208711867e-17,5.898059818321144e-17,0.26014284641297625,-0.05033574002966734,nan,nan,0.001781914371667729,-4.000601465359386e-05,6115.214181488624,True,True,True,Z_mode_existing_controller,False,0.05060201485354432,0.0,0.0,False,False,False,0.2,-0.17404469847679138,-0.021166840568184853,25.262863599702587,50.20568920569209,198.2028380369872,214.98857123288246,-0.8702234625816345,-0.10583420097827911,-0.08878728180977673,-0.008647778257290666,-0.0887872818097766,-0.008647778257290547,0.055419921875,0.0,-0.387939453125,-0.0539201554954947,0.0017706395043949937,-4.033502426650012e-05,6146.441561328178,False,True,True,Omega_safe_one_step_QP,False,0.33251953125,0.0,8.920742951097699,False,False,False
780,265.12304863647114,-5273.435592962322,11.19136111810074,4.754331160058619,40.598113066887635,24.9027159092252,0.2,0.0,0.0,25.3915549846205,50.23048505824612,191.5780000905056,213.23923634499636,0.0,0.0,0.0,0.0,-1.3877787807814457e-17,-3.469446951953614e-17,0.26014284641297625,-0.05033574002966734,nan,nan,-0.0013746142521642304,1.5708221635073703e-05,6265.627192017783,True,True,True,Z_mode_existing_controller,False,0.05060201485354432,0.0,0.0,False,False,False,0.2,-0.03891583904623985,-0.030846280977129936,25.292305804613928,50.205421488786335,202.19645511787874,214.39361748607493,-0.19457918405532837,-0.15423139929771423,0.007135272121723685,-0.0023630638231088644,0.00713527212172374,-0.0023630638231088817,0.26014284641297625,-0.05033574002966734,0.19630306401210956,-0.10093775488321166,-0.0013587567749003184,1.7417719329114977e-05,6530.750240654254,True,True,True,Z_mode_existing_controller,False,0.05060201485354432,0.0,0.7516394007975815,False,False,False
781,23.65408119816675,-5249.781511764155,7.532760865898665,4.667096671451155,39.75697035369054,22.02227934999291,0.2,0.0,0.0,25.36793683767435,50.23026305093893,196.23448059024827,214.21616755946954,0.0,0.0,0.0,0.0,8.153200337090993e-17,-1.734723475976807e-17,0.26014284641297625,-0.05033574002966734,nan,nan,0.002413583948915691,-0.00012507309693467888,6001.769171667921,True,True,True,Z_mode_existing_controller,False,0.05060201485354432,0.0,0.0,False,False,False,0.2,-0.15575121343135834,-0.05942235141992569,25.277941648885594,50.206953080938696,197.0401207506051,212.87405145917504,-0.7787560820579529,-0.29711174964904785,-0.07558833208893131,-0.024928507978254605,-0.07558833208893137,-0.024928507978254674,0.055419921875,0.0,-0.387939453125,-0.16915089138730477,0.002399130124839519,-0.00012531595086358836,6025.423252866088,False,True,True,Omega_safe_one_step_QP,False,0.33251953125,0.0,7.959287944287777,False,False,False
782,216.16674514450096,-5033.614766619654,8.325447467657188,4.73952642022546,41.11545703516877,21.969581388167786,0.2,0.0,0.0,25.404993580575038,50.22794906224549,188.95427334954857,212.5233222842867,0.0,0.0,0.0,0.0,-5.551115123125783e-17,-9.71445146547012e-17,0.055419921875,0.0,nan,nan,0.0016525043642402434,-0.00010947542916616652,5912.817408583896,False,True,True,Omega_safe_one_step_QP,False,0.33251953125,0.0,0.0,False,False,False,0.2,0.02234172448515892,-0.0019814667757600546,25.315814223852932,50.20485404018337,198.0163422068593,213.65338566081317,0.1117086187005043,-0.009907333180308342,0.0066652253840708275,-0.00032637345720599314,0.006665225384070904,-0.0003263734572059099,0.26014284641297625,-0.05033574002966734,0.31074486126652057,-0.054823585687482135,0.001630757785231713,-0.00011170612632041294,6128.984153728397,True,True,True,Z_mode_existing_controller,False,0.05060201485354432,0.0,0.667321129996886,False,False,False
783,258.8681529751557,-4774.746613644498,10.182534645298702,3.661167145812575,39.78722540761486,26.242887044802956,0.2,0.0,0.0,25.424619811644142,50.224822786489,185.1198333978756,211.51973848011474,0.0,0.0,0.0,0.0,0.0,-8.326672684688674e-17,0.055419921875,0.0,nan,nan,-0.0009534943281190229,3.906069663813655e-05,6007.494361118535,False,True,True,Omega_safe_one_step_QP,False,0.33251953125,0.0,0.0,False,False,False,0.2,0.11375589668750763,-0.10629204660654068,25.34282951548964,50.2031495557043,195.726887788854,211.84714780937742,0.568779468536377,-0.5314602255821228,0.033972205182660475,-0.006529847190841598,0.03397220518266034,-0.0065298471908416325,0.26014284641297625,-0.05033574002966734,0.31074486126652057,-0.09761761180791037,-0.0009505213870625892,3.9318712358421375e-05,6266.362514093691,True,True,True,Z_mode_existing_controller,False,0.05060201485354432,0.0,3.4594069279408592,False,False,False
784,181.11157864509096,-4593.635034999407,10.576875728086504,5.100360185343382,43.64041392163634,23.208290892207952,0.2,0.0,0.0,25.401994034086158,50.224080032121584,189.5868098936271,212.4262583838819,0.0,0.0,0.0,0.0,1.1102230246251565e-16,-1.1102230246251565e-16,0.055419921875,0.0,nan,nan,-0.0004441625565782531,-3.163910274670695e-05,6154.186802029578,False,True,True,Omega_safe_one_step_QP,False,0.33251953125,0.0,0.0,False,False,False,0.2,-0.037925444543361664,-0.05666843056678772,25.32918500384651,50.20414389023653,196.9034579733923,212.89769533526794,-0.18962721526622772,-0.2833421528339386,0.01217866578630069,-0.003441044095840229,0.012178665786300651,-0.0034410440958402497,0.26014284641297625,-0.05033574002966734,0.2262773610110352,-0.10093775488321166,-0.00043857343476171994,-3.1097151507869514e-05,6335.298380674669,True,True,True,Z_mode_existing_controller,False,0.05060201485354432,0.0,1.2655460671343688,False,False,False
785,141.22870923739265,-4452.406325762015,9.24421489862999,4.812421027491899,40.85806298048215,26.843678282024296,0.2,0.0,0.0,25.39070496207511,50.22261883269539,191.82734928156614,212.8159384020029,0.0,0.0,0.0,0.0,-2.7755575615628914e-17,8.326672684688674e-17,0.26014284641297625,-0.05033574002966734,nan,nan,0.0007106270380110402,4.83618923285507e-05,6073.754772624194,True,True,True,Z_mode_existing_controller,False,0.05060201485354432,0.0,0.0,False,False,False,0.2,-0.03204759582877159,-0.028393352404236794,25.324215827296555,50.20389154181483,197.6303242990703,213.29793345126197,-0.16023798286914825,-0.14196676015853882,0.006154384313928105,-0.0019460074914638623,0.006154384313928101,-0.0019460074914638484,0.26014284641297625,-0.05033574002966734,0.20302831843966435,-0.10093775488321166,0.0007036415465604641,4.7755684683304864e-05,6214.983481861586,True,True,True,Z_mode_existing_controller,False,0.05060201485354432,0.0,0.6454718540754412,False,False,False
786,123.00764651800091,-4329.398679244014,8.982685378511448,5.148474261189634,41.798568769797726,27.986190222279056,0.2,0.0,0.0,25.398595181441443,50.223109372200206,190.2639661640081,212.50537885043005,0.0,0.0,0.0,0.0,8.326672684688674e-17,-1.1102230246251565e-16,0.055419921875,0.0,nan,nan,0.0011758710251265785,8.25036944864686e-05,6009.6585102707495,False,True,True,Omega_safe_one_step_QP,False,0.33251953125,0.0,0.0,False,False,False,0.2,0.01979214884340763,-0.008556971326470375,25.336986218583462,50.205322798320125,195.32633006111055,213.00932198927265,0.098960742354393,-0.042784854769706726,0.005938225322359939,-0.0006333045042631949,0.005938225322359902,-0.0006333045042630631,0.26014284641297625,-0.05033574002966734,0.31074486126652057,-0.07221310127978903,0.0011679031613506911,8.180228198793535e-05,6132.66615678875,True,True,True,Z_mode_existing_controller,False,0.05060201485354432,0.0,0.5971900415633009,False,False,False
787,119.51034857133072,-4209.888330672683,12.15184509648306,5.91154682335719,37.14528349559268,26.918132705582746,0.2,0.0,0.0,25.412169619926292,50.22403891802187,187.57484523059176,211.9796219870057,0.0,0.0,0.0,0.0,1.249000902703301e-16,-4.85722573273506e-17,0.055419921875,0.0,nan,nan,-0.001722811803916863,7.237850511814144e-05,6263.774980217238,False,True,True,Omega_safe_one_step_QP,False,0.33251953125,0.0,0.0,False,False,False,0.2,-0.011104675941169262,0.03407092019915581,25.35480675844254,50.20706977453319,192.2371395745137,212.59417730535924,-0.055523376911878586,0.17035460472106934,0.007945327253307335,0.0013792457815095596,0.007945327253307433,0.0013792457815095457,0.26014284641297625,-0.05033574002966734,0.24365021945619783,0.00026627482387697743,-0.0017065466995267575,7.378545559779022e-05,6383.285328788569,True,True,True,Z_mode_existing_controller,False,0.05060201485354432,0.0,0.8064151789739769,False,False,False
788,-71.41052817535456,-4281.2988588480375,10.29138539343623,4.445691346877591,43.446130577535406,22.025350053204235,0.2,0.0,0.0,25.380037012475295,50.22434623607725,193.90362353325438,213.3441774327398,0.0,0.0,0.0,0.0,-4.336808689942018e-17,-1.0061396160665481e-16,0.26014284641297625,-0.05033574002966734,nan,nan,-0.0005278672154313993,-7.202312572959606e-05,6230.452907544297,True,True,True,Z_mode_existing_controller,False,0.05060201485354432,0.0,0.0,False,False,False,0.2,-0.19150425493717194,-0.012793533504009247,25.32694273240176,50.20816745883874,190.76068629078196,212.78906636801,-0.9575212597846985,-0.06396766752004623,-0.0643010139735264,-0.009431935275796562,-0.06430101397352635,-0.009431935275796652,0.26014284641297625,-0.05033574002966734,-0.32560894130464346,-0.08946716885174355,-0.0005274158886018716,-7.207260013687017e-05,6159.042379368942,True,True,True,Z_mode_existing_controller,False,0.05060201485354432,0.0,6.498908986184111,False,False,False
789,-77.19449984040148,-4358.493358688439,9.846759387076474,5.574802874144098,37.89073379157029,26.67971469384549,0.2,0.0,0.0,25.371062022753126,50.22274744773986,195.68959221298218,213.62886404141992,0.0,0.0,0.0,0.0,-4.5102810375396984e-17,1.214306433183765e-16,0.26014284641297625,-0.05033574002966734,nan,nan,0.0004194529055541118,4.057271420763054e-05,6228.36987681817,True,True,True,Z_mode_existing_controller,False,0.05060201485354432,0.0,0.0,False,False,False,0.2,-0.1894976943731308,-0.009220912121236324,25.315661433872243,50.2061154872389,192.27050908265426,213.21937035081248,-0.9474884271621704,-0.0461045578122139,-0.06379009849771185,-0.007318958713301918,-0.06379009849771189,-0.007318958713301932,0.26014284641297625,-0.05033574002966734,-0.32560894130464346,-0.07883828079813743,0.0004199959123811067,4.0631737436346536e-05,6151.175376977769,True,True,True,Z_mode_existing_controller,False,0.05060201485354432,0.0,6.420859617679557,False,False,False
790,-71.10943608601156,-4429.602794774451,11.401096895466358,5.638639081335359,34.677414061045624,23.536251788397745,0.2,0.0,0.0,25.377778729956383,50.2236820718423,194.35233054647878,213.39214104343046,0.0,0.0,0.0,0.0,-1.0408340855860843e-16,-8.326672684688674e-17,0.26014284641297625,-0.05033574002966734,nan,nan,-0.0012043494427046325,-4.764068381784333e-05,6356.871731507528,True,True,True,Z_mode_existing_controller,False,0.05060201485354432,0.0,0.0,False,False,False,0.2,-0.1865488737821579,-0.016912395134568214,25.319858882730994,50.20655210590937,191.27003098526126,212.5270027004455,-0.9327443242073059,-0.08456197381019592,-0.057805031822651926,-0.011327698584438252,-0.05780503182265196,-0.011327698584438314,0.26014284641297625,-0.05033574002966734,-0.29801280256085083,-0.10093775488321166,-0.001202644046884414,-4.810144770621416e-05,6285.762295421517,True,True,True,Z_mode_existing_controller,False,0.05060201485354432,0.0,5.890448590080118,False,False,False
791,-92.50143871209639,-4522.104233486547,11.520973991169999,5.86232980151944,39.4025382400838,26.538472118842538,0.2,0.0,0.0,25.35902966149631,50.222642572366,198.0585587418092,214.1191268597922,0.0,0.0,0.0,0.0,-1.249000902703301e-16,-1.0408340855860843e-17,0.26014284641297625,-0.05033574002966734,nan,nan,-0.0010379853283707169,6.549371299177393e-05,6459.563975931902,True,True,True,Z_mode_existing_controller,False,0.05060201485354432,0.0,0.0,False,False,False,0.2,-0.19106271862983704,-0.0002927558380179107,25.29889085058865,50.20507227209917,194.07620116585585,214.12923165806293,-0.9553135633468628,-0.0014637791318818927,-0.06461439169399888,-0.002105113884900374,-0.06461439169399891,-0.00210511388490044,0.26014284641297625,-0.05033574002966734,-0.32560894130464346,-0.05123325816776098,-0.0010377363379739327,6.474260063988029e-05,6367.062537219806,True,True,True,Z_mode_existing_controller,False,0.05060201485354432,0.0,6.464867452975276,False,False,False
792,-132.9955644333677,-4655.099797919915,10.285119134370134,4.098436299391589,38.84471288967239,26.286268695645717,0.2,0.0,0.0,25.345844474064,50.22444395861564,200.63451227065374,214.76804698961703,0.0,0.0,0.0,0.0,4.85722573273506e-17,1.196959198423997e-16,0.26014284641297625,-0.05033574002966734,nan,nan,-0.0008389578988863763,3.853900862186947e-05,6393.937560800495,True,True,True,Z_mode_existing_controller,False,0.05060201485354432,0.0,0.0,False,False,False,0.2,-0.17257094383239746,-0.0041512087918818,25.28274498625435,50.20626012888924,194.8647328219252,214.99480934514992,-0.8628547191619873,-0.02075604349374771,-0.0809166108054929,0.00044911793617350565,-0.08091661080549281,0.0004491179361735872,0.055419921875,0.0,-0.387939453125,-0.010665047629632881,-0.0008387400973348669,3.833451886920292e-05,6260.941996367127,False,True,True,Omega_safe_one_step_QP,False,0.33251953125,0.0,8.091785718349303,False,False,False
793,-123.12602198848072,-4778.225819908395,9.330175642508607,4.529270429225657,40.80605341624547,25.78191740186239,0.2,0.0,0.0,25.33776987762068,50.226101727778506,202.2046666816921,215.1938878516495,0.0,0.0,0.0,0.0,-1.3877787807814457e-16,-4.85722573273506e-17,0.055419921875,0.0,nan,nan,0.00046399134857612323,1.648982144309037e-05,6330.195967846823,False,True,True,Omega_safe_one_step_QP,False,0.33251953125,0.0,0.0,False,False,False,0.2,-0.17845261096954346,-0.021123414859175682,25.270273844760247,50.20702549704684,196.7704197302297,214.74207327080765,-0.8922630548477173,-0.10561707615852356,-0.08841294872649069,-0.008066199957026239,-0.08841294872649082,-0.008066199957026232,0.055419921875,0.0,-0.387939453125,-0.05248039778710896,0.0004648508024418952,1.694439100965832e-05,6207.069945858342,False,True,True,Omega_safe_one_step_QP,False,0.33251953125,0.0,8.87801390191513,False,False,False
794,-100.72352493198377,-4878.949344840379,11.367792426655502,5.782197613844204,40.72295297514015,23.89816981005806,0.2,0.0,0.0,25.350533262192023,50.22755820195378,199.66924063413796,214.73126678180492,0.0,0.0,0.0,0.0,9.71445146547012e-17,6.418476861114186e-17,0.26014284641297625,-0.05033574002966734,nan,nan,-0.000896586922783201,-1.0252136461005347e-05,6482.952943692958,True,True,True,Z_mode_existing_controller,False,0.05060201485354432,0.0,0.0,False,False,False,0.2,-0.18371544778347015,0.0152038699015975,25.27893978638883,50.207677991432355,195.27350480427117,216.11314745987283,-0.9185771942138672,0.07601934671401978,-0.08823821471968872,0.008625869620346033,-0.08823821471968869,0.008625869620346071,0.055419921875,0.0,-0.387939453125,0.03669140694743516,-0.0008961317955222163,-1.1048228649361211e-05,6382.229418760974,False,True,True,Omega_safe_one_step_QP,False,0.33251953125,0.0,8.865883015033019,False,False,False
795,-87.05877721098022,-4966.008122051359,10.513637299657928,3.875839575475258,46.809002121556496,26.474453235218075,0.2,0.0,0.0,25.34078672204251,50.2280826312782,201.58233419764497,215.16519418741134,0.0,0.0,0.0,0.0,-1.3877787807814457e-17,-1.0061396160665481e-16,0.055419921875,0.0,nan,nan,-0.0010019722263067102,7.923157306645879e-05,6439.24132304784,False,True,True,Omega_safe_one_step_QP,False,0.33251953125,0.0,0.0,False,False,False,0.2,-0.1800396889448166,-0.008305701427161694,25.26594729524375,50.20748906895124,197.71409388454498,215.5318320100177,-0.9001984596252441,-0.041528504341840744,-0.09144394099985124,-0.0028555483222199862,-0.0914439409998511,-0.002855548322219903,0.055419921875,0.0,-0.387939453125,-0.02045332679291454,-0.0010021684919482021,7.899949315160349e-05,6352.182545836859,False,True,True,Omega_safe_one_step_QP,False,0.33251953125,0.0,9.148851568259687,False,False,False
796,-87.25106031772339,-5053.259182369083,10.625124596198846,4.754579144412381,42.05296618759291,24.91475802198443,0.2,0.0,0.0,25.331040140082774,50.23069255487759,203.47089928174626,215.71379387808113,0.0,0.0,0.0,0.0,-1.3877787807814457e-16,1.1188966420050406e-16,0.055419921875,0.0,nan,nan,-0.0007319020287007323,1.5113135714545263e-05,6497.69726737158,False,True,True,Omega_safe_one_step_QP,False,0.33251953125,0.0,0.0,False,False,False,0.2,-0.18503868579864502,-0.02923906408250332,25.253385418273417,50.20951182089368,199.61681230354932,215.1517240017521,-0.9251934289932251,-0.14619532227516174,-0.09887963771322812,-0.013352607317910754,-0.09887963771322804,-0.013352607317910794,0.055419921875,0.0,-0.387939453125,-0.07005785369287651,-0.0007318231318540654,1.4827878333074918e-05,6410.446207053857,False,True,True,Omega_safe_one_step_QP,False,0.33251953125,0.0,9.977712601836929,False,False,False
797,-78.14231015433961,-5131.401492523422,9.60174600603852,5.035718198419052,41.01927840309545,22.96422833999673,0.2,0.0,0.0,25.32689887593698,50.23230680588523,204.26616109396045,215.97163418199733,0.0,0.0,0.0,0.0,-4.163336342344337e-17,-1.5612511283791264e-17,0.055419921875,0.0,nan,nan,0.0004518293593200281,-6.375657045724469e-05,6407.993468824361,False,True,True,Omega_safe_one_step_QP,False,0.33251953125,0.0,0.0,False,False,False,0.2,-0.18727229535579681,-0.05137122422456741,25.24645585209244,50.2105680859864,200.75184798031995,214.47771511736067,-0.9363614916801453,-0.25685611367225647,-0.10296364703625108,-0.023878847175141035,-0.10296364703625116,-0.023878847175141146,0.055419921875,0.0,-0.387939453125,-0.12161923802940168,0.0004505695457671429,-6.349147006387817e-05,6329.8511586700215,False,True,True,Omega_safe_one_step_QP,False,0.33251953125,0.0,10.569631948852065,False,False,False
798,-51.15000728716859,-5182.551499810591,12.058541749004954,6.723637498048756,37.0475548325499,25.595498300448003,0.2,0.0,0.0,25.341166565865812,50.232463157128954,201.44947994398262,215.37419516212458,0.0,0.0,0.0,0.0,6.938893903907228e-17,1.231653667943533e-16,0.055419921875,0.0,nan,nan,-0.0010572620306402397,3.4775625277372324e-05,6599.95213101207,False,True,True,Omega_safe_one_step_QP,False,0.33251953125,0.0,0.0,False,False,False,0.2,-0.18527695536613464,-0.031414709985256195,25.258201524255522,50.21025972214292,199.1295294962293,214.96982291898425,-0.9263847470283508,-0.15707354247570038,-0.09792778299110438,-0.014123511466480415,-0.09792778299110436,-0.014123511466480415,0.055419921875,0.0,-0.387939453125,-0.07517398025753201,-0.0010522028692369415,3.423726951035013e-05,6548.802123724901,False,True,True,Omega_safe_one_step_QP,False,0.33251953125,0.0,9.894101403208193,False,False,False
799,-55.671015207442906,-5238.222515018034,10.807072075456858,6.0922917903476765,42.69102689586284,25.78560403619349,0.2,0.0,0.0,25.330467873976968,50.23415259432866,203.53657425248593,215.91227776211608,0.0,0.0,0.0,0.0,6.938893903907228e-17,1.196959198423997e-16,0.055419921875,0.0,nan,nan,-0.00010098722544250914,4.677218487219876e-05,6517.706198367642,False,True,True,Omega_safe_one_step_QP,False,0.33251953125,0.0,0.0,False,False,False,0.2,-0.18934965133666992,-0.0380491204559803,25.24605289008432,50.211629228671235,200.99041614907912,215.1731938221993,-0.9467482566833496,-0.1902455985546112,-0.10492981305386645,-0.018232320786128,-0.10492981305386657,-0.018232320786127874,0.055419921875,0.0,-0.387939453125,-0.08909144614514622,-0.00010009792958291276,4.652970102013258e-05,6462.035183160199,False,True,True,Omega_safe_one_step_QP,False,0.33251953125,0.0,10.650203373066471,False,False,False
800,-32.511110622530396,-5270.733625640564,12.581859240711339,5.697009614898412,42.137837528293815,20.203729023523408,0.2,0.0,0.0,25.335834496373938,50.2364018274012,202.45000534197624,215.80470220788217,0.0,0.0,0.0,0.0,-1.3877787807814457e-16,-1.8214596497756474e-17,0.055419921875,0.0,nan,nan,-0.0020984394106854575,-9.605420132616053e-05,6679.706138495569,False,True,True,Omega_safe_one_step_QP,False,0.33251953125,0.0,0.0,False,False,False,0.2,-0.182714581489563,-0.03504498675465584,25.249729777266015,50.213538691300684,200.89329389188336,215.29232072593538,-0.9135729074478149,-0.1752249300479889,-0.10021378595180694,-0.016810533499211647,-0.10021378595180684,-0.016810533499211737,0.055419921875,0.0,-0.387939453125,-0.08503712893497241,-0.0020908265090799558,-9.639387170020178e-05,6647.195027873038,False,True,True,Omega_safe_one_step_QP,False,0.33251953125,0.0,10.16139603170878,False,False,False
801,-67.87945892986318,-5338.613084570427,11.47963085737111,4.304229294294413,35.47131534877518,27.317056261650393,0.2,0.0,0.0,25.31033403560842,50.235620246839744,207.48415989718208,216.83015984271628,0.0,0.0,0.0,0.0,5.551115123125783e-17,-1.474514954580286e-17,0.055419921875,0.0,nan,nan,-0.002089804810431194,7.342777839902496e-05,6689.280835932959,False,True,True,Omega_safe_one_step_QP,False,0.33251953125,0.0,0.0,False,False,False,0.2,-0.19527027010917664,-0.09948073327541351,25.22344851882592,50.21256773276644,204.52400344098075,213.29533132882935,-0.9763513207435608,-0.49740365147590637,-0.11758127756140344,-0.04757383558832066,-0.11758127756140338,-0.047573835588320776,0.055419921875,0.0,-0.387939453125,-0.22587010150018896,-0.002087379533764904,7.275750250580401e-05,6621.401377003096,False,True,True,Omega_safe_one_step_QP,False,0.33251953125,0.0,12.684095027062977,False,False,False
802,-75.18549676885505,-5413.7985813392825,9.850904265328378,4.679819613033982,41.27641877244038,22.457815945986237,0.2,0.0,0.0,25.28912903201172,50.23901201152317,211.622416381249,217.904223374764,0.0,0.0,0.0,0.0,8.326672684688674e-17,6.591949208711867e-17,0.055419921875,0.0,nan,nan,5.7413979299919884e-06,-7.444069683746907e-05,6611.484865873854,False,True,True,Omega_safe_one_step_QP,False,0.33251953125,0.0,0.0,False,False,False,0.2,-0.19605085253715515,-0.08509170264005661,25.200251530464616,50.21562612791071,208.26240505935723,214.87283946891898,-0.9802542328834534,-0.42545852065086365,-0.12728238007167836,-0.0435027698261061,-0.1272823800716783,-0.043502769826105965,0.055419921875,0.0,-0.387939453125,-0.19243070668632548,3.3736980301884295e-06,-7.418281389835919e-05,6536.299369104999,False,True,True,Omega_safe_one_step_QP,False,0.33251953125,0.0,13.451132018999136,False,False,False
803,-51.73197094754414,-5465.530552286827,9.490160107960197,4.935850418024086,41.10839442760092,28.891829394517938,0.2,0.0,0.0,25.302769812619374,50.24008038313123,208.91859582742313,217.38333666033907,0.0,0.0,0.0,0.0,-2.7755575615628914e-17,-1.3357370765021415e-16,0.055419921875,0.0,nan,nan,0.0005111473960878908,0.00011350358975367996,6506.759513234202,False,True,True,Omega_safe_one_step_QP,False,0.33251953125,0.0,0.0,False,False,False,0.2,-0.19673293828964233,-0.11989809572696686,25.2115124948406,50.216302542223524,206.56350142675674,212.9966666764461,-0.9836646914482117,-0.5994904637336731,-0.12367278165986553,-0.05814396300775048,-0.12367278165986556,-0.058143963007750495,0.055419921875,0.0,-0.387939453125,-0.2702035828232068,0.0005075858391739851,0.00011325220050361143,6455.027542286658,False,True,True,Omega_safe_one_step_QP,False,0.33251953125,0.0,13.66589819870449,False,False,False
804,-18.13674369147975,-5483.667295978306,8.841699283188396,6.1722927965350625,40.43474094146563,25.27509284454651,0.2,0.0,0.0,25.321752310119575,50.244485279652686,205.12246592157143,216.82099078733066,0.0,0.0,0.0,0.0,1.3877787807814457e-17,7.28583859910259e-17,0.055419921875,0.0,nan,nan,0.0017719656101181955,-7.991887336157404e-06,6346.158847913165,False,True,True,Omega_safe_one_step_QP,False,0.33251953125,0.0,0.0,False,False,False,0.2,-0.19292190670967102,-0.07568641006946564,25.22892032248497,50.22050547086524,204.1263941438422,214.58105678749445,-0.9646095037460327,-0.378432035446167,-0.11487877098780351,-0.037524376139334015,-0.11487877098780362,-0.0375243761393341,0.055419921875,0.0,-0.387939453125,-0.17393711288003688,0.0017652573068873117,-7.897763665733713e-06,6328.022104221685,False,True,True,Omega_safe_one_step_QP,False,0.33251953125,0.0,12.085202037332454,False,False,False
805,78.94232488551097,-5404.724971092795,11.375414303745174,6.125364576205615,36.83848019473043,22.43806659408876,0.2,0.0,0.0,25.35649439763214,50.24585981594978,198.2551835732475,215.42845864452764,0.0,0.0,0.0,0.0,-3.469446951953614e-17,6.938893903907228e-17,0.26014284641297625,-0.05033574002966734,nan,nan,-0.0008025614662153539,-7.1222704245851e-05,6448.726289761964,True,True,True,Z_mode_existing_controller,False,0.05060201485354432,0.0,0.0,False,False,False,0.2,-0.14645591378211975,-0.062130898237228394,25.263147159101276,50.22184137850922,201.25841581959165,214.1304881932255,-0.7322795391082764,-0.31065449118614197,-0.0775411290547299,-0.028590357060309574,-0.07754112905472996,-0.028590357060309712,0.055419921875,0.0,-0.387939453125,-0.18808606289279942,-0.0007930178109775213,-7.049329468436071e-05,6527.668614647475,False,True,True,Omega_safe_one_step_QP,False,0.33251953125,0.0,8.264402707950698,False,False,False
806,18.758881566477612,-5385.966089526318,10.778079632788003,5.246846212109371,33.941867761133636,28.20535033788433,0.2,0.0,0.0,25.3469348359384,50.24490020081788,200.1488860505445,215.77293546004665,0.0,0.0,0.0,0.0,-1.0408340855860843e-16,1.0581813203458523e-16,0.26014284641297625,-0.05033574002966734,nan,nan,-0.0008218710585411147,8.333256591288446e-05,6433.455825280144,True,True,True,Z_mode_existing_controller,False,0.05060201485354432,0.0,0.0,False,False,False,0.2,-0.1802443265914917,-0.03699317201972008,25.256556638381298,50.221467408130785,200.6677809261549,215.4505013758277,-0.9012216329574585,-0.1849658489227295,-0.09806517093600185,-0.01819100223079392,-0.09806517093600177,-0.01819100223079392,0.055419921875,0.0,-0.387939453125,-0.09099465118312795,-0.0008182128880605422,8.340160274082978e-05,6452.214706846622,False,True,True,Omega_safe_one_step_QP,False,0.33251953125,0.0,9.973810862888868,False,False,False
807,8.620362045729962,-5377.345727480588,9.235904569973739,4.853514014066857,38.580210839298594,25.81248190654305,0.2,0.0,0.0,25.338654732338956,50.247328282769296,201.75050105502132,216.249810634276,0.0,0.0,0.0,0.0,6.938893903907228e-17,8.158621347953421e-17,0.055419921875,0.0,nan,nan,0.0006773687084742825,8.253386095812172e-06,6308.640427246227,False,True,True,Omega_safe_one_step_QP,False,0.33251953125,0.0,0.0,False,False,False,0.2,-0.1825660914182663,-0.01726583018898964,25.249133583101294,50.22404210798454,201.83956399069984,216.7124947204543,-0.9128304719924927,-0.0863291472196579,-0.1022275582059014,-0.010338041845542802,-0.10222755820590144,-0.010338041845542791,0.055419921875,0.0,-0.387939453125,-0.04192984371839751,0.0006723034014949041,8.216088460440488e-06,6317.260789291957,False,True,True,Omega_safe_one_step_QP,False,0.33251953125,0.0,10.274895992632322,False,False,False
808,40.71421553354958,-5336.631511947038,9.477225903390455,2.3720042153004086,39.48433722861221,25.183546362862046,0.2,0.0,0.0,25.354180702408737,50.248497390094826,198.67385736443504,215.65509516201362,0.0,0.0,0.0,0.0,1.249000902703301e-16,4.423544863740858e-17,0.26014284641297625,-0.05033574002966734,nan,nan,-0.0008544421734519169,-3.655532331428915e-06,6261.271074038987,True,True,True,Z_mode_existing_controller,False,0.05060201485354432,0.0,0.0,False,False,False,0.2,-0.1688239723443985,-0.01413238700479269,25.265034328944,50.22526430760454,200.11786889983222,216.38929657594835,-0.8441198468208313,-0.07066193222999573,-0.08947272790867464,-0.007767181152325837,-0.08947272790867453,-0.0077671811523257386,0.055419921875,0.0,-0.387939453125,-0.037113960669762094,-0.0008587568135318083,-3.7815466902143755e-06,6301.985289572536,False,True,True,Omega_safe_one_step_QP,False,0.33251953125,0.0,8.980923194456548,False,False,False
809,11.488255936953465,-5325.143256010085,9.751296587150064,5.4349396581188625,40.2714414879792,23.033470674646207,0.2,0.0,0.0,25.34418148758597,50.24894781895925,200.6376440184567,216.09561923443715,0.0,0.0,0.0,0.0,-2.7755575615628914e-17,1.0321604682062002e-16,0.26014284641297625,-0.05033574002966734,nan,nan,0.0004979720736813854,-6.201211950274555e-05,6335.88191404126,True,True,True,Z_mode_existing_controller,False,0.05060201485354432,0.0,0.0,False,False,False,0.2,-0.183447003364563,0.0010303000453859568,25.256516940746582,50.22597435544643,200.82862295093724,217.3908048856629,-0.9172350168228149,0.00515149999409914,-0.10056045763660493,-0.001943638860816126,-0.10056045763660496,-0.0019436388608162058,0.055419921875,0.0,-0.387939453125,0.002490055306474576,0.0004955732791250642,-6.209111453247575e-05,6347.370169978213,False,True,True,Omega_safe_one_step_QP,False,0.33251953125,0.0,10.057923926986481,False,False,False
810,20.612556571432833,-5304.530699438652,9.266951015380666,4.756910847189852,43.25781235560177,29.396484719204544,0.2,0.0,0.0,25.356091370116847,50.248534994378204,198.2924813672907,215.56618429627096,0.0,0.0,0.0,0.0,1.1796119636642288e-16,-3.8163916471489756e-17,0.26014284641297625,-0.05033574002966734,nan,nan,0.0007093303274362829,0.00013352627796929875,6228.348751300234,True,True,True,Z_mode_existing_controller,False,0.05060201485354432,0.0,0.0,False,False,False,0.2,-0.18442223966121674,-0.025038722902536392,25.26891685271764,50.22560539234475,198.90393707660505,215.80845855105463,-0.9221112132072449,-0.12519361078739166,-0.0968637508435336,-0.012552692599360886,-0.0968637508435336,-0.012552692599360978,0.055419921875,0.0,-0.387939453125,-0.060194218209579896,0.0007043620781556565,0.00013345625986541532,6248.961307871667,False,True,True,Omega_safe_one_step_QP,False,0.33251953125,0.0,9.7673723789831,False,False,False
811,32.77340610968986,-5271.757293328962,9.376316576068463,4.948213505262709,41.9773290428322,24.618939847802388,0.2,0.0,0.0,25.36923328105118,50.2516700350565,195.66269691241834,215.17995144255735,0.0,0.0,0.0,0.0,2.949029909160572e-17,-1.4051260155412137e-16,0.26014284641297625,-0.05033574002966734,nan,nan,0.0006668992638885239,-1.3186493902222172e-05,6177.202187742746,True,True,True,Z_mode_existing_controller,False,0.05060201485354432,0.0,0.0,False,False,False,0.2,-0.18355974555015564,-0.02687188796699047,25.282848893906657,50.22888136555402,196.79202649301314,215.4126674223683,-0.9177986979484558,-0.1343594342470169,-0.09156070037295602,-0.012650004384946551,-0.09156070037295598,-0.012650004384946569,0.055419921875,0.0,-0.387939453125,-0.06490477211333667,0.0006627665684275225,-1.3315789528245588e-05,6209.975593852436,False,True,True,Omega_safe_one_step_QP,False,0.33251953125,0.0,9.24304303988972,False,False,False
812,40.88424104211299,-5230.873052286849,10.411419379845938,4.130598536571306,41.36866143333428,24.8611821647967,0.2,0.0,0.0,25.379554455317166,50.25145468571794,193.62840647645655,214.72827176225252,0.0,0.0,0.0,0.0,3.122502256758253e-17,1.249000902703301e-16,0.26014284641297625,-0.05033574002966734,nan,nan,-0.0008925989149151161,6.930801888434604e-06,6235.109918198458,True,True,True,Z_mode_existing_controller,False,0.05060201485354432,0.0,0.0,False,False,False,0.2,-0.18285341560840607,-0.033977653831243515,25.294388963184918,50.228888270166955,195.08258540004127,214.71744566181854,-0.9142670631408691,-0.16988827288150787,-0.08730431223192613,-0.014946212591196233,-0.087304312231926,-0.014946212591196292,0.055419921875,0.0,-0.387939453125,-0.08238463206423119,-0.0008903220109356784,7.029857877671221e-06,6275.994159240571,False,True,True,Omega_safe_one_step_QP,False,0.33251953125,0.0,8.857444442451138,False,False,False
813,18.486104965415507,-5212.386947321434,6.6831625426865156,7.480516977315634,41.06846783654457,27.96751895194146,0.2,0.0,0.0,25.364801337847677,50.251326540289355,196.53617654410965,215.337157057216,0.0,0.0,0.0,0.0,1.214306433183765e-16,-1.0061396160665481e-16,0.26014284641297625,-0.05033574002966734,nan,nan,0.004376820634153693,4.532809835626223e-05,5918.511181739701,True,True,True,Z_mode_existing_controller,False,0.05060201485354432,0.0,0.0,False,False,False,0.2,-0.18740423023700714,-0.01242957916110754,25.281209078844228,50.22904509344494,197.08659224449667,216.14682948336434,-0.9370211362838745,-0.06214789301156998,-0.09459994910701046,-0.006482281763650317,-0.09459994910701036,-0.0064822817636501825,0.055419921875,0.0,-0.387939453125,-0.02940579538365959,0.004359414448282242,4.4984388477395734e-05,5936.9972867051165,False,True,True,Omega_safe_one_step_QP,False,0.33251953125,0.0,9.482178203299222,False,False,False
814,310.8395477784961,-4901.5473995429375,10.721861894155165,2.6673032134104053,37.11204350963391,23.321431257562928,0.2,0.0,0.0,25.43149485094149,50.2524182507499,183.37340130704504,212.58375684645662,0.0,0.0,0.0,0.0,9.71445146547012e-17,6.938893903907228e-18,0.055419921875,0.0,nan,nan,-0.0022243661466843498,-5.303950470334547e-05,6018.06654942969,False,True,True,Omega_safe_one_step_QP,False,0.33251953125,0.0,0.0,False,False,False,0.2,0.029946891590952873,0.09724076837301254,25.34844249860012,50.23024450395113,196.00259554048213,214.44267909159078,0.14973445236682892,0.4862038493156433,0.025899528699895452,0.003936463083041387,0.025899528699895417,0.00393646308304128,0.26014284641297625,-0.05033574002966734,0.27572656791638883,0.00026627482387697743,-0.0022123902062763266,-5.193692359184432e-05,6328.906097208186,True,True,True,Z_mode_existing_controller,False,0.05060201485354432,0.0,2.6196971742566904,False,False,False
815,63.998997012897235,-4837.54840253004,10.31447628546432,4.581108486912809,38.42510833347715,22.98926070505572,0.2,0.0,0.0,25.3882808637829,50.24949639452091,191.92475074212757,214.23739896611804,0.0,0.0,0.0,0.0,4.85722573273506e-17,6.591949208711867e-17,0.26014284641297625,-0.05033574002966734,nan,nan,-0.0006081228653595311,-6.242078144643674e-05,6184.471615370365,True,True,True,Z_mode_existing_controller,False,0.05060201485354432,0.0,0.0,False,False,False,0.2,-0.1779250204563141,-0.014598608016967773,25.315988282662083,50.22935657602314,194.37940126627817,214.41618424354937,-0.889625072479248,-0.07299304008483887,-0.059504836629855506,-0.010351833579132518,-0.05950483662985548,-0.01035183357913242,0.26014284641297625,-0.05033574002966734,-0.32560894130464346,-0.09839621360554204,-0.0006060002780258616,-6.23191925128129e-05,6248.470612383262,True,True,True,Z_mode_existing_controller,False,0.05060201485354432,0.0,6.0398559923195405,False,False,False
816,19.53177597951344,-4818.016626550527,6.380083247445437,4.94907313562334,40.676406959773445,25.726438305896885,0.2,0.0,0.0,25.376391768261715,50.24772213137945,194.28728455685703,214.63518853944134,0.0,0.0,0.0,0.0,-9.8879238130678e-17,-4.85722573273506e-17,0.26014284641297625,-0.05033574002966734,nan,nan,0.003754947090950098,-2.6390024063706156e-05,5837.056196392556,True,True,True,Z_mode_existing_controller,False,0.05060201485354432,0.0,0.0,False,False,False,0.2,-0.1950136423110962,-0.013714958913624287,25.306428766072898,50.22801484521922,194.9474822906669,214.643726920185,-0.975068211555481,-0.06857479363679886,-0.06537804853402257,-0.01000717826973923,-0.06537804853402261,-0.010007178269739101,0.26014284641297625,-0.05033574002966734,-0.32560894130464346,-0.09153061033168222,0.003738761199132447,-2.6854148660469986e-05,5856.587972372069,True,True,True,Z_mode_existing_controller,False,0.05060201485354432,0.0,6.613949536426292,False,False,False
817,206.22435774197402,-4611.792268808553,9.87826460835306,3.9954323631133892,42.08290438897124,26.222048326089958,0.2,0.0,0.0,25.431907995336037,50.24703993893073,183.3488463517915,212.2548842733902,0.0,0.0,0.0,0.0,-1.3877787807814457e-16,-6.938893903907228e-18,0.055419921875,0.0,nan,nan,-0.00037073679829374793,4.319984652941325e-05,5932.881003235974,False,True,True,Omega_safe_one_step_QP,False,0.33251953125,0.0,0.0,False,False,False,0.2,0.05001182481646538,-0.012564094737172127,25.36253750629663,50.22747115682999,191.81734729516896,212.84508722501644,0.2500591278076172,-0.06282047182321548,0.022025503380953694,-0.0025912090701460805,0.022025503380953756,-0.002591209070146157,0.055419921875,0.0,0.387939453125,-0.08353638180404106,-0.0003711454008729553,4.305107050849716e-05,6139.105360977948,False,True,True,Omega_safe_one_step_QP,False,0.33251953125,0.0,2.2177402093789254,False,False,False
818,130.93233945755765,-4480.859929350995,8.93326305328919,5.202609413092008,37.67969405687535,27.658487364992506,0.2,0.0,0.0,25.416494203122063,50.246053187686904,186.39696624783392,212.84438758690854,0.0,0.0,0.0,0.0,-4.163336342344337e-17,-1.3877787807814457e-17,0.055419921875,0.0,nan,nan,0.0011636809542789602,5.86173609360037e-05,5912.562388734906,False,True,True,Omega_safe_one_step_QP,False,0.33251953125,0.0,0.0,False,False,False,0.2,-0.023470452055335045,-0.015686696395277977,25.35427353635986,50.227858328708336,191.8003827625515,213.35308875752972,-0.11735225468873978,-0.07843347638845444,0.004085504305006798,-0.0014251825869171994,0.004085504305006926,-0.0014251825869171023,0.26014284641297625,-0.05033574002966734,0.18443205724509437,-0.10093775488321166,0.001155846217628313,5.782952721503955e-05,6043.494728192463,True,True,True,Z_mode_existing_controller,False,0.05060201485354432,0.0,0.4326949367889868,False,False,False
819,107.22912985485254,-4373.630799496143,10.732940011787203,4.523190968427793,40.74461916905955,25.1429045709019,0.2,0.0,0.0,25.42662064004266,50.24585067480934,184.40092017687698,212.40162641612312,0.0,0.0,0.0,0.0,-6.938893903907228e-17,-1.1102230246251565e-16,0.055419921875,0.0,nan,nan,-0.0010325618719167842,1.6591679738968065e-05,6042.857181695975,False,True,True,Omega_safe_one_step_QP,False,0.33251953125,0.0,0.0,False,False,False,0.2,-0.01650458388030529,0.04041531682014465,25.368927629976568,50.22852639911577,188.628066209955,214.42550487162902,-0.0825229212641716,0.20207658410072327,-0.0007597493394104829,0.014784552148561739,-0.000759749339410358,0.014784552148561707,0.055419921875,0.0,-0.08037256788274275,0.33251953125,-0.0010265135231975534,1.6968457467745994e-05,6150.086311550827,False,True,True,Omega_safe_one_step_QP,False,0.33251953125,0.0,1.480406029750888,False,False,False
820,12.90811029103952,-4360.722689205103,10.107462796490983,4.8284361994161085,41.2435299640167,27.028418015287244,0.2,0.0,0.0,25.402153208000048,50.24449841081841,189.2381549958922,213.35224517227576,0.0,0.0,0.0,0.0,0.0,3.469446951953614e-18,0.055419921875,0.0,nan,nan,-0.000176364261919621,6.72890715183519e-05,6097.749808516314,False,True,True,Omega_safe_one_step_QP,False,0.33251953125,0.0,0.0,False,False,False,0.2,-0.09945109486579895,0.00028191227465867996,25.348225463758077,50.22783474288188,189.601111443938,213.71742445668826,-0.49725547432899475,0.0014095613732933998,-0.033374400445374486,-0.0008413544976059659,-0.033374400445374514,-0.0008413544976060283,0.26014284641297625,-0.05033574002966734,-0.32560894130464346,-0.04867531970866743,-0.00017542906546827225,6.73050041289985e-05,6110.657918807354,True,True,True,Z_mode_existing_controller,False,0.05060201485354432,0.0,3.338500385620558,False,False,False
821,67.89620436492169,-4292.826484840181,10.615888706120872,3.5817341419391293,40.04262435193626,22.267169199181,0.2,0.0,0.0,25.394533505024548,50.244914681413576,190.73326144833004,213.69072289071005,0.0,0.0,0.0,0.0,-1.1102230246251565e-16,-9.020562075079397e-17,0.26014284641297625,-0.05033574002966734,nan,nan,-0.0014748778787384807,-7.375682330772095e-05,6186.448191518027,True,True,True,Z_mode_existing_controller,False,0.05060201485354432,0.0,0.0,False,False,False,0.2,-0.08352356404066086,-0.013202416710555553,25.341150161988963,50.228333113106544,193.39616456102613,213.55539691541455,-0.4176177978515625,-0.06601208448410034,-0.005874751882216355,-0.005071752720713134,-0.005874751882216396,-0.005071752720713085,0.26014284641297625,-0.05033574002966734,-0.059984954493910336,-0.10093775488321166,-0.0014714660127445444,-7.350621173678532e-05,6254.344395882948,True,True,True,Z_mode_existing_controller,False,0.05060201485354432,0.0,0.7761145877875751,False,False,False
822,-76.04270942305538,-4368.869194263237,10.268195065633119,6.19237440779135,41.99525960362904,26.56437877674441,0.2,0.0,0.0,25.368671452689654,50.24274123443142,195.85509175968159,214.6549148870453,0.0,0.0,0.0,0.0,6.245004513516506e-17,-8.326672684688674e-17,0.26014284641297625,-0.05033574002966734,nan,nan,0.0004534444490871516,5.8582332051039174e-05,6273.743649487239,True,True,True,Z_mode_existing_controller,False,0.05060201485354432,0.0,0.0,False,False,False,0.2,-0.18339361250400543,-0.013401626609265804,25.31772999662234,50.22662747403438,192.52431242165736,213.99018848378142,-0.916968047618866,-0.0670081302523613,-0.061600353156572085,-0.009706043932741944,-0.06160035315657206,-0.009706043932741923,0.26014284641297625,-0.05033574002966734,-0.32560894130464346,-0.09313999388300162,0.0004537221847686788,5.845943693598334e-05,6197.700940064184,True,True,True,Z_mode_existing_controller,False,0.05060201485354432,0.0,6.236033032175759,False,False,False
823,-70.40369881081097,-4439.272893074048,9.205486133969957,3.8293047707867602,36.54901071300178,21.71747631342409,0.2,0.0,0.0,25.375976815566318,50.24401543489465,194.39781380874246,214.41213973935496,0.0,0.0,0.0,0.0,1.231653667943533e-16,1.3877787807814457e-17,0.26014284641297625,-0.05033574002966734,nan,nan,0.0001456891774745643,-0.0001218024975866653,6131.3748406519635,True,True,True,Z_mode_existing_controller,False,0.05060201485354432,0.0,0.0,False,False,False,0.2,-0.18648937344551086,-0.01697511039674282,25.322566794500005,50.227419362197196,191.24942398563533,213.5320828981142,-0.9324468374252319,-0.08487554639577866,-0.057228262502261026,-0.011324085580159286,-0.05722826250226104,-0.011324085580159154,0.26014284641297625,-0.05033574002966734,-0.29577330520914413,-0.10093775488321166,0.00014621716312728742,-0.00012139737880069879,6060.9711418411525,True,True,True,Z_mode_existing_controller,False,0.05060201485354432,0.0,5.8337886002618005,False,False,False
824,-93.65642519392077,-4532.9293182679685,11.235094665814241,4.196924389294461,41.14594706361099,20.70729779611375,0.2,0.0,0.0,25.37745683970691,50.24145258293168,194.1340758905525,214.20366974955394,0.0,0.0,0.0,0.0,4.336808689942018e-17,1.3183898417423734e-16,0.26014284641297625,-0.05033574002966734,nan,nan,-0.0017481388212513514,-0.00010731701441571082,6332.723207746106,True,True,True,Z_mode_existing_controller,False,0.05060201485354432,0.0,0.0,False,False,False,0.2,-0.18949387967586517,-0.005851307883858681,25.32173962810136,50.22442130697422,190.1056650004579,213.8772319214771,-0.9474694132804871,-0.029256539419293404,-0.06394228178601179,-0.005345168401085065,-0.06394228178601193,-0.005345168401085041,0.26014284641297625,-0.05033574002966734,-0.32560894130464346,-0.06842294189243524,-0.0017479098133923194,-0.00010789226919043476,6239.066782552185,True,True,True,Z_mode_existing_controller,False,0.05060201485354432,0.0,6.416530390513017,False,False,False
825,-75.11373172632011,-4608.043049994289,9.495150403676618,5.2991097846493425,40.31428229129985,23.75618209798189,0.2,0.0,0.0,25.350318953560926,50.239145166821814,199.50899955686685,215.21422098771944,0.0,0.0,0.0,0.0,8.326672684688674e-17,9.8879238130678e-17,0.26014284641297625,-0.05033574002966734,nan,nan,0.0006859096610778766,-4.371293933840611e-05,6282.350162539145,True,True,True,Z_mode_existing_controller,False,0.05060201485354432,0.0,0.0,False,False,False,0.2,-0.16474519670009613,-0.008277363143861294,25.291586694826393,50.22150408052459,196.15042259070253,214.73295365642574,-0.8237259984016418,-0.041386812925338745,-0.05572661391665278,-0.006515767971842279,-0.055726613916652824,-0.006515767971842399,0.26014284641297625,-0.05033574002966734,-0.32560894130464346,-0.07976591678881689,0.0006858046669463878,-4.3482634538218046e-05,6207.236430812824,True,True,True,Z_mode_existing_controller,False,0.05060201485354432,0.0,5.610624502565274,False,False,False
826,-38.91294902420577,-4646.955999018494,7.983582099063183,4.883714665732105,42.63773187822531,28.8861372051108,0.2,0.0,0.0,25.364144097453636,50.23895033161302,196.78371425574417,214.6161588057373,0.0,0.0,0.0,0.0,1.3877787807814457e-16,1.3877787807814457e-17,0.26014284641297625,-0.05033574002966734,nan,nan,0.0020904739490097465,9.65876511063949e-05,6059.8495583951735,True,True,True,Z_mode_existing_controller,False,0.05060201485354432,0.0,0.0,False,False,False,0.2,-0.11764778196811676,0.009913898073136806,25.302946397001445,50.22082846432252,194.88337505150653,215.2175797390037,-0.5882388949394226,0.04956948757171631,-0.03987496468076339,0.004616440604134769,-0.03987496468076342,0.004616440604134695,0.26014284641297625,-0.05033574002966734,-0.32560894130464346,-0.000975833515119505,0.0020868881995765574,9.707459528084886e-05,6020.936609370968,True,True,True,Z_mode_existing_controller,False,0.05060201485354432,0.0,4.014130456454579,False,False,False
827,43.13764912110855,-4603.818349897386,7.273782744580048,3.7069759038513075,38.98875035965929,23.06089627392177,0.2,0.0,0.0,25.396784326540047,50.24113903354974,190.32122472412811,213.3569341028262,0.0,0.0,0.0,0.0,9.71445146547012e-17,-2.7755575615628914e-17,0.055419921875,0.0,nan,nan,0.002303451053264328,-9.720994292180402e-05,5838.39403268306,False,True,True,Omega_safe_one_step_QP,False,0.33251953125,0.0,0.0,False,False,False,0.2,-0.08742055296897888,-0.01603364758193493,25.334259805166592,50.222744670621836,192.03956500950812,212.94292345710284,-0.4371027648448944,-0.0801682397723198,-0.0025782927202001524,-0.005308387309128977,-0.0025782927202000934,-0.005308387309128859,0.26014284641297625,-0.05033574002966734,-0.015755454159966986,-0.10093775488321166,0.002290357655018764,-9.789684492548037e-05,5881.531681804168,True,True,True,Z_mode_existing_controller,False,0.05060201485354432,0.0,0.5901404000299975,False,False,False
828,142.32361889367075,-4461.494731003715,10.600612577045169,4.1982612670947175,38.50194689516809,25.68463386954276,0.2,0.0,0.0,25.42726784456137,50.23844301784703,184.3413773701552,211.91994002999593,0.0,0.0,0.0,0.0,-1.249000902703301e-16,1.3877787807814457e-16,0.055419921875,0.0,nan,nan,-0.0011425191017564924,2.2240345701972017e-05,6029.28483701017,False,True,True,Omega_safe_one_step_QP,False,0.33251953125,0.0,0.0,False,False,False,0.2,0.0827416181564331,-0.06778565794229507,25.3662095903847,50.22035979050123,190.12666252713947,210.1205111362679,0.4137080907821655,-0.3389282822608948,0.039265241685838115,-0.01902011879934247,0.03926524168583802,-0.019020118799342456,0.055419921875,0.0,0.387939453125,-0.27241496730013276,-0.0011363926595755799,2.279619203018543e-05,6171.608455903841,False,True,True,Omega_safe_one_step_QP,False,0.33251953125,0.0,4.362939518018058,False,False,False
829,-90.55190878641406,-4552.046639790129,11.20586318560115,4.061303663305509,41.9434994114614,26.168137903331374,0.2,0.0,0.0,25.401124109521618,50.237214624902435,189.50762394964394,212.94796834284662,0.0,0.0,0.0,0.0,1.1102230246251565e-16,-8.326672684688674e-17,0.055419921875,0.0,nan,nan,-0.0017847593503228392,5.941582624658607e-05,6215.610003182006,False,True,True,Omega_safe_one_step_QP,False,0.33251953125,0.0,0.0,False,False,False,0.2,-0.14362645149230957,-0.02641548216342926,25.345107747216566,50.22015505766979,185.6141998240292,212.24094415297768,-0.7181322574615479,-0.1320774108171463,-0.04955416935890888,-0.006907272576827848,-0.049554169358908766,-0.006907272576827973,0.055419921875,0.0,-0.387939453125,-0.08154174624949732,-0.0017840208676245975,5.88392938533017e-05,6125.058094395592,False,True,True,Omega_safe_one_step_QP,False,0.33251953125,0.0,5.003325009733029,False,False,False
830,-106.30378636023761,-4658.350426150367,8.430841728387998,4.430810521419806,41.912155006216246,22.307448328730274,0.2,0.0,0.0,25.36962328287915,50.23753509249875,195.7117319146977,214.28672453146038,0.0,0.0,0.0,0.0,-2.949029909160572e-17,7.979727989493313e-17,0.26014284641297625,-0.05033574002966734,nan,nan,0.0014018866250296584,-9.69294258183458e-05,6081.677154776308,True,True,True,Z_mode_existing_controller,False,0.05060201485354432,0.0,0.0,False,False,False,0.2,-0.1954735517501831,0.0008802725933492184,25.310709917281258,50.21989820591445,190.93576344935335,214.25078764718313,-0.9773677587509155,0.004401362966746092,-0.06620935277587055,-0.0014626497910481054,-0.06620935277587053,-0.0014626497910481852,0.26014284641297625,-0.05033574002966734,-0.32560894130464346,-0.047697934348967894,0.0014038267041772282,-9.598609838065188e-05,5975.373368416071,True,True,True,Z_mode_existing_controller,False,0.05060201485354432,0.0,6.622550671313075,False,False,False
831,-102.4044275573142,-4760.754853707681,10.112906958214237,6.688612279588045,39.70713183523826,21.44665256357244,0.2,0.0,0.0,25.39105244449169,50.23569119008241,191.5068151684382,213.27782777189842,0.0,0.0,0.0,0.0,-6.245004513516506e-17,1.3877787807814457e-17,0.26014284641297625,-0.05033574002966734,nan,nan,0.0008221304113556919,-0.00010663107724473864,6153.426803185281,True,True,True,Z_mode_existing_controller,False,0.05060201485354432,0.0,0.0,False,False,False,0.2,-0.18509262800216675,-0.0022183090914040804,25.32855714825729,50.21734896904078,187.01806571614154,213.0507098398585,-0.9254631400108337,-0.011091545224189758,-0.0628474210013545,-0.0031725904248615204,-0.06284742100135451,-0.0031725904248614163,0.26014284641297625,-0.05033574002966734,-0.32560894130464346,-0.057355892750093236,0.0008231495739724646,-0.00010666585793614198,6051.0223756279665,True,True,True,Z_mode_existing_controller,False,0.05060201485354432,0.0,6.292744756086498,False,False,False
832,-9.69448241390819,-4770.449336121589,10.527862792240198,5.009000720290029,41.39932312108173,24.867912235201594,0.2,0.0,0.0,25.40031302100891,50.23300526445692,189.71069194460188,212.73500082028187,0.0,0.0,0.0,0.0,-1.1796119636642288e-16,4.85722573273506e-17,0.055419921875,0.0,nan,nan,-0.0005075069613406453,8.639067890644885e-06,6152.146382192939,False,True,True,Omega_safe_one_step_QP,False,0.33251953125,0.0,0.0,False,False,False,0.2,-0.06587301194667816,-0.049540989100933075,25.33446898954007,50.21399133051603,189.15113217456502,210.846018744199,-0.3293650448322296,-0.24770493805408478,-0.023244030380027238,-0.019619110253753777,-0.023244030380027307,-0.01961911025375388,0.055419921875,0.0,-0.38672028267175423,-0.33251953125,-0.0005050958759836889,8.721471393684233e-06,6142.451899779031,False,True,True,Omega_safe_one_step_QP,False,0.33251953125,0.0,3.041700898274834,False,False,False
833,-44.10617899416866,-4814.555515115758,11.446644553180361,5.813929620973359,40.45054647527937,25.721064125480947,0.2,0.0,0.0,25.38815152630788,50.23235287239315,192.11373911298483,213.20597668157438,0.0,0.0,0.0,0.0,-7.632783294297951e-17,-1.1796119636642288e-16,0.26014284641297625,-0.05033574002966734,nan,nan,-0.0009742775855467947,4.320779859541806e-05,6304.106636786666,True,True,True,Z_mode_existing_controller,False,0.05060201485354432,0.0,0.0,False,False,False,0.2,-0.11880644410848618,0.002795387292280793,25.322174909176766,50.213345723506656,190.09455692812375,213.36920140367096,-0.5940322279930115,0.013976936228573322,-0.040401478394321094,0.0004350340610534201,-0.040401478394321205,0.00043503406105332293,0.26014284641297625,-0.05033574002966734,-0.32560894130464346,-0.03655363320790755,-0.0009708067812293523,4.287219804237786e-05,6260.000457792497,True,True,True,Z_mode_existing_controller,False,0.05060201485354432,0.0,4.040382050105003,False,False,False
834,-105.30099538615741,-4919.856510501915,10.460081298015615,6.423169705485195,42.649264568432166,24.587951636653536,0.2,0.0,0.0,25.37097792473299,50.23276673994507,195.4923163852165,213.94661933880653,0.0,0.0,0.0,0.0,-1.0234868508263162e-16,1.3877787807814457e-17,0.26014284641297625,-0.05033574002966734,nan,nan,0.0004196591727740006,4.427540346297644e-06,6285.07146048063,True,True,True,Z_mode_existing_controller,False,0.05060201485354432,0.0,0.0,False,False,False,0.2,-0.19133691489696503,-0.0030994934495538473,25.303703153901722,50.213466653124996,190.89537844084853,213.6674849594298,-0.9566845893859863,-0.015497466549277306,-0.0651423490535226,-0.0037519404351194566,-0.06514234905352258,-0.003751940435119363,0.26014284641297625,-0.05033574002966734,-0.32560894130464346,-0.059824415176712976,0.00042009081729349387,4.174897733923676e-06,6179.7704650944725,True,True,True,Z_mode_existing_controller,False,0.05060201485354432,0.0,6.525030802409788,False,False,False
835,-104.49739910257085,-5024.353909604486,8.196069648863809,4.845343744871586,36.04616006852355,23.940696033686788,0.2,0.0,0.0,25.377506492911117,50.23292862436214,194.2012702721979,213.67541459798156,0.0,0.0,0.0,0.0,1.1275702593849246e-16,-3.8163916471489756e-17,0.26014284641297625,-0.05033574002966734,nan,nan,0.0017201759494088877,-6.899755146253655e-05,6023.045909256575,True,True,True,Z_mode_existing_controller,False,0.05060201485354432,0.0,0.0,False,False,False,0.2,-0.1939367651939392,-0.00864764116704464,25.306805870494948,50.212939239151616,189.4680525889618,213.05077600119205,-0.969683825969696,-0.04323820397257805,-0.0661790929200665,-0.0070280894107986255,-0.06617909292006664,-0.007028089410798771,0.26014284641297625,-0.05033574002966734,-0.32560894130464346,-0.07645441468153877,0.0017216438877861043,-6.790044387442167e-05,5918.548510154004,True,True,True,Z_mode_existing_controller,False,0.05060201485354432,0.0,6.655123124697985,False,False,False
836,-17.775583831396943,-5042.129493435883,10.431889373765127,6.089404367905319,40.70263175882036,22.991953870188738,0.2,0.0,0.0,25.402474587238675,50.2314212938464,189.29474057125188,212.5360243178255,0.0,0.0,0.0,0.0,-2.7755575615628914e-17,7.632783294297951e-17,0.055419921875,0.0,nan,nan,0.00019835307548819302,-5.195551948969108e-05,6132.212232961661,False,True,True,Omega_safe_one_step_QP,False,0.33251953125,0.0,0.0,False,False,False,0.2,-0.07966017723083496,-0.04362260550260544,25.328267132894137,50.210759536968986,188.36619517043408,210.95886955616874,-0.3983008861541748,-0.2181130200624466,-0.02795619514322388,-0.01641169339765198,-0.02795619514322374,-0.01641169339765188,0.055419921875,0.0,-0.387939453125,-0.24278744767869243,0.00020077708734153425,-5.1826593208860114e-05,6114.436649130264,False,True,True,Omega_safe_one_step_QP,False,0.33251953125,0.0,3.2417472558244462,False,False,False
837,98.34269323354965,-4943.786800202333,9.511019129652077,6.554814828222617,39.89304808040402,27.08411237264216,0.2,0.0,0.0,25.40056181722269,50.229497027483106,189.692346363668,212.50554625857822,0.0,0.0,0.0,0.0,1.1102230246251565e-16,6.938893903907228e-18,0.055419921875,0.0,nan,nan,0.0013274565651293648,5.582933598216426e-05,6048.85210225331,False,True,True,Omega_safe_one_step_QP,False,0.33251953125,0.0,0.0,False,False,False,0.2,-0.0972665548324585,-0.07679548859596252,25.325956882313104,50.2087796610377,193.64963148360482,212.03898916895423,-0.4863327741622925,-0.3839774429798126,0.017500151431034346,-0.005906260344275556,0.017500151431034276,-0.0059062603442754935,0.26014284641297625,-0.05033574002966734,0.19605205485254712,-0.10093775488321166,0.0013241174679538216,5.554569338836555e-05,6147.194795486859,True,True,True,Z_mode_existing_controller,False,0.05060201485354432,0.0,1.846995428698988,False,False,False
838,64.15245896793931,-4879.634341234394,11.293289381689117,5.734133428795037,35.82720204798917,26.202208518466684,0.2,0.0,0.0,25.415920190391983,50.229795232278086,186.6590120176757,211.87005824910904,0.0,0.0,0.0,0.0,1.1102230246251565e-16,-2.0816681711721685e-17,0.055419921875,0.0,nan,nan,-0.0010140833439410816,3.491221117850503e-05,6155.225308154991,False,True,True,Omega_safe_one_step_QP,False,0.33251953125,0.0,0.0,False,False,False,0.2,0.0036759208887815475,-0.025039909407496452,25.34478940096646,50.20976221082348,189.10012226555213,211.24942005240618,0.018379604443907738,-0.12519954144954681,0.004156739170881205,-0.007248957474904824,0.004156739170881094,-0.007248957474904873,0.055419921875,0.0,0.10423461488997499,-0.33251953125,-0.0010048763298505367,3.5396248830588985e-05,6219.37776712293,False,True,True,Omega_safe_one_step_QP,False,0.33251953125,0.0,0.8356187229096437,False,False,False
839,-106.3841487389036,-4986.018489973298,10.179972288747543,4.251775287168831,41.952409935196506,19.293808835811106,0.2,0.0,0.0,25.393645845949347,50.229203536775515,191.05497254363343,212.77019033517954,0.0,0.0,0.0,0.0,1.0408340855860843e-16,-8.326672684688674e-17,0.26014284641297625,-0.05033574002966734,nan,nan,-0.0005585723244269365,-0.0001616281724960405,6150.2385029316465,True,True,True,Z_mode_existing_controller,False,0.05060201485354432,0.0,0.0,False,False,False,0.2,-0.1895904392004013,0.0028253206983208656,25.324935607186365,50.209630813428575,186.38008989051178,212.81510473998182,-0.947952151298523,0.014126603491604328,-0.06463573078007448,-0.0002637949189722641,-0.06463573078007463,-0.0002637949189722433,0.26014284641297625,-0.05033574002966734,-0.32560894130464346,-0.04160673103060207,-0.0005574429996006245,-0.00016174231610402608,6043.854354192743,True,True,True,Z_mode_existing_controller,False,0.05060201485354432,0.0,6.463626908503904,False,False,False
840,-66.91779797536037,-5052.936287948658,11.036030636527128,5.198506335215896,43.374677741787494,23.241994600367985,0.2,0.0,0.0,25.381841712003137,50.22536517121216,193.4250612716086,213.05095510371098,0.0,0.0,0.0,0.0,-6.418476861114186e-17,-6.938893903907228e-17,0.26014284641297625,-0.05033574002966734,nan,nan,-0.0008587885969446897,-2.4572653726945455e-05,6294.539344297768,True,True,True,Z_mode_existing_controller,False,0.05060201485354432,0.0,0.0,False,False,False,0.2,-0.1398145705461502,0.006916997022926807,25.30965873416355,50.205084999983235,190.42884060440312,213.37230137158465,-0.6990728378295898,0.03458498418331146,-0.04777292132589164,0.0026366636321790357,-0.047772921325891504,0.0026366636321789975,0.26014284641297625,-0.05033574002966734,-0.32560894130464346,-0.021357048066518492,-0.0008568160149252189,-2.496857591465472e-05,6227.621546322408,True,True,True,Z_mode_existing_controller,False,0.05060201485354432,0.0,4.784562683379813,False,False,False
841,-75.63979276286955,-5128.5760807115275,10.519254441213489,5.013083298746754,42.51034965444005,27.043669520509543,0.2,0.0,0.0,25.36750597805595,50.22464580450625,196.2575268214754,213.60981104434896,0.0,0.0,0.0,0.0,-5.377642775528102e-17,-1.0408340855860843e-16,0.26014284641297625,-0.05033574002966734,nan,nan,-0.0004625743061021307,7.887803032643245e-05,6310.694093770114,True,True,True,Z_mode_existing_controller,False,0.05060201485354432,0.0,0.0,False,False,False,0.2,-0.15004251897335052,-0.0010836871806532145,25.293236350835592,50.20391441388895,192.8801785388221,213.4399110687863,-0.750212550163269,-0.005418435670435429,-0.051340068753301646,-0.0021532623986214444,-0.05134006875330166,-0.002153262398621375,0.26014284641297625,-0.05033574002966734,-0.32560894130464346,-0.05456635217706158,-0.00046166254220827464,7.866278083317867e-05,6235.054301007244,True,True,True,Z_mode_existing_controller,False,0.05060201485354432,0.0,5.1385204082022,False,False,False
842,-101.16479809524571,-5229.740878806773,6.888796481338609,6.240656456956692,39.88049433116728,23.787464744629595,0.2,0.0,0.0,25.361458267287766,50.22643717568485,197.42657128865207,213.95774678624872,0.0,0.0,0.0,0.0,-3.8163916471489756e-17,3.469446951953614e-18,0.26014284641297625,-0.05033574002966734,nan,nan,0.0036938028327571206,-8.113956754281487e-05,5961.916313348329,True,True,True,Z_mode_existing_controller,False,0.05060201485354432,0.0,0.0,False,False,False,0.2,-0.18848471343517303,-0.006992527283728123,25.28478595779485,50.20521250467681,192.71920949280963,213.393347757205,-0.9424235820770264,-0.03496263548731804,-0.06459360315958998,-0.0060034265361167405,-0.06459360315958985,-0.00600342653611672,0.26014284641297625,-0.05033574002966734,-0.32560894130464346,-0.07206633707629048,0.003693756257062012,-7.929810277367867e-05,5860.751515253083,True,True,True,Z_mode_existing_controller,False,0.05060201485354432,0.0,6.487198701529893,False,False,False
843,100.43482532558028,-5129.306053481193,9.773149165922069,6.586983672608264,36.61212507007925,24.044756608126686,0.2,0.0,0.0,25.41871781417036,50.22520526676446,186.15094678669163,211.47386210825482,0.0,0.0,0.0,0.0,-1.5265566588595902e-16,-4.85722573273506e-17,0.055419921875,0.0,nan,nan,0.0010123809473256285,-4.409807123287833e-05,5991.13946095059,False,True,True,Omega_safe_one_step_QP,False,0.33251953125,0.0,0.0,False,False,False,0.2,0.03320692852139473,-0.09498812258243561,25.338561142745178,50.20332874727425,190.21908449365714,208.7994351396338,0.16603463888168335,-0.47494059801101685,0.02289017007873194,-0.027052613628042177,0.022890170078731974,-0.027052613628042163,0.055419921875,0.0,0.1716655324417701,-0.33251953125,0.0010119245383775986,-4.3977924726920636e-05,6091.57428627617,False,True,True,Omega_safe_one_step_QP,False,0.33251953125,0.0,3.5437321997315183,False,False,False
844,131.1123182745623,-4998.193735206631,8.108439394973095,6.573442492537958,41.78805139527821,25.816683708687034,0.2,0.0,0.0,25.426434026449336,50.222966881942554,184.65401924018357,211.0206915007129,0.0,0.0,0.0,0.0,-4.163336342344337e-17,-8.326672684688674e-17,0.055419921875,0.0,nan,nan,0.002729478256280071,6.4089141861376625e-06,5789.63297345469,False,True,True,Omega_safe_one_step_QP,False,0.33251953125,0.0,0.0,False,False,False,0.2,0.07805346697568893,-0.11175479739904404,25.349906984227314,50.20186639943313,190.20066267330913,207.8667490293744,0.39026734232902527,-0.5587739944458008,0.04205639372854613,-0.031255087059674086,0.04205639372854625,-0.03125508705967421,0.055419921875,0.0,0.2876632157223159,-0.33251953125,0.0027134825998419093,5.105920491688988e-06,5920.745291729252,False,True,True,Omega_safe_one_step_QP,False,0.33251953125,0.0,5.239867098083998,False,False,False
845,105.12346195744249,-4893.070273249188,9.194567606557833,5.666538371115303,39.251118783973254,24.58320317522125,0.2,0.0,0.0,25.45867531490824,50.22151207745113,178.31305828178895,209.5779638416204,0.0,0.0,0.0,0.0,5.551115123125783e-17,-1.3877787807814457e-17,0.055419921875,0.0,nan,nan,0.0011707072312875074,-2.4294977443208195e-05,5746.868286126757,False,True,True,Omega_safe_one_step_QP,False,0.33251953125,0.0,0.0,False,False,False,0.2,0.06549042463302612,-0.03457272797822952,25.38672725190531,50.20140678397878,182.59859193814768,208.7580546946806,0.3274521231651306,-0.17286363244056702,0.03578059937554608,-0.007032720891378463,0.03578059937554608,-0.007032720891378352,0.055419921875,0.0,0.387939453125,-0.1755387503711081,0.0011670181848317846,-2.471334606698409e-05,5851.9917480842,False,True,True,Omega_safe_one_step_QP,False,0.33251953125,0.0,3.646519511547076,False,False,False
846,66.76801617259116,-4826.302257076597,10.484472959169102,4.823659221466364,38.89066650341817,28.309259756000543,0.2,0.0,0.0,25.46229499010204,50.21846258322411,177.63325709015575,209.25268617444132,0.0,0.0,0.0,0.0,-5.551115123125783e-17,9.71445146547012e-17,0.055419921875,0.0,nan,nan,-0.0006467694047525884,0.00010076085997605486,5855.052142494171,False,True,True,Omega_safe_one_step_QP,False,0.33251953125,0.0,0.0,False,False,False,0.2,0.039699114859104156,-0.046765249222517014,25.39407063345268,50.199099896608516,180.24691354648098,207.85101058698552,0.19849556684494019,-0.23382624983787537,0.02373704757481726,-0.012179671200066952,0.023737047574817316,-0.012179671200067022,0.055419921875,0.0,0.3376964259769647,-0.33251953125,-0.0006412381574483689,0.00010094253647891871,5921.820158666762,False,True,True,Omega_safe_one_step_QP,False,0.33251953125,0.0,2.6679426869985114,False,False,False
847,-54.47015564904268,-4880.77241272564,11.151907295155524,6.142805292084516,43.24776814735022,24.238851786151017,0.2,0.0,0.0,25.438099356490252,50.21781657578608,182.40862102603532,210.2307439362964,0.0,0.0,0.0,0.0,4.163336342344337e-17,-2.7755575615628914e-17,0.055419921875,0.0,nan,nan,-0.000412262924518232,5.0512035061804975e-06,6035.340527291837,False,True,True,Omega_safe_one_step_QP,False,0.33251953125,0.0,0.0,False,False,False,0.2,-0.095090351998806,0.03020147979259491,25.372368084326045,50.198956296577826,179.91505353410386,211.95178720817495,-0.4754517674446106,0.15100739896297455,-0.02505965637330504,0.01934186449323609,-0.02505965637330515,0.019341864493236077,0.055419921875,0.0,-0.387939453125,0.14081459289464132,-0.00040881982662900737,4.576506762698704e-06,5980.870371642794,False,True,True,Omega_safe_one_step_QP,False,0.33251953125,0.0,3.165586990785194,False,False,False
848,-76.65258744516541,-4957.425000170805,8.754361993879455,4.93098579360394,40.76500787557171,25.485856448027562,0.2,0.0,0.0,25.42137281832018,50.21599955473733,185.72532404842445,210.8299258536102,0.0,0.0,0.0,0.0,2.7755575615628914e-17,1.1796119636642288e-16,0.055419921875,0.0,nan,nan,0.001288378862488667,1.5186949356366455e-06,5879.860284246205,False,True,True,Omega_safe_one_step_QP,False,0.33251953125,0.0,0.0,False,False,False,0.2,-0.13592317700386047,-0.014279580675065517,25.353957594158764,50.1967232401384,182.2244656332382,210.83506982030497,-0.67961585521698,-0.07139790058135986,-0.04114608902429229,0.0012329777077129886,-0.04114608902429234,0.0012329777077130719,0.055419921875,0.0,-0.387939453125,-0.046577677942146054,0.0012890703980583678,2.0470853632978403e-06,5803.20769680104,False,True,True,Omega_safe_one_step_QP,False,0.33251953125,0.0,4.116455849420364,False,False,False
849,-24.264479415852293,-4981.689479586657,10.354046254872316,4.863624568219976,35.58088202784762,28.738830054539214,0.2,0.0,0.0,25.43290446846868,50.21463158496146,183.46599287925122,210.26397204784334,0.0,0.0,0.0,0.0,2.7755575615628914e-17,-2.0816681711721685e-17,0.055419921875,0.0,nan,nan,-0.0005683856943681576,9.952828575717117e-05,5984.9780022652,False,True,True,Omega_safe_one_step_QP,False,0.33251953125,0.0,0.0,False,False,False,0.2,-0.09165475517511368,0.014504389837384224,25.36295530007201,50.19484842700414,182.2069367232107,211.46421264827012,-0.4582737684249878,0.07252194732427597,-0.02637547674508825,0.01193542671160975,-0.02637547674508836,0.011935426711609742,0.055419921875,0.0,-0.387939453125,0.07016174120778285,-0.000565217597184546,9.952861886032387e-05,5960.713522849348,False,True,True,Omega_safe_one_step_QP,False,0.33251953125,0.0,2.895030542704017,False,False,False
850,-33.992977491679994,-5015.682457078337,11.230301449479924,6.048425061451196,37.26846603212039,24.012068897033124,0.2,0.0,0.0,25.414720125976988,50.21487666261133,187.04582323608025,211.03792166958257,0.0,0.0,0.0,0.0,1.1102230246251565e-16,6.245004513516506e-17,0.055419921875,0.0,nan,nan,-0.0007123176293343505,-2.5396882950631458e-05,6158.828519433628,False,True,True,Omega_safe_one_step_QP,False,0.33251953125,0.0,0.0,False,False,False,0.2,-0.10405770689249039,0.007018579635769129,25.344099836939286,50.19490113610976,185.40556197764835,211.95648626632723,-0.5202885270118713,0.03509289771318436,-0.034074200107331976,0.008490747788044643,-0.03407420010733184,0.008490747788044525,0.055419921875,0.0,-0.387939453125,0.029904109687111474,-0.0007076036803570036,-2.5689749676794348e-05,6124.835541941948,False,True,True,Omega_safe_one_step_QP,False,0.33251953125,0.0,3.5116148862804883,False,False,False
851,-93.65339702416804,-5109.335854102505,7.685867517148264,3.8051530693402755,37.95653789926848,22.50026575585483,0.2,0.0,0.0,25.397336873092737,50.213178533680775,190.49059282504473,211.67129769088635,0.0,0.0,0.0,0.0,-6.938893903907228e-17,1.0408340855860843e-16,0.26014284641297625,-0.05033574002966734,nan,nan,0.001863552750489795,-0.00011169633974314561,5885.415915427557,True,True,True,Z_mode_existing_controller,False,0.05060201485354432,0.0,0.0,False,False,False,0.2,-0.19136402010917664,0.0028235239442437887,25.32576283748621,50.192952382534095,186.16996443661225,211.78309928656313,-0.9568200707435608,0.014117619954049587,-0.06527816760628154,-0.00028279672367936826,-0.06527816760628162,-0.00028279672367933356,0.26014284641297625,-0.05033574002966734,-0.32560894130464346,-0.04169313209814117,0.001864388002242823,-0.00011047912921965898,5791.762518403389,True,True,True,Z_mode_existing_controller,False,0.05060201485354432,0.0,6.5278780166457695,False,False,False
852,14.23138246075905,-5095.104471641746,10.233622579074678,5.074040091034538,39.47520433683374,17.62828435118192,0.2,0.0,0.0,25.42144580434052,50.21029369670136,185.76965601548062,210.49237211482102,0.0,0.0,0.0,0.0,1.1102230246251565e-16,-6.938893903907228e-18,0.055419921875,0.0,nan,nan,-0.0002164817253633574,-0.0002202291098439427,6028.796305944863,False,True,True,Omega_safe_one_step_QP,False,0.33251953125,0.0,0.0,False,False,False,0.2,-0.05485173687338829,-0.0265852939337492,25.346693314499113,50.18944295361195,186.15773590333157,209.74207620877917,-0.27425867319107056,-0.13292646408081055,-0.017462888048395894,-0.008678543333603725,-0.017462888048395853,-0.008678543333603614,0.055419921875,0.0,-0.387939453125,-0.2148854343457774,-0.00021395187868534019,-0.00022000766991861574,6043.027688405622,False,True,True,Omega_safe_one_step_QP,False,0.33251953125,0.0,1.9500501875183738,False,False,False
853,83.32409256626852,-5011.780379075478,11.755087298531363,4.826667296538085,35.68036107991779,23.020805324233702,0.2,0.0,0.0,25.410458280846697,50.2045127521995,188.0016259075776,210.6319666200206,0.0,0.0,0.0,0.0,9.71445146547012e-17,-7.632783294297951e-17,0.055419921875,0.0,nan,nan,-0.0020752489054626745,-5.564257903515517e-05,6236.583630964335,False,True,True,Omega_safe_one_step_QP,False,0.33251953125,0.0,0.0,False,False,False,0.2,0.0064544291235506535,-0.07452348619699478,25.336378579237543,50.183795155181585,191.23051326697785,208.70635119435744,0.03227214515209198,-0.3726174235343933,0.009705492025304012,-0.02068000777349329,0.00970549202530413,-0.020680007773493346,0.055419921875,0.0,0.08421921530816148,-0.33251953125,-0.0020620830357853817,-5.4570397141036515e-05,6319.907723530603,False,True,True,Omega_safe_one_step_QP,False,0.33251953125,0.0,2.284423990779707,False,False,False
854,55.7304625352499,-4956.049916540228,13.478585342408596,4.601863016667961,38.76435847290576,24.70936476238471,0.2,0.0,0.0,25.373452422296552,50.202384934114775,195.31980682909278,212.06794395109674,0.0,0.0,0.0,0.0,1.1015494072452725e-16,-6.245004513516506e-17,0.26014284641297625,-0.05033574002966734,nan,nan,-0.003939933403823553,3.3751649734727225e-05,6595.8075460260825,True,True,True,Z_mode_existing_controller,False,0.05060201485354432,0.0,0.0,False,False,False,0.2,-0.07399225234985352,0.016255205497145653,25.30250273872704,50.18230395923859,197.3108042753167,212.45799693418036,-0.3699612617492676,0.08127602934837341,0.0010414590356152484,0.0029953256713170576,0.0010414590356152657,0.0029953256713170714,0.26014284641297625,-0.05033574002966734,0.029806967047320387,0.00026627482387697743,-0.003920658414413455,3.479213060180895e-05,6651.538008561332,True,True,True,Z_mode_existing_controller,False,0.05060201485354432,0.0,0.31712162966463625,False,False,False
855,-203.44337984300637,-5159.493296383234,11.120753328576294,5.602784490559102,37.09183647747649,24.770306795199428,0.2,0.0,0.0,25.314535269871413,50.20318673909467,206.9230591164958,214.58759360165055,0.0,0.0,0.0,0.0,5.551115123125783e-17,9.367506770274758e-17,0.055419921875,0.0,nan,nan,-0.000858931216017109,-1.7706968487539443e-06,6637.344302632201,False,True,True,Omega_safe_one_step_QP,False,0.33251953125,0.0,0.0,False,False,False,0.2,-0.19652679562568665,-0.004167954437434673,25.245792241422905,50.18347654404997,198.30298701676256,214.78707966390817,-0.9826339483261108,-0.020839771255850792,-0.10330656132158136,0.0013435545311636238,-0.10330656132158134,0.0013435545311636654,0.055419921875,0.0,-0.387939453125,-0.009402797560130712,-0.0008620374812484972,-3.0139790643791096e-06,6433.900922789195,False,True,True,Omega_safe_one_step_QP,False,0.33251953125,0.0,10.331529775821133,False,False,False
856,-168.9984505656248,-5328.491746948859,8.790562624461238,6.205167010952758,40.328576910249375,24.98835979197835,0.2,0.0,0.0,25.311427474777215,50.20507764238755,207.51137513936652,214.8172411123509,0.0,0.0,0.0,0.0,1.3877787807814457e-16,7.28583859910259e-17,0.055419921875,0.0,nan,nan,0.0018308015114377138,-1.820100345820315e-05,6398.967118743144,False,True,True,Omega_safe_one_step_QP,False,0.33251953125,0.0,0.0,False,False,False,0.2,-0.1968289315700531,-0.020146433264017105,25.23595395616535,50.18400359134521,200.03320755395006,214.46559417867903,-0.9841446280479431,-0.10073216259479523,-0.10774446497294454,-0.006682787202941947,-0.10774446497294451,-0.006682787202942034,0.055419921875,0.0,-0.387939453125,-0.045380066787767015,0.0018336829455274303,-1.704651846322954e-05,6229.968668177519,False,True,True,Omega_safe_one_step_QP,False,0.33251953125,0.0,10.795151401025322,False,False,False
857,-46.310192932017344,-5374.8019398808765,10.657113142884842,4.2146067018870905,39.6782790841147,24.07568030496314,0.2,0.0,0.0,25.349146674418368,50.20672659664159,200.05400276798753,213.3145417698303,0.0,0.0,0.0,0.0,6.938893903907228e-18,-6.591949208711867e-17,0.26014284641297625,-0.05033574002966734,nan,nan,-0.0011505832634308845,-1.9406317154334503e-05,6419.591158328852,True,True,True,Z_mode_existing_controller,False,0.05060201485354432,0.0,0.0,False,False,False,0.2,-0.14002184569835663,-0.04580298438668251,25.26798439627522,50.184538181902006,197.91004748622603,212.16050457784664,-0.7001092433929443,-0.22901491820812225,-0.06812813821695918,-0.01691167939355243,-0.06812813821695926,-0.016911679393552526,0.055419921875,0.0,-0.387939453125,-0.1450286734154416,-0.0011491808329072983,-1.9489821920687465e-05,6373.280965396834,False,True,True,Omega_safe_one_step_QP,False,0.33251953125,0.0,7.019578418124132,False,False,False
858,-82.3226093508647,-5457.124549231741,8.972395816225696,1.9029699220859917,39.62222378395718,25.47720220191403,0.2,0.0,0.0,25.33597250071944,50.20718959366892,202.6435824881852,213.8895321042355,0.0,0.0,0.0,0.0,-5.551115123125783e-17,-1.0755285551056204e-16,0.055419921875,0.0,nan,nan,-0.000494517214095496,-2.0478481808092544e-06,6304.631159860198,False,True,True,Omega_safe_one_step_QP,False,0.33251953125,0.0,0.0,False,False,False,0.2,-0.17280760407447815,-0.025795167312026024,25.253441729804038,50.18473915213748,198.87560374087755,213.67269588081083,-0.8640379905700684,-0.12897583842277527,-0.08942981444181114,-0.00838582717852121,-0.08942981444181125,-0.008385827178521224,0.055419921875,0.0,-0.387939453125,-0.06618070610221105,-0.0004961216079297764,-1.5794745123112047e-06,6222.308550509333,False,True,True,Omega_safe_one_step_QP,False,0.33251953125,0.0,8.98221231577434,False,False,False
859,-77.25432716273463,-5534.378876394476,9.071037444376147,5.382033207772717,43.25933660687963,28.920809090309376,0.2,0.0,0.0,25.334779736271127,50.208400760717424,202.86237385075566,214.00117709326753,0.0,0.0,0.0,0.0,-1.5265566588595902e-16,6.938893903907228e-17,0.055419921875,0.0,nan,nan,0.001222005427755208,0.00011536398087261344,6318.138607671899,False,True,True,Omega_safe_one_step_QP,False,0.33251953125,0.0,0.0,False,False,False,0.2,-0.1799708753824234,-0.03480114787817001,25.24952578569145,50.18541418650628,199.3172124936515,213.48073243372178,-0.8998543620109558,-0.17400573194026947,-0.09491966572577093,-0.012679514950172034,-0.09491966572577087,-0.01267951495017208,0.055419921875,0.0,-0.387939453125,-0.08573284504929916,0.0012197143033879018,0.00011571691022474722,6240.8842805091645,False,True,True,Omega_safe_one_step_QP,False,0.33251953125,0.0,9.576279570304814,False,False,False
860,-37.34371922240098,-5571.722595616877,8.058282152934423,4.829643687313016,37.95254681229908,26.03627306572996,0.2,0.0,0.0,25.359512209885693,50.2119911837237,197.94233285387799,213.15204683894999,0.0,0.0,0.0,0.0,1.0061396160665481e-16,-1.734723475976807e-17,0.26014284641297625,-0.05033574002966734,nan,nan,0.0018896310188284773,-2.7834043738097364e-06,6096.77819352476,True,True,True,Z_mode_existing_controller,False,0.05060201485354432,0.0,0.0,False,False,False,0.2,-0.1767856925725937,-0.0131626445800066,25.271716170935605,50.188511822330376,196.03677358140322,213.83476063101418,-0.8839284777641296,-0.06581322103738785,-0.08583422399710065,-0.0018450416022699166,-0.0858342239971006,-0.0018450416022700242,0.055419921875,0.0,-0.387939453125,-0.03301048738399749,0.001883389819789548,-2.3926461846048887e-06,6059.434474302359,False,True,True,Omega_safe_one_step_QP,False,0.33251953125,0.0,8.585405166734152,False,False,False
861,31.847393108442702,-5539.875202508434,8.777357383988083,3.1068471080455824,37.195958703405516,24.446764831213326,0.2,0.0,0.0,25.390179249650625,50.21244578995076,191.8892618299245,211.8806204592141,0.0,0.0,0.0,0.0,3.122502256758253e-17,-7.632783294297951e-17,0.26014284641297625,-0.05033574002966734,nan,nan,0.00028762990519022987,-4.222332624134566e-05,6029.393080136277,True,True,True,Z_mode_existing_controller,False,0.05060201485354432,0.0,0.0,False,False,False,0.2,-0.17832183837890625,-0.00897243432700634,25.301119874666636,50.18870309685494,192.98379446117815,212.11950086255214,-0.8916091918945312,-0.04486216977238655,-0.06055153712602772,-0.00706030823935299,-0.060551537126027836,-0.0070603082393530525,0.26014284641297625,-0.05033574002966734,-0.32560894130464346,-0.07980840302484983,0.0002809828239406318,-4.247916855610809e-05,6061.240473244719,True,True,True,Z_mode_existing_controller,False,0.05060201485354432,0.0,6.09617634321663,False,False,False
862,2.0165843385730113,-5537.858618169861,11.76166521488752,6.698536874908012,35.5582724566834,27.344996603959743,0.2,0.0,0.0,25.391808665004213,50.21117081417032,191.5809491228158,211.73674355817903,0.0,0.0,0.0,0.0,1.0408340855860843e-16,-6.938893903907228e-18,0.26014284641297625,-0.05033574002966734,nan,nan,-0.0008586612039315702,7.442535385485984e-05,6324.680042294353,True,True,True,Z_mode_existing_controller,False,0.05060201485354432,0.0,0.0,False,False,False,0.2,-0.1896340698003769,0.004336657468229532,25.30391442372102,50.18764393413247,191.37881833717205,212.59032907783856,-0.9481703042984009,0.021683286875486374,-0.0645307668855027,0.0006210317366088167,-0.06453076688550274,0.0006210317366086779,0.26014284641297625,-0.05033574002966734,-0.32560894130464346,-0.03694044208869911,-0.0008492401602149431,7.44781043254799e-05,6326.696626632926,True,True,True,Z_mode_existing_controller,False,0.05060201485354432,0.0,6.453375516153529,False,False,False
863,-18.836695922470426,-5556.6953140923315,9.379813180467066,4.506932950878494,38.92280387380251,22.72294122342812,0.2,0.0,0.0,25.375992536369843,50.212184333196745,194.68488393368563,212.45325412247308,0.0,0.0,0.0,0.0,-1.2641797331180982e-16,-4.163336342344337e-17,0.26014284641297625,-0.05033574002966734,nan,nan,0.0003611431039718565,-8.080483371606783e-05,6156.845606618685,True,True,True,Z_mode_existing_controller,False,0.05060201485354432,0.0,0.0,False,False,False,0.2,-0.19133372604846954,-0.013591721653938293,25.288449803499585,50.18865439777093,193.62932560454584,212.1172415611407,-0.9566686153411865,-0.06795860826969147,-0.06525773983132632,-0.00989774959054835,-0.06525773983132625,-0.009897749590548247,0.26014284641297625,-0.05033574002966734,-0.32560894130464346,-0.09194562983517829,0.0003590416515977593,-8.071470313138988e-05,6138.008910696215,True,True,True,Z_mode_existing_controller,False,0.05060201485354432,0.0,6.60040760472433,False,False,False
864,-34.723859099708534,-5591.41917319204,7.266973601860041,5.444368047149799,42.36770888497269,29.607886750052174,0.2,0.0,0.0,25.381037663903932,50.210572701281805,193.7071684423064,212.14704961672655,0.0,0.0,0.0,0.0,1.5612511283791264e-17,6.245004513516506e-17,0.26014284641297625,-0.05033574002966734,nan,nan,0.0030639723835023938,0.00010758652127955664,5915.717095477285,True,True,True,Z_mode_existing_controller,False,0.05060201485354432,0.0,0.0,False,False,False,0.2,-0.1948491781949997,-0.006066469941288233,25.29298126483268,50.18693805121417,191.91154988852492,212.14041721472285,-0.9742459058761597,-0.030332349240779877,-0.06660726975558826,-0.00552539773779101,-0.06660726975558819,-0.005525397737790955,0.26014284641297625,-0.05033574002966734,-0.32560894130464346,-0.06857264329075574,0.0030552480672009397,0.00010809945672699949,5880.993236377576,True,True,True,Z_mode_existing_controller,False,0.05060201485354432,0.0,6.68360561707113,False,False,False
865,101.8863612405803,-5489.53281195146,9.82838067390127,4.975893643724211,37.92741615307439,21.80829509591275,0.2,0.0,0.0,25.42582141093376,50.212581348269005,184.85288207201847,210.36668534481132,0.0,0.0,0.0,0.0,2.7755575615628914e-17,-8.326672684688674e-17,0.055419921875,0.0,nan,nan,0.00011409538795323988,-0.00010548473988983981,5966.440253312496,False,True,True,Omega_safe_one_step_QP,False,0.33251953125,0.0,0.0,False,False,False,0.2,-0.025631705299019814,0.03947935625910759,25.33655480558711,50.18872323322323,188.83404309372344,212.3552088492844,-0.12815852463245392,0.19739678502082825,-0.004118101102508036,0.015279024182546362,-0.004118101102508015,0.015279024182546508,0.055419921875,0.0,-0.16046613703716903,0.33251953125,0.00011425929339638338,-0.00010586541294591587,6068.326614553076,False,True,True,Omega_safe_one_step_QP,False,0.33251953125,0.0,1.5824264174403804,False,False,False
866,64.6168531914409,-5424.915958760019,6.909971152937915,3.831412899503346,34.2210558421986,22.336211628790004,0.2,0.0,0.0,25.41902799281133,50.208948925478424,186.232766794483,210.44784270813807,0.0,0.0,0.0,0.0,-9.71445146547012e-17,-4.163336342344337e-17,0.055419921875,0.0,nan,nan,0.0026874906170545284,-0.0001341995925100226,5709.976757360468,False,True,True,Omega_safe_one_step_QP,False,0.33251953125,0.0,0.0,False,False,False,0.2,-0.03877978026866913,-0.026441175490617752,25.333367397296293,50.18571508577445,188.85561007257206,209.87763011251246,-0.19389890134334564,-0.13220587372779846,-0.013228142405312046,-0.00961425450593896,-0.013228142405312018,-0.00961425450593896,0.055419921875,0.0,-0.387939453125,-0.30229524145232917,0.0026673001647416865,-0.00013534853184330505,5774.593610551909,False,True,True,Omega_safe_one_step_QP,False,0.33251953125,0.0,1.6352909257994046,False,False,False
867,225.78183932670254,-5199.134119433316,11.386522566106796,3.771146061762733,36.36425710544845,25.113234316094722,0.2,0.0,0.0,25.451987570951292,50.20496583483821,179.77996776713238,208.83589678419384,0.0,0.0,0.0,0.0,2.7755575615628914e-17,1.3877787807814457e-16,0.055419921875,0.0,nan,nan,-0.0023439926902855093,4.631300432099503e-06,5996.730798264392,False,True,True,Omega_safe_one_step_QP,False,0.33251953125,0.0,0.0,False,False,False,0.2,0.10612243413925171,-0.10262671858072281,25.368513347254268,50.182195229744494,188.87150510376267,206.54530415040807,0.5306121706962585,-0.5131335854530334,0.05316807216632455,-0.02662360535175426,0.053168072166324694,-0.026623605351754356,0.055419921875,0.0,0.387939453125,-0.3215662044785834,-0.002324347936047057,6.585284065209213e-06,6222.512637591095,False,True,True,Omega_safe_one_step_QP,False,0.33251953125,0.0,5.946141824586316,False,False,False
868,108.0675925151445,-5091.066526918172,10.120846324626735,4.433977489846123,39.114377572315846,23.399661676564822,0.2,0.0,0.0,25.404149853366633,50.20276783013515,189.23435172543958,210.7241229094034,0.0,0.0,0.0,0.0,1.3183898417423734e-16,8.326672684688674e-17,0.055419921875,0.0,nan,nan,-0.0004667401436305021,-4.964652591982199e-05,6101.749969494815,False,True,True,Omega_safe_one_step_QP,False,0.33251953125,0.0,0.0,False,False,False,0.2,-0.1038534864783287,-0.08391007781028748,25.328688818279723,50.181602603963185,193.55428833207924,210.2623424593705,-0.5192674398422241,-0.4195503890514374,0.018835228804102787,-0.00630623475724279,0.018835228804102804,-0.006306234757242846,0.26014284641297625,-0.05033574002966734,0.19751394887756651,-0.10093775488321166,-0.0004654117976698414,-4.9523661924882195e-05,6209.817562009959,True,True,True,Z_mode_existing_controller,False,0.05060201485354432,0.0,1.986289105131384,False,False,False
869,41.07220189673717,-5049.994325021435,8.90332937094734,4.898452479215613,38.39617529522578,25.935367764832325,0.2,0.0,0.0,25.392296888594505,50.2009578395063,191.59022323616514,211.11852554473887,0.0,0.0,0.0,0.0,1.0408340855860843e-16,1.249000902703301e-16,0.26014284641297625,-0.05033574002966734,nan,nan,0.001054982584747262,8.085060848448365e-06,6034.748955696081,True,True,True,Z_mode_existing_controller,False,0.05060201485354432,0.0,0.0,False,False,False,0.2,-0.07700743526220322,-0.011842062696814537,25.320678017090646,50.18054353774852,193.13938338151,210.7912652446822,-0.3850371539592743,-0.059210311621427536,-0.0065065395546406776,-0.004676077629016007,-0.006506539554640619,-0.0046760776290161385,0.26014284641297625,-0.05033574002966734,-0.06891565316915849,-0.10093775488321166,0.0010495215060687944,7.82385788606569e-06,6075.821157592818,True,True,True,Z_mode_existing_controller,False,0.05060201485354432,0.0,0.8012537611062387,False,False,False
870,-1.025334272836517,-5051.019659294271,8.909062915650088,3.460832314691598,40.1280546109555,25.971643941796497,0.2,0.0,0.0,25.405223633117654,50.200672990232725,189.04313851404612,210.55342355433277,0.0,0.0,0.0,0.0,6.938893903907228e-17,-9.71445146547012e-17,0.055419921875,0.0,nan,nan,0.0003808934324095821,1.5570078229871706e-05,5975.155026544794,False,True,True,Omega_safe_one_step_QP,False,0.33251953125,0.0,0.0,False,False,False,0.2,-0.07705420255661011,-0.0662732720375061,25.335085883544355,50.180553911848776,188.83550547704775,208.5433606131096,-0.38527101278305054,-0.3313663601875305,-0.022619406347599028,-0.021304826567334095,-0.022619406347598958,-0.021304826567334123,0.055419921875,0.0,-0.33119185278532226,-0.33251953125,0.0003777220439021584,1.565385363208084e-05,5974.1296922719575,False,True,True,Omega_safe_one_step_QP,False,0.33251953125,0.0,3.107302976186888,False,False,False
871,-89.00997946926964,-5140.029638763541,9.662072585378219,5.103748403159043,40.78938827187946,24.328580118330027,0.2,0.0,0.0,25.40593331148369,50.200143260231,188.9073788902816,210.4892658986467,0.0,0.0,0.0,0.0,-9.71445146547012e-17,-1.249000902703301e-16,0.055419921875,0.0,nan,nan,0.00042774597296853744,-2.152324606463727e-05,6047.117039814835,False,True,True,Omega_safe_one_step_QP,False,0.33251953125,0.0,0.0,False,False,False,0.2,-0.17886316776275635,-0.007275945041328669,25.335882342360065,50.18009312606792,184.90408426839653,211.33603675669846,-0.8943158388137817,-0.036379724740982056,-0.06281295670226703,0.006833313227569235,-0.06281295670226697,0.006833313227569152,0.055419921875,0.0,-0.387939453125,-0.018035342247413388,0.0004289488083414118,-2.1425314836976198e-05,5958.1070603455655,False,True,True,Omega_safe_one_step_QP,False,0.33251953125,0.0,6.31835556086148,False,False,False
872,-73.0020206777881,-5213.031659441329,10.527752315781468,4.493195542422547,41.12617728967285,25.434255150794293,0.2,0.0,0.0,25.407235102832797,50.19885207448303,188.66385141001282,210.35831099730663,0.0,0.0,0.0,0.0,1.3877787807814457e-17,4.85722573273506e-17,0.055419921875,0.0,nan,nan,-0.0008165532986065695,2.466389911669111e-05,6128.505944022933,False,True,True,Omega_safe_one_step_QP,False,0.33251953125,0.0,0.0,False,False,False,0.2,-0.18719665706157684,0.0035737657453864813,25.3342624568086,50.17818396417028,185.38769385733733,210.67270378956286,-0.9359833002090454,0.017868828028440475,-0.06374222614357228,0.0001988341442741709,-0.06374222614357225,0.0001988341442740807,0.26014284641297625,-0.05033574002966734,-0.32560894130464346,-0.0391531702813436,-0.0008145549625469383,2.4438111892168598e-05,6055.503923345145,True,True,True,Z_mode_existing_controller,False,0.05060201485354432,0.0,6.374253625919847,False,False,False
873,-82.18426602051477,-5295.215925461844,9.25002529922305,3.8950142865012856,40.93463208976358,28.954753761330053,0.2,0.0,0.0,25.38967485743406,50.19845025182789,192.1282773238073,211.0704561107399,0.0,0.0,0.0,0.0,0.0,6.938893903907228e-18,0.26014284641297625,-0.05033574002966734,nan,nan,0.00023512809159087136,0.00011214717672677682,6082.6872821008155,True,True,True,Z_mode_existing_controller,False,0.05060201485354432,0.0,0.0,False,False,False,0.2,-0.1931752860546112,-0.00208072061650455,25.31439317689876,50.17729048741344,188.39843797942672,210.9975889759822,-0.9658764004707336,-0.010403602384030819,-0.06592486232657828,-0.003173797483078486,-0.0659248623265784,-0.0031737974830785276,0.26014284641297625,-0.05033574002966734,-0.32560894130464346,-0.0566449623207315,0.0002354206619669605,0.00011248096136864255,6000.503016080301,True,True,True,Z_mode_existing_controller,False,0.05060201485354432,0.0,6.600121561942569,False,False,False
874,-88.42792460545115,-5383.643850067295,11.084478737012596,5.458391973421183,38.28214722211331,24.442026227424456,0.2,0.0,0.0,25.390756372914318,50.200337122277205,191.89078364950655,211.12352170126502,0.0,0.0,0.0,0.0,1.3877787807814457e-17,6.938893903907228e-18,0.26014284641297625,-0.05033574002966734,nan,nan,-0.0008947099509159771,-9.193747056835885e-06,6263.987433453314,True,True,True,Z_mode_existing_controller,False,0.05060201485354432,0.0,0.0,False,False,False,0.2,-0.19208233058452606,-0.005235425662249327,25.31278208718044,50.17863679450415,188.00618902700833,210.82684520572346,-0.9604116678237915,-0.02617712691426277,-0.06570163166980104,-0.005010610453992578,-0.06570163166980092,-0.005010610453992613,0.26014284641297625,-0.05033574002966734,-0.32560894130464346,-0.06630108120286682,-0.0008923141911094347,-9.684069072647163e-06,6175.559508847863,True,True,True,Z_mode_existing_controller,False,0.05060201485354432,0.0,6.589241702347724,False,False,False
875,-89.55842242198014,-5473.202272489275,9.036035679104435,5.757494938100256,44.27394601140074,26.38609773261402,0.2,0.0,0.0,25.37468833337738,50.199755630536515,195.06315512074497,211.7629613586652,0.0,0.0,0.0,0.0,-1.2880321809127793e-16,-1.3877787807814457e-17,0.26014284641297625,-0.05033574002966734,nan,nan,0.0014783041210400488,4.290658579083565e-05,6129.351027627159,True,True,True,Z_mode_existing_controller,False,0.05060201485354432,0.0,0.0,False,False,False,0.2,-0.19293832778930664,-0.0018921842565760016,25.293938541842216,50.177481379373226,190.9917601779904,211.625580974127,-0.9646916389465332,-0.00946092139929533,-0.06614118325596273,-0.003060963860162462,-0.0661411832559628,-0.003060963860162476,0.26014284641297625,-0.05033574002966734,-0.32560894130464346,-0.056080323408615636,0.0014778023592947201,4.3383611126468144e-05,6039.792605205179,True,True,True,Z_mode_existing_controller,False,0.05060201485354432,0.0,6.621197491581167,False,False,False
876,-47.2672845482557,-5520.469557037531,9.215334463247542,3.2310494082809305,38.04795601684192,24.579155736077038,0.2,0.0,0.0,25.396841029284648,50.200710288268105,190.6827091652659,210.87755908809208,0.0,0.0,0.0,0.0,1.3877787807814457e-16,-8.326672684688674e-17,0.26014284641297625,-0.05033574002966734,nan,nan,-0.00013275628557591392,-2.96387222238053e-05,6045.61691139234,True,True,True,Z_mode_existing_controller,False,0.05060201485354432,0.0,0.0,False,False,False,0.2,-0.13697639107704163,-0.003986839670687914,25.31313227631622,50.177848611778366,188.4202952386698,210.6470899194756,-0.6848819255828857,-0.019934197887778282,-0.04705996131382609,-0.0037215546852821385,-0.047059961313825976,-0.0037215546852822495,0.26014284641297625,-0.05033574002966734,-0.32560894130464346,-0.06738465222604355,-0.00013356639566359813,-2.942551151893834e-05,5998.349626844084,True,True,True,Z_mode_existing_controller,False,0.05060201485354432,0.0,4.720688432987648,False,False,False
877,-94.35072824120562,-5614.820285278736,9.93005428171254,4.6729464019146185,37.18280270498958,27.336112670286887,0.2,0.0,0.0,25.391202100862046,50.19953166254936,191.80613792050409,211.04504561263107,0.0,0.0,0.0,0.0,4.163336342344337e-17,-7.632783294297951e-17,0.26014284641297625,-0.05033574002966734,nan,nan,-0.00017908161410432565,5.883161568296085e-05,6144.752860946232,True,True,True,Z_mode_existing_controller,False,0.05060201485354432,0.0,0.0,False,False,False,0.2,-0.19120344519615173,0.0032706514466553926,25.3060065865832,50.17637018408089,187.5712814204937,211.16225549645333,-0.9560171961784363,0.01635325700044632,-0.06577356723677537,-1.926590704095371e-05,-0.06577356723677523,-1.9265907040988406e-05,0.26014284641297625,-0.05033574002966734,-0.32560894130464346,-0.04031609875220895,-0.00017755088595804245,5.8866233019565315e-05,6050.402132705027,True,True,True,Z_mode_existing_controller,False,0.05060201485354432,0.0,6.577357005838871,False,False,False
878,-101.17915372840707,-5715.999439007143,10.583775399551616,4.492562893002027,41.254442822197454,25.023676911101447,0.2,0.0,0.0,25.38580097525564,50.200300001947106,192.8597799597881,211.30957290018952,0.0,0.0,0.0,0.0,-8.673617379884035e-17,-9.020562075079397e-17,0.26014284641297625,-0.05033574002966734,nan,nan,-0.0008703251534709502,1.3879642195104881e-05,6236.305310719008,True,True,True,Z_mode_existing_controller,False,0.05060201485354432,0.0,0.0,False,False,False,0.2,-0.1961408406496048,-0.0036380738019943237,25.29756257742984,50.17651128235142,188.3856262935446,210.9966739718145,-0.9807041883468628,-0.01819036900997162,-0.06761389570048573,-0.0041160325019433605,-0.06761389570048573,-0.004116032501943312,0.26014284641297625,-0.05033574002966734,-0.32560894130464346,-0.06120042392879341,-0.0008685249931349708,1.3578179307485727e-05,6135.126156990601,True,True,True,Z_mode_existing_controller,False,0.05060201485354432,0.0,6.7739062699104595,False,False,False
879,-98.44464365702515,-5814.4440826641685,8.655633935298209,5.186270055592752,38.871601354454434,29.441567305452807,0.2,0.0,0.0,25.370900385735226,50.20033106288517,195.79479895291135,211.9335442722078,0.0,0.0,0.0,0.0,-1.1102230246251565e-16,6.938893903907228e-17,0.26014284641297625,-0.05033574002966734,nan,nan,0.0014575387594064147,0.00011106795446383247,6108.423638940883,True,True,True,Z_mode_existing_controller,False,0.05060201485354432,0.0,0.0,False,False,False,0.2,-0.1959211677312851,0.0037061304319649935,25.279441694316933,50.175884093108074,191.2803174031328,212.0334296303166,-0.9796057939529419,0.018530651926994324,-0.0676827736582229,0.00018807143582962038,-0.06768277365822284,0.0001880714358295163,0.26014284641297625,-0.05033574002966734,-0.32560894130464346,-0.0392554032228981,0.0014568832882181785,0.00011180944740376772,6009.978995283858,True,True,True,Z_mode_existing_controller,False,0.05060201485354432,0.0,6.76830349565916,False,False,False
880,-8.456336874947738,-5822.900419539116,7.431248269841706,4.6269279426437695,41.0487016227657,25.560351199004927,0.2,0.0,0.0,25.393345155813936,50.2027616214419,191.33941203966924,211.11700220155902,0.0,0.0,0.0,0.0,-1.249000902703301e-16,-5.551115123125783e-17,0.26014284641297625,-0.05033574002966734,nan,nan,0.0025427791042824197,-1.4547164167226425e-05,5878.7777775270415,True,True,True,Z_mode_existing_controller,False,0.05060201485354432,0.0,0.0,False,False,False,0.2,-0.08621378988027573,0.007558824960142374,25.298609748425882,50.17766079489974,190.6726967990633,211.53497072434942,-0.43106895685195923,0.03779412433505058,-0.029104408880523888,0.0034900732150835237,-0.02910440888052402,0.003490073215083586,0.26014284641297625,-0.05033574002966734,-0.31700922406173015,0.00026627482387698437,0.0025314808868335836,-1.4476274725022057e-05,5870.321440652094,True,True,True,Z_mode_existing_controller,False,0.05060201485354432,0.0,2.9312919119926697,False,False,False
881,15.214483398607626,-5807.685936140509,9.749320325591901,4.278957640439899,43.454024216103534,24.44251868068425,0.2,0.0,0.0,25.42837645363992,50.2019821033239,184.44051705784437,209.59399601068046,0.0,0.0,0.0,0.0,-1.3877787807814457e-17,-1.1102230246251565e-16,0.055419921875,0.0,nan,nan,-4.1353087830530225e-05,-6.819270246359935e-06,5948.186870407727,False,True,True,Omega_safe_one_step_QP,False,0.33251953125,0.0,0.0,False,False,False,0.2,-0.061406489461660385,0.0076430500485002995,25.33333381183507,50.176820705351744,184.7784673056926,210.40421560331538,-0.30703243613243103,0.03821524977684021,-0.018783848763555155,0.007452295136754786,-0.018783848763555086,0.0074522951367547025,0.055419921875,0.0,-0.387939453125,0.055183384073967,-4.09904632852464e-05,-6.915893274075501e-06,5963.401353806335,False,True,True,Omega_safe_one_step_QP,False,0.33251953125,0.0,2.0208158678548833,False,False,False
882,-11.19536070592676,-5818.881296846435,9.838967260583756,3.996266408338059,41.14465846531994,25.20412209169816,0.2,0.0,0.0,25.41894226832502,50.200288186708825,186.31820019340861,209.89296062155412,0.0,0.0,0.0,0.0,6.938893903907228e-17,9.71445146547012e-17,0.055419921875,0.0,nan,nan,-0.0003507593300145287,8.632909309738788e-06,6002.875464125581,False,True,True,Omega_safe_one_step_QP,False,0.33251953125,0.0,0.0,False,False,False,0.2,-0.09792798012495041,0.007144914008677006,25.324582127795487,50.17521217355162,185.53697766614405,210.925842947526,-0.48963987827301025,0.035724569112062454,-0.0319917544183011,0.009320436864836988,-0.031991754418301,0.009320436864836919,0.055419921875,0.0,-0.387939453125,0.03234790103169593,-0.00034974692394269726,8.576238093815653e-06,5991.680103419654,False,True,True,Omega_safe_one_step_QP,False,0.33251953125,0.0,3.3321808085881197,False,False,False
883,-7.189009757119493,-5826.070306603555,9.778575072642864,4.54195519823484,41.970538055876,26.933988223711108,0.2,0.0,0.0,25.406425019454577,50.19919928617998,188.7965533394433,210.35500748302135,0.0,0.0,0.0,0.0,-6.938893903907228e-17,2.7755575615628914e-17,0.055419921875,0.0,nan,nan,3.177941126274056e-05,6.268349028734112e-05,6056.038554142917,False,True,True,Omega_safe_one_step_QP,False,0.33251953125,0.0,0.0,False,False,False,0.2,-0.09589963406324387,0.007900574244558811,25.311848248729877,50.17402420110282,188.18237489087974,211.4207312482557,-0.47949814796447754,0.03950287029147148,-0.03406485707634721,0.00902511008894679,-0.03406485707634732,0.009025110088946901,0.055419921875,0.0,-0.387939453125,0.03652562070152082,3.188506427575198e-05,6.267837917277481e-05,6048.849544385797,False,True,True,Omega_safe_one_step_QP,False,0.33251953125,0.0,3.5240134786200654,False,False,False
884,62.87158096475832,-5763.1987256387965,6.465426826608894,4.273815666237063,41.594718814724764,22.81789819638085,0.2,0.0,0.0,25.401698881446382,50.1995790839623,189.72170591457987,210.56976150300596,0.0,0.0,0.0,0.0,4.163336342344337e-17,-6.938893903907228e-17,0.055419921875,0.0,nan,nan,0.003456865464596639,-0.00010810998320845942,5744.209102964152,False,True,True,Omega_safe_one_step_QP,False,0.33251953125,0.0,0.0,False,False,False,0.2,-0.056673597544431686,0.008189373649656773,25.30702820292541,50.17433184620208,192.23590761860638,211.01991790279087,-0.28336799144744873,0.04094686731696129,-0.0062139619569972805,0.0022942386022806877,-0.006213961956997381,0.002294238602280764,0.26014284641297625,-0.05033574002966734,-0.09004244826671126,0.00026627482387697743,0.003431048370965376,-0.00010953583741551889,5807.080683928911,True,True,True,Z_mode_existing_controller,False,0.05060201485354432,0.0,0.6623960595233432,False,False,False
885,119.61049991699383,-5643.588225721803,11.320301473971657,5.842980816099076,38.08148981307477,25.657719988989562,0.2,0.0,0.0,25.449113106472282,50.19668581485343,180.406543283097,208.40914969937285,0.0,0.0,0.0,0.0,8.326672684688674e-17,1.3877787807814457e-16,0.055419921875,0.0,nan,nan,-0.0009185529705416869,2.758462616525917e-05,6004.730756231655,False,True,True,Omega_safe_one_step_QP,False,0.33251953125,0.0,0.0,False,False,False,0.2,0.03018639050424099,0.037940096110105515,25.356493528206585,50.171854867331405,185.01020568639495,210.15997590453446,0.1509319543838501,0.18970048427581787,0.016503931212120557,0.015525536688688717,0.016503931212120584,0.015525536688688613,0.055419921875,0.0,0.3199834166924555,0.33251953125,-0.0009037911431431607,2.8351206244350835e-05,6124.341256148648,False,True,True,Omega_safe_one_step_QP,False,0.33251953125,0.0,2.265881803903776,False,False,False
886,-18.034251335985573,-5661.622477057788,10.127289927244547,5.064158682081943,37.61718905679341,24.83519071520875,0.2,0.0,0.0,25.42320040946964,50.19506773408303,185.53187141936567,209.40612914894817,0.0,0.0,0.0,0.0,9.71445146547012e-17,-8.326672684688674e-17,0.055419921875,0.0,nan,nan,-0.0001597168232513324,-1.2198257545122972e-05,6013.165028838191,False,True,True,Omega_safe_one_step_QP,False,0.33251953125,0.0,0.0,False,False,False,0.2,-0.1077796220779419,-0.010493498295545578,25.334924394066853,50.170992188952226,184.49853424923975,209.78177410205464,-0.5388981103897095,-0.05246749147772789,-0.034344501147378886,0.002631374139587042,-0.034344501147378914,0.0026313741395871254,0.055419921875,0.0,-0.387939453125,-0.04316577434751284,-0.00015707406424101972,-1.2241746564374632e-05,5995.130777502205,False,True,True,Omega_safe_one_step_QP,False,0.33251953125,0.0,3.444515769922972,False,False,False
887,-27.343357309290695,-5688.965834367079,8.230690068037255,4.691681291192837,36.71555296496219,23.925134102276516,0.2,0.0,0.0,25.41291407970084,50.193453984271784,187.5766047668889,209.7453908857386,0.0,0.0,0.0,0.0,6.938893903907228e-17,-1.1102230246251565e-16,0.055419921875,0.0,nan,nan,0.001640246617580235,-6.510270631618787e-05,5873.034618029612,False,True,True,Omega_safe_one_step_QP,False,0.33251953125,0.0,0.0,False,False,False,0.2,-0.12434333562850952,-0.005212794523686171,25.324217814868902,50.169255081239086,186.10367902917307,210.48217734083653,-0.6217166781425476,-0.02606397308409214,-0.04265140817708206,0.005588838436449514,-0.04265140817708192,0.005588838436449417,0.055419921875,0.0,-0.387939453125,-0.01858677274775491,0.0016355915563884761,-6.492106434390597e-05,5845.691260720321,False,True,True,Omega_safe_one_step_QP,False,0.33251953125,0.0,4.301601718612242,False,False,False
888,78.63635998416521,-5610.329474382914,10.295563268699734,5.3446641315304095,40.691676453070286,24.853483990512892,0.2,0.0,0.0,25.43132315547437,50.191103848597834,183.9730595630219,208.83592760862408,0.0,0.0,0.0,0.0,4.163336342344337e-17,1.3877787807814457e-17,0.055419921875,0.0,nan,nan,-9.597744637445489e-05,2.2690407794996245e-06,5991.491457472267,False,True,True,Omega_safe_one_step_QP,False,0.33251953125,0.0,0.0,False,False,False,0.2,-0.01980571262538433,-0.032390348613262177,25.341743038072888,50.166705911885465,187.010282649065,208.24912354689408,-0.0990285575389862,-0.16195173561573029,-0.0023229382714494845,-0.00844377542913076,-0.002322938271449554,-0.00844377542913076,0.055419921875,0.0,-0.14790565380492537,-0.33251953125,-9.203847621205722e-05,2.4543860173771755e-06,6070.127817456432,False,True,True,Omega_safe_one_step_QP,False,0.33251953125,0.0,0.8757475989721906,False,False,False
889,27.838416339413925,-5582.4910580435,8.793447199392613,6.027696992052468,37.27948868766483,23.944308241028107,0.2,0.0,0.0,25.42071550384536,50.18954781049553,186.08045999518927,209.19189568101672,0.0,0.0,0.0,0.0,-2.7755575615628914e-17,2.7755575615628914e-17,0.055419921875,0.0,nan,nan,0.0017033488441081082,-5.585779944377277e-05,5893.639316684769,False,True,True,Omega_safe_one_step_QP,False,0.33251953125,0.0,0.0,False,False,False,0.2,-0.061887092888355255,-0.02402430959045887,25.334036294541217,50.16570883904845,187.02407939040427,208.77018849475286,-0.3094354569911957,-0.1201215460896492,-0.020421985826999042,-0.0064020757689626645,-0.02042198582699893,-0.006402075768962595,0.055419921875,0.0,-0.387939453125,-0.17211024767389793,0.0016982598072817156,-5.602452799629339e-05,5921.477733024183,False,True,True,Omega_safe_one_step_QP,False,0.33251953125,0.0,2.1401964378759266,False,False,False
890,128.90530650650817,-5453.585751536992,13.251928408198818,4.586493397180174,43.02490400853487,27.65879035316026,0.2,0.0,0.0,25.43884535916473,50.187160520812334,182.53239827542077,208.29214994484903,0.0,0.0,0.0,0.0,4.163336342344337e-17,1.249000902703301e-16,0.055419921875,0.0,nan,nan,-0.0036153369132086175,0.00013514630890462936,6246.528747394941,False,True,True,Omega_safe_one_step_QP,False,0.33251953125,0.0,0.0,False,False,False,0.2,0.037996869534254074,-0.019431492313742638,25.353224619288888,50.163533149086895,187.42208020326183,208.17726471324787,0.18998433649539948,-0.09715745598077774,0.018261073374141734,-0.003517490137123047,0.018261073374141706,-0.0035174901371231443,0.055419921875,0.0,0.387939453125,-0.17004955394624785,-0.0035847041769626843,0.00013741619202224816,6375.434053901449,False,True,True,Omega_safe_one_step_QP,False,0.33251953125,0.0,1.8596761482595336,False,False,False
891,-93.33972708510646,-5546.925478622098,9.482521453819604,3.4636612342729363,42.382019937532064,23.405257813677192,0.2,0.0,0.0,25.374267560422982,50.18804868455865,195.2505876449992,211.05495927191853,0.0,0.0,0.0,0.0,-1.3964523981613297e-16,1.3183898417423734e-16,0.26014284641297625,-0.05033574002966734,nan,nan,-0.00021379792817849343,-4.6336897837992875e-05,6181.73995424304,True,True,True,Z_mode_existing_controller,False,0.05060201485354432,0.0,0.0,False,False,False,0.2,-0.1925964653491974,0.004519883077591658,25.293432334954424,50.16530203560701,191.03680966323364,211.25886517764556,-0.9629822969436646,0.022599415853619576,-0.06606766181887999,0.0006983758293108433,-0.06606766181888005,0.0006983758293109613,0.26014284641297625,-0.05033574002966734,-0.32560894130464346,-0.036589228180793666,-0.00021360191426129764,-4.60935683124805e-05,6088.400227157934,True,True,True,Z_mode_existing_controller,False,0.05060201485354432,0.0,6.6071352846849205,False,False,False
892,-92.16703937371767,-5639.092517995816,8.215970844071348,6.054872824060535,41.752657125638926,28.679599643135056,0.2,0.0,0.0,25.371229041990965,50.18727960587691,195.85657033274597,211.1354999979618,0.0,0.0,0.0,0.0,-5.204170427930421e-18,9.71445146547012e-17,0.26014284641297625,-0.05033574002966734,nan,nan,0.0023668813237576894,9.101659332332512e-05,6064.260939720651,True,True,True,Z_mode_existing_controller,False,0.05060201485354432,0.0,0.0,False,False,False,0.2,-0.19096559286117554,-0.002791387727484107,25.287331826226456,50.16390888075034,191.61058773152374,210.8894956342843,-0.9548279643058777,-0.013956938870251179,-0.06565098306649535,-0.0035677090291242886,-0.06565098306649536,-0.0035677090291243163,0.26014284641297625,-0.05033574002966734,-0.32560894130464346,-0.05889780781941554,0.002365652779840511,9.192480193294947e-05,5972.093900346933,True,True,True,Z_mode_existing_controller,False,0.05060201485354432,0.0,6.574785262891671,False,False,False
893,34.2081075055703,-5604.8844104902455,10.11370786427475,5.02283986747588,36.99998679636059,26.608368230759357,0.2,0.0,0.0,25.407404217497014,50.18935377520885,188.69860708344888,209.7212590525799,0.0,0.0,0.0,0.0,-1.249000902703301e-16,-4.163336342344337e-17,0.055419921875,0.0,nan,nan,-0.00018388065858770378,3.851207102595518e-05,6088.716023149692,False,True,True,Omega_safe_one_step_QP,False,0.33251953125,0.0,0.0,False,False,False,0.2,-0.031868528574705124,0.00548348156735301,25.32040994696206,50.16538159913912,189.8580070150164,210.26331559406145,-0.15934263169765472,0.027417408302426338,-0.011123012161591173,0.004490624878289905,-0.011123012161591075,0.004490624878289801,0.055419921875,0.0,-0.387939453125,0.07628695359519423,-0.00018198959930086113,3.851825206521329e-05,6122.924130655262,False,True,True,Omega_safe_one_step_QP,False,0.33251953125,0.0,1.1995295383791709,False,False,False
894,5.820051859095656,-5599.06435863115,9.37035013630895,5.436048461118345,38.318929864894834,25.08522121150288,0.2,0.0,0.0,25.399391731176202,50.189261401974704,190.27718538636844,210.04844328962193,0.0,0.0,0.0,0.0,6.938893903907228e-17,-1.3877787807814457e-17,0.26014284641297625,-0.05033574002966734,nan,nan,0.0008425694265245413,-1.1587278282929221e-05,6051.270610183748,True,True,True,Z_mode_existing_controller,False,0.05060201485354432,0.0,0.0,False,False,False,0.2,-0.06743408739566803,-0.0013883282663300633,25.313736906938676,50.165511486864574,190.26565007125853,210.00174331512136,-0.33717042207717896,-0.006941641215234995,-0.023209579500916018,-0.0014956758755961114,-0.023209579500915893,-0.0014956758755960836,0.26014284641297625,-0.05033574002966734,-0.32560894130464346,-0.0623951567927387,0.0008405472199043227,-1.1616218108793496e-05,6057.090662042844,True,True,True,Z_mode_existing_controller,False,0.05060201485354432,0.0,2.325772187756513,False,False,False
895,10.765212628567497,-5588.299146002582,10.444160217924738,4.699524481360114,40.4828759895756,22.06610081501394,0.2,0.0,0.0,25.408081895680162,50.18841249427282,188.57194511531137,209.6307568786339,0.0,0.0,0.0,0.0,-1.249000902703301e-16,-9.71445146547012e-17,0.055419921875,0.0,nan,nan,-0.000624766605160639,-8.003810548432976e-05,6118.559165453415,False,True,True,Omega_safe_one_step_QP,False,0.33251953125,0.0,0.0,False,False,False,0.2,-0.05857674032449722,0.006411121226847172,25.322754316603177,50.164713388729375,188.7434252442051,210.38511729699508,-0.2928836941719055,0.032055605202913284,-0.020331442903463802,0.006685091430788631,-0.020331442903463698,0.006685091430788721,0.055419921875,0.0,-0.387939453125,0.04852490398813588,-0.0006215129261141544,-8.012124678311939e-05,6129.324378081982,False,True,True,Omega_safe_one_step_QP,False,0.33251953125,0.0,2.1402290017070804,False,False,False
896,-93.06241688891896,-5681.361562891501,9.1855335014401,6.691568852028171,33.49641511360103,26.322365026010225,0.2,0.0,0.0,25.39335422542832,50.185932125111485,191.50243682564476,210.1093903194104,0.0,0.0,0.0,0.0,9.020562075079397e-17,1.1102230246251565e-16,0.26014284641297625,-0.05033574002966734,nan,nan,0.0015567908318344875,6.227451340208839e-06,6062.295176868557,True,True,True,Z_mode_existing_controller,False,0.05060201485354432,0.0,0.0,False,False,False,0.2,-0.19251959025859833,0.0006101675098761916,25.308579994805154,50.16228896142849,187.2756364332823,210.06903881560802,-0.9625979065895081,0.0030508374329656363,-0.06620831835796318,-0.0015909690470811214,-0.06620831835796309,-0.0015909690470810034,0.26014284641297625,-0.05033574002966734,-0.32560894130464346,-0.048479270725753344,0.001557750484530592,6.643953438889875e-06,5969.232759979638,True,True,True,Z_mode_existing_controller,False,0.05060201485354432,0.0,6.622743089006369,False,False,False
897,-8.595655954721224,-5689.9572188462225,8.066771597519502,6.538899576880911,41.55817274932239,23.414374953062293,0.2,0.0,0.0,25.4137810226882,50.185638496155015,187.4769330983451,209.2280609136165,0.0,0.0,0.0,0.0,4.163336342344337e-17,5.551115123125783e-17,0.055419921875,0.0,nan,nan,0.0027433830547737657,-6.759328786184408e-05,5853.256896545095,False,True,True,Omega_safe_one_step_QP,False,0.33251953125,0.0,0.0,False,False,False,0.2,-0.08812292665243149,-0.01383607741445303,25.32596195281371,50.161381806641316,186.83401398225624,209.32455861401363,-0.44061461091041565,-0.06918038427829742,-0.029732466588228423,-8.734897902526462e-06,-0.029732466588228354,-8.73489790266524e-06,0.055419921875,0.0,-0.387939453125,-0.06961133575508925,0.0027363471697852107,-6.75398995772375e-05,5844.661240590373,False,True,True,Omega_safe_one_step_QP,False,0.33251953125,0.0,2.9732467871311217,False,False,False
898,128.95536337640715,-5561.001855469815,8.438706106901645,5.332928905108004,42.614248379770466,28.289677641154256,0.2,0.0,0.0,25.448678248573103,50.183244362037456,180.62347860822126,207.62195316585417,0.0,0.0,0.0,0.0,-8.326672684688674e-17,-1.3877787807814457e-17,0.055419921875,0.0,nan,nan,0.0018559543565435906,8.852953823735308e-05,5729.362438033531,False,True,True,Omega_safe_one_step_QP,False,0.33251953125,0.0,0.0,False,False,False,0.2,0.051350753754377365,0.0186653733253479,25.360608912385775,50.15893651832754,185.8955601487115,208.83837781181737,0.2567537724971771,0.0933268666267395,0.025852581272455585,0.010568934580745537,0.02585258127245546,0.010568934580745662,0.055419921875,0.0,0.387939453125,0.12086679814747334,0.0018432661608676435,8.735333550141428e-05,5858.3178014099385,False,True,True,Omega_safe_one_step_QP,False,0.33251953125,0.0,2.792952446106079,False,False,False
899,23.801797356141833,-5537.200058113674,10.153563117109147,6.385928180118917,34.8322030124874,25.34346509555437,0.2,0.0,0.0,25.464602915260663,50.18291489755739,177.48593722439003,206.92822197943067,0.0,0.0,0.0,0.0,-1.1102230246251565e-16,-9.71445146547012e-17,0.055419921875,0.0,nan,nan,0.0004807303039438106,-7.397834556194249e-06,5821.666927330321,False,True,True,Omega_safe_one_step_QP,False,0.33251953125,0.0,0.0,False,False,False,0.2,-0.057190150022506714,-0.022418450564146042,25.38098949682022,50.159443424064364,178.24000109275525,206.53609361588707,-0.28595075011253357,-0.11209224909543991,-0.013449677026228846,-0.004633796960170661,-0.013449677026228901,-0.004633796960170675,0.055419921875,0.0,-0.387939453125,-0.17379619089435167,0.0004851041958564041,-7.3395146254181046e-06,5845.468724686463,False,True,True,Omega_safe_one_step_QP,False,0.33251953125,0.0,1.4225536417933529,False,False,False
900,-3.7117958586077293,-5540.911853972281,10.390940809621087,4.603686193179666,35.1529504531861,29.508235602107863,0.2,0.0,0.0,25.457305277048953,50.18018074612724,178.95467914350044,207.08006277832476,0.0,0.0,0.0,0.0,1.3877787807814457e-16,-4.163336342344337e-17,0.055419921875,0.0,nan,nan,-0.0007721937890402728,0.0001210107342857385,5880.774497745526,False,True,True,Omega_safe_one_step_QP,False,0.33251953125,0.0,0.0,False,False,False,0.2,-0.10223976522684097,-0.05073282867670059,25.374727171021718,50.15689287359537,178.57836205779088,205.8518714667241,-0.5111988186836243,-0.25366413593292236,-0.025636081911058484,-0.013182364370931218,-0.025636081911058595,-0.013182364370931218,0.055419921875,0.0,-0.387939453125,-0.22000124084967093,-0.000767233366698453,0.00012099062197543889,5877.062701886918,False,True,True,Omega_safe_one_step_QP,False,0.33251953125,0.0,2.882678313927005,False,False,False
901,-31.042996482471608,-5571.954850454753,9.433270800426461,4.4114208560294275,36.56963411143587,26.29329772787036,0.2,0.0,0.0,25.432436671152207,50.18024989942231,183.85433715132214,208.12587832045946,0.0,0.0,0.0,0.0,-1.249000902703301e-16,-5.551115123125783e-17,0.055419921875,0.0,nan,nan,0.00020298386899511448,1.9871172000735567e-05,5905.147131783568,False,True,True,Omega_safe_one_step_QP,False,0.33251953125,0.0,0.0,False,False,False,0.2,-0.13445161283016205,0.011215581558644772,25.349983160546273,50.15698697090953,182.23990881688096,209.83796143832666,-0.6722580194473267,0.05607790872454643,-0.04065541504581431,0.015746616551130146,-0.040655415045814255,0.015746616551130188,0.055419921875,0.0,-0.387939453125,0.03698381243208683,0.00020355691000896025,1.98822245500187e-05,5874.104135301096,False,True,True,Omega_safe_one_step_QP,False,0.33251953125,0.0,4.359837961846458,False,False,False
902,4.214118525255799,-5567.740731929497,10.43211245673279,4.3834099592284,40.73195448017805,21.48205744904564,0.2,0.0,0.0,25.42624790581905,50.17905691259093,185.08634698876716,208.3157722596111,0.0,0.0,0.0,0.0,1.1102230246251565e-16,1.1102230246251565e-16,0.055419921875,0.0,nan,nan,-0.0007903103767536144,-9.668050360823978e-05,6033.171461931459,False,True,True,Omega_safe_one_step_QP,False,0.33251953125,0.0,0.0,False,False,False,0.2,-0.09496881067752838,0.007013196591287851,25.342850200540028,50.15553812317577,184.97606021859045,209.57582418927092,-0.4748440384864807,0.03506598249077797,-0.030334996598748568,0.010467113704057507,-0.03033499659874865,0.010467113704057646,0.055419921875,0.0,-0.387939453125,0.032740922364749105,-0.0007866421138663757,-9.689338031490806e-05,6037.385580456715,False,True,True,Omega_safe_one_step_QP,False,0.33251953125,0.0,3.209006836919755,False,False,False
903,-69.44682638478389,-5637.187558314281,10.796795422141546,5.918263315869521,41.16196082247852,25.23499024137728,0.2,0.0,0.0,25.406182255652027,50.17572734362448,189.07915195496625,208.97248504651174,0.0,0.0,0.0,0.0,-1.249000902703301e-16,-9.71445146547012e-17,0.055419921875,0.0,nan,nan,-0.000249619753183594,2.2499869194295575e-05,6166.189778236895,False,True,True,Omega_safe_one_step_QP,False,0.33251953125,0.0,0.0,False,False,False,0.2,-0.18328285217285156,0.003877697279676795,25.323108827036712,50.15220168848714,185.9338937830073,209.26267353269276,-0.9164142608642578,0.019388485699892044,-0.06281966311433017,0.00041647186489846,-0.06281966311433029,0.00041647186489841836,0.26014284641297625,-0.05033574002966734,-0.32560894130464346,-0.037943047058825,-0.0002467075461184713,2.2181382913944716e-05,6096.742951852111,True,True,True,Z_mode_existing_controller,False,0.05060201485354432,0.0,6.282104362880479,False,False,False
904,-78.02773980554593,-5715.215298119827,8.971842042299402,7.56780079582826,42.962897253852645,25.064169029477117,0.2,0.0,0.0,25.397539193899163,50.17540990367635,190.78469588237945,209.31386326590535,0.0,0.0,0.0,0.0,1.3877787807814457e-17,2.7755575615628914e-17,0.26014284641297625,-0.05033574002966734,nan,nan,0.002417532104987765,-1.666218949746348e-06,6021.988955677184,True,True,True,Z_mode_existing_controller,False,0.05060201485354432,0.0,0.0,False,False,False,0.2,-0.1900576800107956,0.002991038840264082,25.312319887949503,50.15141849169336,187.1791459625609,209.4992462199493,-0.9502884149551392,0.014955193735659122,-0.06527520364719556,-0.00017145388617198498,-0.06527520364719565,-0.00017145388617208213,0.26014284641297625,-0.05033574002966734,-0.32560894130464346,-0.04111745246708105,0.0024168957483465528,-1.2409875731981407e-06,5943.961215871638,True,True,True,Z_mode_existing_controller,False,0.05060201485354432,0.0,6.527542881987038,False,False,False
905,30.46951343341516,-5684.745784686412,10.778667340012815,5.062139426345931,39.32737901510555,25.495037097934055,0.2,0.0,0.0,25.430314986129183,50.17487487958139,184.3275870172788,207.8993136844637,0.0,0.0,0.0,0.0,9.71445146547012e-17,-1.249000902703301e-16,0.055419921875,0.0,nan,nan,-0.0007987636964377873,2.2221996530325493e-05,6049.009829169573,False,True,True,Omega_safe_one_step_QP,False,0.33251953125,0.0,0.0,False,False,False,0.2,-0.05706373602151871,-0.01246517151594162,25.34253261273163,50.15036329975817,185.32420804250143,207.98222335061962,-0.28531867265701294,-0.0623258575797081,-0.01770530270329372,-0.0008414555203505036,-0.01770530270329361,-0.0008414555203505175,0.055419921875,0.0,-0.387939453125,-0.09684873507916866,-0.0007923519916784162,2.2354657801227154e-05,6079.479342602988,False,True,True,Omega_safe_one_step_QP,False,0.33251953125,0.0,1.772528677364597,False,False,False
906,-35.647668678291666,-5720.393453364703,9.22133305015085,3.9706095550100926,40.10872663607609,26.082780222413522,0.2,0.0,0.0,25.409507502242512,50.17381662808097,188.43991367505978,208.7121532146738,0.0,0.0,0.0,0.0,-8.326672684688674e-17,-1.249000902703301e-16,0.055419921875,0.0,nan,nan,0.0002890363151850557,2.3055035542761133e-05,5993.265585178856,False,True,True,Omega_safe_one_step_QP,False,0.33251953125,0.0,0.0,False,False,False,0.2,-0.1315770000219345,0.005097513552755117,25.32300494131831,50.14951772359297,186.62090716508055,210.08783010298367,-0.657884955406189,0.025487566366791725,-0.04629225577599077,0.011979298789171533,-0.04629225577599085,0.011979298789171665,0.055419921875,0.0,-0.387939453125,0.017176485422427785,0.00028795906564661137,2.313568117765538e-05,5957.617916500564,False,True,True,Omega_safe_one_step_QP,False,0.33251953125,0.0,4.781711560006517,False,False,False
907,-20.025294843612755,-5740.418748208316,10.911410381149437,5.664964423655423,39.91011203956722,27.922378730746292,0.2,0.0,0.0,25.408421362607555,50.17341632560634,188.6566812525027,208.73079200182957,0.0,0.0,0.0,0.0,-7.632783294297951e-17,9.71445146547012e-17,0.055419921875,0.0,nan,nan,-0.0005518103000281005,9.944285796910542e-05,6167.746179645003,False,True,True,Omega_safe_one_step_QP,False,0.33251953125,0.0,0.0,False,False,False,0.2,-0.12915074825286865,0.007403016090393066,25.320801242144682,50.1488422652138,187.54556931637362,209.29522596976759,-0.6457537412643433,0.03701508045196533,-0.04436843458195561,0.003029272344397843,-0.04436843458195558,0.0030292723443977876,0.26014284641297625,-0.05033574002966734,-0.32560894130464346,-0.016760015784076487,-0.0005468971513169973,9.935046431786432e-05,6147.720884801391,True,True,True,Z_mode_existing_controller,False,0.05060201485354432,0.0,4.447172672822378,False,False,False
908,-21.25811882594371,-5761.67686703426,8.915436231440559,3.811011044958639,39.590041450734944,27.09862030963625,0.2,0.0,0.0,25.394903027848294,50.174578589887304,191.30591787734193,209.35881376427054,0.0,0.0,0.0,0.0,9.020562075079397e-17,1.3877787807814457e-17,0.26014284641297625,-0.05033574002966734,nan,nan,0.0005318130213393758,4.732415850432605e-05,6030.509021035477,True,True,True,Z_mode_existing_controller,False,0.05060201485354432,0.0,0.0,False,False,False,0.2,-0.18267709016799927,0.019459834322333336,25.306833089709574,50.1498626387602,190.10167809412755,210.30989031514687,-0.9133854508399963,0.09729917347431183,-0.04260092233647973,0.007395063136536532,-0.042600922336479705,0.00739506313653656,0.26014284641297625,-0.05033574002966734,-0.2148780955420409,0.00026627482387697743,0.0005285280095807237,4.74253001469414e-05,6009.250902209534,True,True,True,Z_mode_existing_controller,False,0.05060201485354432,0.0,4.323801039261807,False,False,False
909,49.88974573834457,-5711.787121295915,9.482651177945678,5.704322513387523,41.41715195764226,22.359348712888156,0.2,0.0,0.0,25.39982672680618,50.1751069579635,190.32699521466847,209.17547022783074,0.0,0.0,0.0,0.0,0.0,4.163336342344337e-17,0.26014284641297625,-0.05033574002966734,nan,nan,0.0009441883344374518,-8.076742533599237e-05,6063.908284267212,True,True,True,Z_mode_existing_controller,False,0.05060201485354432,0.0,0.0,False,False,False,0.2,-0.08330211043357849,0.011568757705390453,25.311110583504327,50.150227396281544,192.16088560566848,209.68783535314913,-0.41651055216789246,0.05784378945827484,-0.010238371054219684,0.003372203736640003,-0.010238371054219621,0.00337220373663992,0.26014284641297625,-0.05033574002966734,-0.10422251906852514,0.00026627482387697743,0.0009412392243147126,-8.099830104725233e-05,6113.798030005557,True,True,True,Z_mode_existing_controller,False,0.05060201485354432,0.0,1.077942484018932,False,False,False
910,-2.245418297042306,-5714.032539592958,10.908928525560246,5.362831445513634,37.431936428676046,23.9972506615468,0.2,0.0,0.0,25.410124888913018,50.17292030187268,188.3205089167452,208.61655083366605,0.0,0.0,0.0,0.0,1.1102230246251565e-16,-8.326672684688674e-17,0.055419921875,0.0,nan,nan,-0.0008013379377600713,-2.8488932236390638e-05,6160.185055579888,False,True,True,Omega_safe_one_step_QP,False,0.33251953125,0.0,0.0,False,False,False,0.2,-0.0867699608206749,0.003978592809289694,25.3232305230015,50.14836818267975,187.9377347060839,209.58937577723026,-0.4338497817516327,0.019892964512109756,-0.03028129936116125,0.008285420278832625,-0.030281299361161362,0.008285420278832556,0.055419921875,0.0,-0.387939453125,0.020328998706726085,-0.0007957252745453914,-2.8597180361415037e-05,6157.939637282846,False,True,True,Omega_safe_one_step_QP,False,0.33251953125,0.0,3.1394351087371724,False,False,False
911,-80.35157218860513,-5794.384111781563,9.279553988970004,4.309780900573911,39.71124373900896,26.213123206574735,0.2,0.0,0.0,25.392587179975372,50.171473410167714,191.7928163303655,209.27035464964416,0.0,0.0,0.0,0.0,-1.734723475976807e-17,1.3877787807814457e-17,0.26014284641297625,-0.05033574002966734,nan,nan,0.0003875011388709132,2.5953881986193715e-05,6079.132364282593,True,True,True,Z_mode_existing_controller,False,0.05060201485354432,0.0,0.0,False,False,False,0.2,-0.19207227230072021,0.001744791865348816,25.30584076742621,50.146883398251475,188.10268346646308,209.36684860095355,-0.9603613615036011,0.00872395932674408,-0.0660365323196443,-0.0009218337646627744,-0.06603653231964436,-0.0009218337646626495,0.26014284641297625,-0.05033574002966734,-0.32560894130464346,-0.04501474839416933,0.00038758364786973653,2.626383891111972e-05,5998.780792093988,True,True,True,Z_mode_existing_controller,False,0.05060201485354432,0.0,6.604296615305158,False,False,False
912,-83.89440571061732,-5878.27851749218,10.468259308473906,5.471544359615327,39.310589819976165,24.166499783469828,0.2,0.0,0.0,25.395758215236626,50.171658287858165,191.16345323653275,209.14192709615284,0.0,0.0,0.0,0.0,-6.245004513516506e-17,-6.938893903907228e-17,0.26014284641297625,-0.05033574002966734,nan,nan,-0.00023215886901649288,-2.1185026471564044e-05,6184.63287290853,True,True,True,Z_mode_existing_controller,False,0.05060201485354432,0.0,0.0,False,False,False,0.2,-0.19006094336509705,0.006637557875365019,25.306398117203436,50.146535926588115,187.37915726297206,209.49212467537774,-0.9503046870231628,0.03318778797984123,-0.06548422660088762,0.0019644681311254686,-0.06548422660088773,0.001964468131125524,0.26014284641297625,-0.05033574002966734,-0.32560894130464346,-0.029879346818434793,-0.0002299059913209462,-2.1434055375358025e-05,6100.7384671979125,True,True,True,Z_mode_existing_controller,False,0.05060201485354432,0.0,6.55136861163727,False,False,False
913,-88.61359395497948,-5966.89211144716,9.312322732628243,4.874549377589265,38.0220563255106,26.140938789567212,0.2,0.0,0.0,25.389113311864367,50.170802340764205,192.48142761774866,209.36957880138502,0.0,0.0,0.0,0.0,1.1796119636642288e-16,6.938893903907228e-17,0.26014284641297625,-0.05033574002966734,nan,nan,0.0006030768434028852,1.8171410380445324e-05,6099.053166469771,True,True,True,Z_mode_existing_controller,False,0.05060201485354432,0.0,0.0,False,False,False,0.2,-0.1938295215368271,-0.0007560265948995948,25.297106429213716,50.14511559899286,188.43234085178486,209.251812615226,-0.9691476225852966,-0.003780132858082652,-0.06692013991403195,-0.0024044767182027638,-0.06692013991403194,-0.002404476718202875,0.26014284641297625,-0.05033574002966734,-0.32560894130464346,-0.052620448396139594,0.0006033942319577613,1.8507667679776773e-05,6010.4395725147915,True,True,True,Z_mode_existing_controller,False,0.05060201485354432,0.0,6.69633230537583,False,False,False
914,-92.26990807947732,-6059.162019526637,12.291102269519042,4.936665909560539,43.58723627456169,25.398020585485718,0.2,0.0,0.0,25.396089571568957,50.170940460497704,191.1024633178055,209.07836266230763,0.0,0.0,0.0,0.0,4.163336342344337e-17,5.551115123125783e-17,0.26014284641297625,-0.05033574002966734,nan,nan,-0.002313689113211505,5.969008924590043e-05,6367.501127014059,True,True,True,Z_mode_existing_controller,False,0.05060201485354432,0.0,0.0,False,False,False,0.2,-0.19067688286304474,0.008041423745453358,25.301203226464647,50.144673570792484,187.06552132798365,209.4549373917466,-0.9533843994140625,0.040207117795944214,-0.0659685615221502,0.0027805515185650026,-0.06596856152215008,0.002780551518564961,0.26014284641297625,-0.05033574002966734,-0.32560894130464346,-0.02563280664850116,-0.0023084211930226107,5.855856865184285e-05,6275.231218934582,True,True,True,Z_mode_existing_controller,False,0.05060201485354432,0.0,6.602713514949047,False,False,False
915,-90.42063164323827,-6149.582651169875,8.365571098206049,5.587197705443696,43.39489248721538,24.17148046261235,0.2,0.0,0.0,25.358173471674252,50.171694647748375,198.56622338436478,210.7112422008551,0.0,0.0,0.0,0.0,-4.163336342344337e-17,-6.938893903907228e-18,0.26014284641297625,-0.05033574002966734,nan,nan,0.0020341256637083313,-3.758160823373255e-05,6144.129513309724,True,True,True,Z_mode_existing_controller,False,0.05060201485354432,0.0,0.0,False,False,False,0.2,-0.1930581033229828,0.0019872754346579313,25.260503421672297,50.14480764693038,194.3589536020431,210.7059419260793,-0.9652904868125916,0.009936376474797726,-0.06692534753731622,-0.0007897755872630502,-0.06692534753731627,-0.0007897755872629392,0.26014284641297625,-0.05033574002966734,-0.32560894130464346,-0.04430620737342469,0.0020311880232744316,-3.6761640871349325e-05,6053.7088816664855,True,True,True,Z_mode_existing_controller,False,0.05060201485354432,0.0,6.693000738434737,False,False,False
916,-90.40053821533911,-6239.983189385214,9.233007035646269,6.00269991091084,37.33362603460291,26.386307499523088,0.2,0.0,0.0,25.39164542108998,50.17166039230625,191.96599193580937,209.2949347297253,0.0,0.0,0.0,0.0,2.42861286636753e-17,-2.7755575615628914e-17,0.26014284641297625,-0.05033574002966734,nan,nan,0.001248507069092324,2.2089455726353666e-05,6078.32451913476,True,True,True,Z_mode_existing_controller,False,0.05060201485354432,0.0,0.0,False,False,False,0.2,-0.19005535542964935,-0.00717241782695055,25.2909420791812,50.14417755732339,187.8226806095263,208.74239352618596,-0.950276792049408,-0.035862088203430176,-0.06601557546842962,-0.006124693272686499,-0.06601557546842968,-0.006124693272686471,0.26014284641297625,-0.05033574002966734,-0.32560894130464346,-0.07244117639001837,0.001248660620168351,2.248871850215456e-05,5987.9239809194205,True,True,True,Z_mode_existing_controller,False,0.05060201485354432,0.0,6.629908047712598,False,False,False
917,-32.2640730637404,-6272.247262448955,9.692089625501628,4.69277569375806,36.53624459475785,24.810656008751707,0.2,0.0,0.0,25.407874394962846,50.17179506913634,188.76301246373498,208.61394358624034,0.0,0.0,0.0,0.0,-4.163336342344337e-17,8.326672684688674e-17,0.055419921875,0.0,nan,nan,7.012190043339996e-05,-2.2060909349663673e-05,6048.938667439652,False,True,True,Omega_safe_one_step_QP,False,0.33251953125,0.0,0.0,False,False,False,0.2,-0.11795458942651749,0.006730604916810989,25.30424811305114,50.143735396248644,187.0544069970155,209.85702413913438,-0.5897729396820068,0.03365302458405495,-0.041438321940412075,0.011968005415843835,-0.04143832194041209,0.011968005415843891,0.055419921875,0.0,-0.387939453125,0.025298522115989784,7.08098893030468e-05,-2.2117066765460556e-05,6016.6745943759115,False,True,True,Omega_safe_one_step_QP,False,0.33251953125,0.0,4.313197976989821,False,False,False
918,-62.460738976921675,-6334.708001425876,9.17011388392184,4.8453427045416655,42.97310814574213,22.314961806447016,0.2,0.0,0.0,25.40377814850678,50.17054925571994,189.5831414980595,208.71285525032476,0.0,0.0,0.0,0.0,-6.938893903907228e-17,-4.163336342344337e-17,0.055419921875,0.0,nan,nan,0.000856973879987244,-8.082061816574223e-05,6014.78935885432,False,True,True,Omega_safe_one_step_QP,False,0.33251953125,0.0,0.0,False,False,False,0.2,-0.17202596366405487,0.0075019346550107,25.29922040300393,50.1422425428483,186.5925047761448,209.11537061390945,-0.8601298332214355,0.037509672343730927,-0.0597985774192,0.002653299630052952,-0.059798577419199944,0.002653299630053063,0.26014284641297625,-0.05033574002966734,-0.32560894130464346,-0.024791505067003547,0.0008557415904608219,-8.060633669894086e-05,5952.3286198773985,True,True,True,Z_mode_existing_controller,False,0.05060201485354432,0.0,5.985741274300867,False,False,False
919,-35.55352905091331,-6370.26153047679,9.609296762818545,7.134879449397061,41.38511875844473,26.325070682307302,0.2,0.0,0.0,25.412166714079973,50.16825888726453,187.9543353707959,208.22865441726665,0.0,0.0,0.0,0.0,-6.938893903907228e-17,-1.3877787807814457e-16,0.055419921875,0.0,nan,nan,0.0015797959968771953,3.98760959255777e-05,6019.385882328932,False,True,True,Omega_safe_one_step_QP,False,0.33251953125,0.0,0.0,False,False,False,0.2,-0.13552935421466827,-0.01924632489681244,25.305614442177074,50.13953046821387,186.11929668694088,208.56199615751376,-0.6776467561721802,-0.0962316244840622,-0.04711439232248898,0.0022240046151954657,-0.04711439232248909,0.0022240046151956044,0.055419921875,0.0,-0.387939453125,-0.06296081484887778,0.0015798234684700667,3.992670360245302e-05,5983.832353278019,False,True,True,Omega_safe_one_step_QP,False,0.33251953125,0.0,4.7166854468427735,False,False,False
920,49.92336092761161,-6320.338169549178,7.803536441273849,5.583424921954014,38.72977012284287,25.4019753359127,0.2,0.0,0.0,25.430057308771243,50.168135547859826,184.42682592591316,207.46351842139043,0.0,0.0,0.0,0.0,-4.163336342344337e-17,1.1102230246251565e-16,0.055419921875,0.0,nan,nan,0.0025320195790015723,-1.8816308535860114e-05,5757.395255137679,False,True,True,Omega_safe_one_step_QP,False,0.33251953125,0.0,0.0,False,False,False,0.2,-0.05022918060421944,-0.013239957392215729,25.322473322025253,50.13916961299266,186.28184639299624,207.51588910221668,-0.2511458992958069,-0.06619978696107864,-0.015979033558067887,-0.0015473196587340032,-0.015979033558067762,-0.0015473196587341004,0.055419921875,0.0,-0.387939453125,-0.11686551848600708,0.0025175179602984783,-1.95001010252268e-05,5807.31861606529,False,True,True,Omega_safe_one_step_QP,False,0.33251953125,0.0,1.6053775617472728,False,False,False
921,92.3902700461058,-6227.947899503072,10.043862662939322,3.2988823114632106,37.18928723856979,24.55610003677302,0.2,0.0,0.0,25.45931417168363,50.166291150383294,178.67884795731794,206.12517011169803,0.0,0.0,0.0,0.0,5.551115123125783e-17,9.71445146547012e-17,0.055419921875,0.0,nan,nan,-0.0010681682558541842,-2.2733264701615052e-05,5841.49194484618,False,True,True,Omega_safe_one_step_QP,False,0.33251953125,0.0,0.0,False,False,False,0.2,-0.02493315190076828,-0.052162643522024155,25.353472956751,50.13767044549314,182.27035946400377,205.12603634971524,-0.1246657595038414,-0.2608132064342499,0.0012322068148884202,-0.012163100574775487,0.0012322068148884757,-0.012163100574775418,0.055419921875,0.0,-0.10352064215389137,-0.33251953125,-0.001064242906740362,-2.2579860142692317e-05,5933.882214892285,False,True,True,Omega_safe_one_step_QP,False,0.33251953125,0.0,1.2225356813883321,False,False,False
922,33.90078045239807,-6194.047119050674,12.004622913109195,4.9929852021125285,43.097449600083024,24.31441363430852,0.2,0.0,0.0,25.42981976050918,50.16348085411959,184.52432061717556,207.2074727926083,0.0,0.0,0.0,0.0,1.3877787807814457e-17,-9.71445146547012e-17,0.055419921875,0.0,nan,nan,-0.002010644361805096,1.9167599150198477e-05,6174.886446716758,False,True,True,Omega_safe_one_step_QP,False,0.33251953125,0.0,0.0,False,False,False,0.2,-0.06527995318174362,-0.024413570761680603,25.327396838248855,50.13552826345169,185.6038800737815,206.8789778164126,-0.3263997733592987,-0.12206785380840302,-0.020627926703483915,-0.005016675528197984,-0.020627926703484012,-0.005016675528197914,0.055419921875,0.0,-0.387939453125,-0.16580871993400959,-0.0019956271767248126,1.96091254155547e-05,6208.787227169156,False,True,True,Omega_safe_one_step_QP,False,0.33251953125,0.0,2.122918730049583,False,False,False
923,-72.82136335596715,-6266.868482406641,7.813834766282643,4.469365416887001,37.343084883753995,20.98148722902624,0.2,0.0,0.0,25.391031176529594,50.16242340612355,192.18140131062802,208.77749252530242,0.0,0.0,0.0,0.0,-1.0061396160665481e-16,-8.326672684688674e-17,0.26014284641297625,-0.05033574002966734,nan,nan,0.0019923392988115004,-0.0001576595082857107,5939.864434572181,True,True,True,Z_mode_existing_controller,False,0.05060201485354432,0.0,0.0,False,False,False,0.2,-0.19247284531593323,0.0005503666470758617,25.29014504729482,50.134722921626036,188.69512776446157,208.79920031221175,-0.9623641967773438,0.0027518332935869694,-0.06671440147301821,-0.0016255244317354006,-0.0667144014730183,-0.0016255244317353451,0.26014284641297625,-0.05033574002966734,-0.32560894130464346,-0.048660811564326306,0.001988137801154034,-0.0001567810497669416,5867.043071216214,True,True,True,Z_mode_existing_controller,False,0.05060201485354432,0.0,6.6734201827707835,False,False,False
924,17.388538291473196,-6249.479944115168,9.715898476334734,6.041464524783012,45.31380235937773,25.11669546305056,0.2,0.0,0.0,25.418623437960765,50.159021038327545,186.7799118448403,207.4235754071802,0.0,0.0,0.0,0.0,2.7755575615628914e-17,1.3877787807814457e-17,0.055419921875,0.0,nan,nan,0.0009902646940252312,1.9739554367578273e-05,6001.982556133438,False,True,True,Omega_safe_one_step_QP,False,0.33251953125,0.0,0.0,False,False,False,0.2,-0.1289944052696228,-0.16714636981487274,25.315282443736365,50.130842049743165,187.30359366586381,203.47267114347267,-0.644972026348114,-0.8357318043708801,-0.02521121228413461,-0.0410372718480925,-0.025211212284134664,-0.04103727184809258,0.055419921875,0.0,-0.2012004236439301,-0.33251953125,0.0009896429646505944,2.0176960999324447e-05,6019.3710944249115,False,True,True,Omega_safe_one_step_QP,False,0.33251953125,0.0,4.816287891696218,False,False,False
925,111.56303501287312,-6137.916909102295,10.2222376837039,3.821977330734037,43.19157897916904,25.009048820150458,0.2,0.0,0.0,25.426727314312927,50.15833685680046,185.18833501587721,207.03968689481133,0.0,0.0,0.0,0.0,4.163336342344337e-17,-1.3877787807814457e-16,0.055419921875,0.0,nan,nan,-0.0008176676377767472,1.598824724053814e-05,6015.317868945423,False,True,True,Omega_safe_one_step_QP,False,0.33251953125,0.0,0.0,False,False,False,0.2,-0.013962428085505962,-0.1406387984752655,25.324242065197758,50.13042494360725,189.6373126899406,203.82931353771465,-0.06981214135885239,-0.7031939625740051,0.012216708431353515,-0.03404779959836318,0.012216708431353529,-0.0340477995983631,0.055419921875,0.0,0.02240783635920391,-0.33251953125,-0.0008145051604485174,1.652695022099932e-05,6126.880903958296,False,True,True,Omega_safe_one_step_QP,False,0.33251953125,0.0,3.617320309824653,False,False,False
926,-78.6182666849918,-6216.535175787287,9.508084065226765,5.063624753618996,41.69312622124937,25.95513193453369,0.2,0.0,0.0,25.40639792968172,50.15733242957888,189.205791772377,207.8353915505029,0.0,0.0,0.0,0.0,9.71445146547012e-17,1.3877787807814457e-17,0.055419921875,0.0,nan,nan,0.0005878736145576719,2.8611347422662255e-05,6040.463556582584,False,True,True,Omega_safe_one_step_QP,False,0.33251953125,0.0,0.0,False,False,False,0.2,-0.18467381596565247,0.006112168543040752,25.30800012429098,50.13029435420982,185.56454160120393,208.13854395898338,-0.9233690500259399,0.030560841783881187,-0.06399805353811415,0.0017112402884685435,-0.06399805353811427,0.0017112402884684602,0.26014284641297625,-0.05033574002966734,-0.32560894130464346,-0.030949052034963183,0.0005883852229066821,2.8797714188946537e-05,5961.845289897592,True,True,True,Z_mode_existing_controller,False,0.05060201485354432,0.0,6.402092782826725,False,False,False
927,-82.0255096551391,-6298.560685442426,11.449236397918648,3.602108753601761,45.621998331665196,27.64832331180716,0.2,0.0,0.0,25.41047738423868,50.15720688551751,188.4010084638149,207.65167345199654,0.0,0.0,0.0,0.0,-1.3877787807814457e-17,1.249000902703301e-16,0.055419921875,0.0,nan,nan,-0.002235211708837761,0.00012315149195434786,6215.932895620562,False,True,True,Omega_safe_one_step_QP,False,0.33251953125,0.0,0.0,False,False,False,0.2,-0.18240444362163544,-0.0010229897452518344,25.309559352851046,50.12964223131075,184.6859805537155,209.26773252216503,-0.9120222330093384,-0.0051149483770132065,-0.0638474415567297,0.0150820673286962,-0.06384744155672963,0.015082067328696186,0.055419921875,0.0,-0.387939453125,-0.0024865188867167795,-0.002230259893094471,0.0001224914840630221,6133.907385965423,False,True,True,Omega_safe_one_step_QP,False,0.33251953125,0.0,6.560460767543181,False,False,False
928,-73.18341404861258,-6371.7440994910385,11.297460771806207,6.067712899169209,37.940477920165634,24.122441482658807,0.2,0.0,0.0,25.371545356774003,50.15884765356404,196.05462428381108,209.37610047478157,0.0,0.0,0.0,0.0,-2.2551405187698492e-17,1.249000902703301e-16,0.26014284641297625,-0.05033574002966734,nan,nan,-0.0007336237553681178,-1.6645215627909653e-05,6390.154639895707,True,True,True,Z_mode_existing_controller,False,0.05060201485354432,0.0,0.0,False,False,False,0.2,-0.19799292087554932,0.011582039296627045,25.268124267161816,50.130691672981754,192.7103124915337,210.0974224667875,-0.9899646043777466,0.05791019648313522,-0.06866632696061196,0.004780432157352556,-0.068666326960612,0.004780432157352493,0.26014284641297625,-0.05033574002966734,-0.32560894130464346,-0.01607087746077126,-0.0007291471553942733,-1.7217267596868527e-05,6316.9712258470945,True,True,True,Z_mode_existing_controller,False,0.05060201485354432,0.0,6.883252857387069,False,False,False
929,-71.47495124816487,-6443.219050739203,12.589391876752465,4.957086032374546,38.34743057619087,25.70324709320939,0.2,0.0,0.0,25.36146236967189,50.15887669412255,198.0399734283388,209.79720386470348,0.0,0.0,0.0,0.0,-6.245004513516506e-17,0.0,0.26014284641297625,-0.05033574002966734,nan,nan,-0.002755947651780879,5.070199185919894e-05,6574.377607554777,True,True,True,Z_mode_existing_controller,False,0.05060201485354432,0.0,0.0,False,False,False,0.2,-0.18783222138881683,0.013618797063827515,25.255841651641006,50.13021722190894,194.81899018986257,210.60121780145573,-0.9391610622406006,0.06809398531913757,-0.06527682150667061,0.006076297029877151,-0.06527682150667063,0.0060762970298770674,0.26014284641297625,-0.05033574002966734,-0.32560894130464346,-0.007865738515989956,-0.0027476112443824766,4.970877512264064e-05,6502.902656306612,True,True,True,Z_mode_existing_controller,False,0.05060201485354432,0.0,6.555901777489523,False,False,False
930,-157.0013233686068,-6600.22037410781,8.336569779238461,5.645841831000566,42.307440374674755,21.32611895385811,0.2,0.0,0.0,25.322686489812266,50.16056097294384,205.6622962107653,211.51745220495025,0.0,0.0,0.0,0.0,-1.249000902703301e-16,1.3877787807814457e-17,0.055419921875,0.0,nan,nan,0.0020523548562538727,-0.0001286525268752608,6308.47361223779,False,True,True,Omega_safe_one_step_QP,False,0.33251953125,0.0,0.0,False,False,False,0.2,-0.1937394142150879,-0.04667873680591583,25.215032999411015,50.13140814337982,198.56970905791235,210.49421791251874,-0.9686970710754395,-0.23339368402957916,-0.10213017583981523,-0.011773611284927737,-0.10213017583981518,-0.011773611284927779,0.055419921875,0.0,-0.387939453125,-0.10682109089627172,0.0020522838601802224,-0.0001270294834727025,6151.472288869183,False,True,True,Omega_safe_one_step_QP,False,0.33251953125,0.0,10.280656953599882,False,False,False
931,116.2433129962119,-6483.977061111598,10.644640397112596,5.008624854912807,38.46949989070031,25.53759103554943,0.2,0.0,0.0,25.362334358104732,50.159837398685475,197.85268031576754,209.80322963954092,0.0,0.0,0.0,0.0,2.42861286636753e-17,0.0,0.26014284641297625,-0.05033574002966734,nan,nan,-0.0007027867022645234,1.9450886403873978e-05,6366.600978806402,True,True,True,Z_mode_existing_controller,False,0.05060201485354432,0.0,0.0,False,False,False,0.2,-0.17575733363628387,-0.037137459963560104,25.249395203350144,50.129678956254274,202.37057948153108,209.123100281391,-0.8787866234779358,-0.18568730354309082,-0.0002640834584800855,-0.010672410179014394,-0.00026408345848000225,-0.010672410179014283,0.26014284641297625,-0.05033574002966734,0.020662946171839586,-0.10093775488321166,-0.0006981974223138638,1.9918474273856578e-05,6482.844291802614,True,True,True,Z_mode_existing_controller,False,0.05060201485354432,0.0,1.0675676985661027,False,False,False
932,-91.28042554944022,-6575.2574866610385,10.484213790218543,5.305833058071533,44.61323748691662,28.04103974380861,0.2,0.0,0.0,25.35419820898304,50.16086539828821,199.44248314157986,210.19729232705473,0.0,0.0,0.0,0.0,6.938893903907228e-17,1.3877787807814457e-17,0.26014284641297625,-0.05033574002966734,nan,nan,-0.00019855779284031145,0.00011681536114297722,6386.888050069728,True,True,True,Z_mode_existing_controller,False,0.05060201485354432,0.0,0.0,False,False,False,0.2,-0.17220266163349152,-0.0589284673333168,25.245466539583933,50.13152399290339,195.33771172733046,208.89389455029306,-0.8610132932662964,-0.2946423292160034,-0.0816919199013149,-0.016203459956395314,-0.08169191990131487,-0.01620345995639534,0.055419921875,0.0,-0.387939453125,-0.151719422910046,-0.0001978092450825187,0.00011656994881341435,6295.607624520288,False,True,True,Omega_safe_one_step_QP,False,0.33251953125,0.0,8.328338304680795,False,False,False
933,-87.19606423329151,-6662.45355089433,9.365318783923684,4.754508195901726,42.65672234923427,28.662352077650468,0.2,0.0,0.0,25.354937352649753,50.16408502497934,199.25684652854383,210.33816145332688,0.0,0.0,0.0,0.0,6.938893903907228e-18,-1.0408340855860843e-16,0.26014284641297625,-0.05033574002966734,nan,nan,0.0005906281594036122,0.0001103565943815785,6265.582653231114,True,True,True,Z_mode_existing_controller,False,0.05060201485354432,0.0,0.0,False,False,False,0.2,-0.1886124461889267,0.014610856771469116,25.243356068882335,50.13418595735305,195.15825387375224,212.4868979827382,-0.9430621862411499,0.07305428385734558,-0.09086906890564858,0.016793221510426233,-0.09086906890564858,0.016793221510426316,0.055419921875,0.0,-0.387939453125,0.03434481900480953,0.0005887842165336801,0.00011075349468327552,6178.386588997822,False,True,True,Omega_safe_one_step_QP,False,0.33251953125,0.0,9.240779173033916,False,False,False
934,-71.92974478612086,-6734.383295680451,12.004093135595031,4.731338773089081,41.691984045590594,23.915209133811132,0.2,0.0,0.0,25.367351236391013,50.16713858368043,196.77163429783468,209.97832929677054,0.0,0.0,0.0,0.0,1.1102230246251565e-16,0.0,0.26014284641297625,-0.05033574002966734,nan,nan,-0.0021988239390037098,3.8304255923398214e-06,6480.537389293229,True,True,True,Z_mode_existing_controller,False,0.05060201485354432,0.0,0.0,False,False,False,0.2,-0.19962280988693237,0.0734265074133873,25.252898080169533,50.136598821792006,193.3768067048434,214.9848814778331,-0.9981140494346619,0.3671325147151947,-0.09305349027074827,0.043895556354721824,-0.09305349027074827,0.04389555635472193,0.055419921875,0.0,-0.387939453125,0.16307921150729837,-0.0021917346779059786,2.7007416029651383e-06,6408.6076445071085,False,True,True,Omega_safe_one_step_QP,False,0.33251953125,0.0,10.28871805389711,False,False,False
935,-75.30979045951699,-6809.693086139968,9.287222867566538,3.9114025866883444,39.920655838409296,24.200393347881946,0.2,0.0,0.0,25.335858878974378,50.16766813145439,202.97169091063353,211.3284178997382,0.0,0.0,0.0,0.0,-9.71445146547012e-17,-1.3877787807814457e-17,0.055419921875,0.0,nan,nan,0.00016906157139984397,-3.4807843962962864e-05,6346.9040559767745,False,True,True,Omega_safe_one_step_QP,False,0.33251953125,0.0,0.0,False,False,False,0.2,-0.19172760844230652,-0.0060771191492676735,25.219249687766602,50.13648960497334,199.38190112646683,212.60041330464324,-0.9586380124092102,-0.030385594815015793,-0.10274465731203666,0.00538682220848348,-0.10274465731203665,0.0053868222084834175,0.055419921875,0.0,-0.387939453125,-0.014052998259927774,0.0001658331142672803,-3.460491295394349e-05,6271.594265517258,False,True,True,Omega_safe_one_step_QP,False,0.33251953125,0.0,10.288577384494733,False,False,False
936,-40.3823592310473,-6850.075445371015,10.17165384836445,6.050858168405011,37.11232136676138,22.895243570296383,0.2,0.0,0.0,25.345011130562906,50.16838628179034,201.1569484135103,210.9775124699334,0.0,0.0,0.0,0.0,-6.938893903907228e-17,7.632783294297951e-17,0.055419921875,0.0,nan,nan,0.0003406039063504002,-7.171921392250214e-05,6396.8020634569,False,True,True,Omega_safe_one_step_QP,False,0.33251953125,0.0,0.0,False,False,False,0.2,-0.1823616921901703,-0.010775364935398102,25.225942457075707,50.13667229856467,199.07536432504978,212.17493157181121,-0.911808431148529,-0.05387682467699051,-0.09592245456678336,0.003305386303132103,-0.09592245456678336,0.0033053863031320754,0.055419921875,0.0,-0.387939453125,-0.026197163481972385,0.0003407716219570797,-7.188673021939706e-05,6356.419704225853,False,True,True,Omega_safe_one_step_QP,False,0.33251953125,0.0,9.597938772845742,False,False,False
937,-30.057679403049406,-6880.1331247740645,10.59977508274496,5.277294054797421,37.152229298424366,26.048691062122472,0.2,0.0,0.0,25.355233508350153,50.16808276288111,199.14326528099616,210.5253751597917,0.0,0.0,0.0,0.0,1.1102230246251565e-16,-1.0408340855860843e-16,0.26014284641297625,-0.05033574002966734,nan,nan,-0.0005333347103929622,2.8939933631931276e-05,6393.1040652596585,True,True,True,Z_mode_existing_controller,False,0.05060201485354432,0.0,0.0,False,False,False,0.2,-0.19004014134407043,-0.011964228935539722,25.234987691575892,50.13607006728899,197.4970995710969,211.8640789809585,-0.9502006769180298,-0.05982114374637604,-0.09720589631291354,0.003804151238705332,-0.09720589631291347,0.0038041512387053805,0.055419921875,0.0,-0.387939453125,-0.027912276983703237,-0.0005304887809478073,2.8809308293871634e-05,6363.046385856609,False,True,True,Omega_safe_one_step_QP,False,0.33251953125,0.0,9.728030553325699,False,False,False
938,-24.93799197782664,-6905.071116751891,10.321685514486258,4.995123461683347,37.41961144745126,25.069045562533304,0.2,0.0,0.0,25.350682291386136,50.169480702856525,200.02199492163362,210.78884369075377,0.0,0.0,0.0,0.0,-1.0408340855860843e-16,5.551115123125783e-17,0.26014284641297625,-0.05033574002966734,nan,nan,-0.000402874995910719,-3.125500733090064e-06,6385.308848881316,True,True,True,Z_mode_existing_controller,False,0.05060201485354432,0.0,0.0,False,False,False,0.2,-0.1907121241092682,0.006415311247110367,25.22965706279301,50.13723617661947,198.5607603752361,212.95785652487814,-0.9535605907440186,0.032076556235551834,-0.10013717781992905,0.011335443016421164,-0.10013717781992895,0.011335443016421066,0.055419921875,0.0,-0.387939453125,0.01491404072097531,-0.0004017454595594116,-3.2698312710232333e-06,6360.37085690349,False,True,True,Omega_safe_one_step_QP,False,0.33251953125,0.0,10.077671680561254,False,False,False
939,-18.326920609127228,-6923.398037361018,11.69975971789312,8.408251356445781,37.65850708524079,24.58160774666709,0.2,0.0,0.0,25.34881062670675,50.17037033160144,200.37846546274062,210.91154090815402,0.0,0.0,0.0,0.0,9.71445146547012e-17,-9.71445146547012e-17,0.26014284641297625,-0.05033574002966734,nan,nan,0.00038922649274988766,1.8888825699127886e-06,6537.429617665713,True,True,True,Z_mode_existing_controller,False,0.05060201485354432,0.0,0.0,False,False,False,0.2,-0.1904878318309784,-0.005418737884610891,25.227133421882584,50.13790003713649,199.22254052814625,212.588993651319,-0.9524391293525696,-0.027093689888715744,-0.10154894358068758,0.005709728946568342,-0.1015489435806875,0.005709728946568439,0.055419921875,0.0,-0.387939453125,-0.012612082455438,0.0003981418887880339,1.6403106449928203e-06,6519.102697056585,False,True,True,Omega_safe_one_step_QP,False,0.33251953125,0.0,10.170933559411816,False,False,False
940,1.0730347794587942,-6922.32500258156,12.085320072414476,5.46657095739903,39.007904845979645,23.511395697388497,0.2,0.0,0.0,25.35911270545415,50.17141345828519,198.3332281139532,210.53009698385222,0.0,0.0,0.0,0.0,1.3183898417423734e-16,9.020562075079397e-17,0.26014284641297625,-0.05033574002966734,nan,nan,-0.001870419456699135,-1.9046381266252937e-05,6528.06355501435,True,True,True,Z_mode_existing_controller,False,0.05060201485354432,0.0,0.0,False,False,False,0.2,-0.18836867809295654,-0.011070515029132366,25.23715046208832,50.138778475799604,197.97354642467894,212.066717467932,-0.9418433904647827,-0.05535257235169411,-0.09725828461309939,0.0037233460022955897,-0.09725828461309946,0.0037233460022954856,0.055419921875,0.0,-0.387939453125,-0.02605643716320033,-0.0018577320139984855,-1.915006274059506e-05,6529.1365897938085,False,True,True,Omega_safe_one_step_QP,False,0.33251953125,0.0,9.732952908205965,False,False,False
941,-27.70403642952806,-6950.029039011088,9.971256987391751,5.4881664060344475,39.144211375528606,24.246303281416402,0.2,0.0,0.0,25.333825487428157,50.17171782408786,203.3126722496613,211.6065438489011,0.0,0.0,0.0,0.0,5.551115123125783e-17,1.3183898417423734e-16,0.055419921875,0.0,nan,nan,0.00027683811977748324,-2.622733058155191e-05,6427.204619775459,False,True,True,Omega_safe_one_step_QP,False,0.33251953125,0.0,0.0,False,False,False,0.2,-0.1955091506242752,-0.04910329729318619,25.212281061778366,50.13905237890997,201.78850749384392,211.3069650451523,-0.9775457382202148,-0.24551647901535034,-0.11111221222787115,-0.014983652717420776,-0.11111221222787107,-0.014983652717420887,0.055419921875,0.0,-0.387939453125,-0.11135236958900233,0.0002750307363830855,-2.620327901323334e-05,6399.500583345931,False,True,True,Omega_safe_one_step_QP,False,0.33251953125,0.0,11.211794483903,False,False,False
942,0.22044564264251676,-6949.808593368445,7.840702231295527,5.544946238988357,36.75817189471357,24.212280349095597,0.2,0.0,0.0,25.344864599000847,50.172651007658665,201.12343304366868,211.18802520693973,0.0,0.0,0.0,0.0,1.1102230246251565e-16,4.163336342344337e-17,0.055419921875,0.0,nan,nan,0.0023971645601031377,-6.506157650210207e-05,6149.8303239627485,False,True,True,Omega_safe_one_step_QP,False,0.33251953125,0.0,0.0,False,False,False,0.2,-0.1883760392665863,-0.056602783501148224,25.222576174039837,50.13982403886025,200.7786230651334,210.67101546623113,-0.9418801665306091,-0.2830139100551605,-0.10377348529918212,-0.0179093970928602,-0.10377348529918219,-0.017909397092860116,0.055419921875,0.0,-0.387939453125,-0.13321956876274946,0.0023818963694011985,-6.507323068774865e-05,6150.050769605391,False,True,True,Omega_safe_one_step_QP,False,0.33251953125,0.0,10.530756266939859,False,False,False
943,106.8892920107237,-6842.919301357721,9.746584323692701,5.168698976232085,39.83982140972496,23.554103951481146,0.2,0.0,0.0,25.385895226563587,50.17246537399193,193.03490277301248,209.44518042570792,0.0,0.0,0.0,0.0,-1.249000902703301e-16,-1.3877787807814457e-16,0.26014284641297625,-0.05033574002966734,nan,nan,0.0003506268512451654,-4.7183330637278094e-05,6156.225078972221,True,True,True,Z_mode_existing_controller,False,0.05060201485354432,0.0,0.0,False,False,False,0.2,-0.13109564781188965,-0.02145150676369667,25.263618954217325,50.13967097006333,197.15640985144773,210.54259713572264,-0.6554782390594482,-0.10725753009319305,-0.06199275614871297,-0.002294416276135011,-0.06199275614871311,-0.0022944162761349488,0.055419921875,0.0,-0.387939453125,-0.07254799675125644,0.00034734730572268287,-4.746234263922782e-05,6263.114370982945,False,True,True,Omega_safe_one_step_QP,False,0.33251953125,0.0,6.203520098268402,False,False,False
944,141.4234140750068,-6701.495887282715,7.3127238025318,5.692430120338015,38.64889513863257,23.755566332502493,0.2,0.0,0.0,25.389538617746954,50.17138213654631,192.32736440221365,209.22719596720012,0.0,0.0,0.0,0.0,5.898059818321144e-17,-1.3877787807814457e-17,0.26014284641297625,-0.05033574002966734,nan,nan,0.0030530397157097966,-7.732422857197746e-05,5890.957961737772,True,True,True,Z_mode_existing_controller,False,0.05060201485354432,0.0,0.0,False,False,False,0.2,-0.08651513606309891,-0.028044048696756363,25.271071031527725,50.13928162974145,198.18545416886195,209.74038817752754,-0.43257567286491394,-0.14022023975849152,-0.03988944844388352,-0.007420739334144562,-0.03988944844388355,-0.007420739334144437,0.055419921875,0.0,-0.387939453125,-0.1437157989741258,0.003021068444177334,-7.965531985759276e-05,6032.381375812779,False,True,True,Omega_safe_one_step_QP,False,0.33251953125,0.0,4.057382739430142,False,False,False
945,317.4969660790648,-6383.99892120365,10.822486902615685,3.5688337398954353,40.82942160479725,26.137439979998746,0.2,0.0,0.0,25.433136268388267,50.16958912827131,183.75169084779117,207.2878889756371,0.0,0.0,0.0,0.0,1.3877787807814457e-17,-2.7755575615628914e-17,0.055419921875,0.0,nan,nan,-0.001699505460133462,4.825130851832289e-05,6039.713580331172,False,True,True,Omega_safe_one_step_QP,False,0.33251953125,0.0,0.0,False,False,False,0.2,0.12430136650800705,-0.09612578898668289,25.319438065349637,50.13843327300065,196.57409145768443,207.83167833673946,0.6215068101882935,-0.48062893748283386,0.036471110974597515,-0.006122138471671992,0.036471110974597376,-0.0061221384716719784,0.26014284641297625,-0.05033574002966734,0.31074486126652057,-0.08946772014188488,-0.0016848550146776886,4.966459974747146e-05,6357.210546410237,True,True,True,Z_mode_existing_controller,False,0.05060201485354432,0.0,3.6981380655509963,False,False,False
946,213.5142674869967,-6170.484653716653,9.80639750957016,5.4657067434689965,39.24845649641494,24.684609610914062,0.2,0.0,0.0,25.39835843843665,50.168980928091,190.61283217294,208.7137763629884,0.0,0.0,0.0,0.0,2.0816681711721685e-17,-9.71445146547012e-17,0.26014284641297625,-0.05033574002966734,nan,nan,0.00043606461704829685,-1.4541967433995186e-05,6104.179627669264,True,True,True,Z_mode_existing_controller,False,0.05060201485354432,0.0,0.0,False,False,False,0.2,-0.10422511398792267,-0.033980146050453186,25.295749337248523,50.139952543247375,199.30461695265865,209.0269831009507,-0.5211255550384521,-0.16990073025226593,0.009221048701001912,-0.006328800878007912,0.009221048701002044,-0.006328800878007981,0.26014284641297625,-0.05033574002966734,0.10493454453285897,-0.10093775488321166,0.0004327847148635029,-1.4808425220878526e-05,6317.693895156261,True,True,True,Z_mode_existing_controller,False,0.05060201485354432,0.0,1.1183982282699123,False,False,False
947,191.1246400940363,-5979.360013622617,8.031834728294164,4.94866244911093,43.199691432479405,22.41214659631509,0.2,0.0,0.0,25.401290622084204,50.16818376582793,190.04213583540334,208.54147265166876,0.0,0.0,0.0,0.0,-1.249000902703301e-16,-5.551115123125783e-17,0.055419921875,0.0,nan,nan,0.002096219129934979,-9.364774683160446e-05,5910.635455162787,False,True,True,Omega_safe_one_step_QP,False,0.33251953125,0.0,0.0,False,False,False,0.2,0.004187933634966612,-0.05354760214686394,25.30611223100762,50.14059084075831,198.0509334363547,208.99659371846843,0.020939668640494347,-0.26773801445961,0.013283176081731948,-0.003251539849805876,0.013283176081732025,-0.003251539849805793,0.26014284641297625,-0.05033574002966734,0.2641004070040372,-0.10093775488321166,0.002071513245686906,-9.592319401675138e-05,6101.760095256824,True,True,True,Z_mode_existing_controller,False,0.05060201485354432,0.0,1.3675352946566686,False,False,False
948,255.5338152421191,-5723.826198380498,9.42116454335412,3.8426524074130812,38.11986954331751,26.60929840722437,0.2,0.0,0.0,25.428655518823582,50.165718051045154,184.67446557985937,207.24867297420337,0.0,0.0,0.0,0.0,-8.326672684688674e-17,-1.1102230246251565e-16,0.055419921875,0.0,nan,nan,-4.4006424284800515e-05,3.474297805691187e-05,5924.045393016985,False,True,True,Omega_safe_one_step_QP,False,0.33251953125,0.0,0.0,False,False,False,0.2,0.1088317260146141,-0.12118303030729294,25.3400035299701,50.13940345270775,195.31648946172706,204.88725278762607,0.5441586375236511,-0.6059151291847229,0.048193413329822375,-0.030147009472375808,0.048193413329822375,-0.03014700947237582,0.055419921875,0.0,0.35404815742697093,-0.33251953125,-5.142589633985858e-05,3.4061491313424784e-05,6179.579208259104,False,True,True,Omega_safe_one_step_QP,False,0.33251953125,0.0,5.684582014982826,False,False,False
949,133.50867814391495,-5590.317520236583,10.597654427563967,2.7479990695719896,37.364436078114586,30.966077623754938,0.2,0.0,0.0,25.41948495830748,50.16499321774042,186.48882566132596,207.589943173909,0.0,0.0,0.0,0.0,-6.938893903907228e-17,-9.71445146547012e-17,0.055419921875,0.0,nan,nan,-0.0020206901485883846,0.00017635966591344966,6085.326143199835,False,True,True,Omega_safe_one_step_QP,False,0.33251953125,0.0,0.0,False,False,False,0.2,-0.002344835549592972,-0.12106093019247055,25.339724626643633,50.14048582913132,191.86599954646542,204.98615634025305,-0.011724177747964859,-0.6053046584129333,0.010871965615907787,-0.030248675684474563,0.010871965615907718,-0.030248675684474494,0.055419921875,0.0,0.04897933351532552,-0.33251953125,-0.0020143813829205793,0.0001766773259096366,6218.83482134375,False,True,True,Omega_safe_one_step_QP,False,0.33251953125,0.0,3.214314883482953,False,False,False
950,-60.50182660167684,-5650.81934683826,9.05298705742743,5.1841865180084525,41.95530949847545,26.827055806207007,0.2,0.0,0.0,25.382166924166153,50.16738438617552,193.8154497169606,209.28771159427637,0.0,0.0,0.0,0.0,-1.3010426069826053e-16,5.551115123125783e-17,0.26014284641297625,-0.05033574002966734,nan,nan,0.0011211709993738813,4.869639448497158e-05,6103.446748982457,True,True,True,Z_mode_existing_controller,False,0.05060201485354432,0.0,0.0,False,False,False,0.2,-0.18721039593219757,-0.012848466634750366,25.307204741994415,50.14386617540045,191.00720973472198,208.66105489808697,-0.9360519647598267,-0.06424233317375183,-0.06377332692772375,-0.009420656873606756,-0.0637733269277238,-0.009420656873606659,0.26014284641297625,-0.05033574002966734,-0.32560894130464346,-0.09053656468611927,0.0011200071802999652,4.9024967506430166e-05,6042.944922380781,True,True,True,Z_mode_existing_controller,False,0.05060201485354432,0.0,6.446538608711315,False,False,False
951,38.59984576903844,-5612.219501069221,11.733833721284585,5.860217114770696,36.08301180253916,24.246819538381068,0.2,0.0,0.0,25.398029358030925,50.168353815328715,190.67493241344732,208.66811312662927,0.0,0.0,0.0,0.0,-6.938893903907228e-18,-4.163336342344337e-17,0.26014284641297625,-0.05033574002966734,nan,nan,-0.0013628871817165263,-1.6520342951258007e-05,6301.798160570282,True,True,True,Z_mode_existing_controller,False,0.05060201485354432,0.0,0.0,False,False,False,0.2,-0.056479956954717636,-0.0028330343775451183,25.321105394511513,50.144459868905834,192.01016758814404,208.70052373723777,-0.2823997735977173,-0.014165171422064304,-0.019282887999214224,-0.0022310548530563856,-0.01928288799921424,-0.0022310548530564828,0.26014284641297625,-0.05033574002966734,-0.32560894130464346,-0.07971704697087097,-0.001352630095711356,-1.6139304948809235e-05,6340.39800633932,True,True,True,Z_mode_existing_controller,False,0.05060201485354432,0.0,1.9411526868012992,False,False,False
952,-78.21987514974535,-5690.439376218967,9.955823721104773,6.106168565747219,40.01612075522982,25.61810578335284,0.2,0.0,0.0,25.374030660231785,50.16752899493663,195.4136545404739,209.62823874992182,0.0,0.0,0.0,0.0,1.3357370765021415e-16,0.0,0.26014284641297625,-0.05033574002966734,nan,nan,0.000656931254222634,1.8154532314519547e-05,6234.717849235551,True,True,True,Z_mode_existing_controller,False,0.05060201485354432,0.0,0.0,False,False,False,0.2,-0.18859128654003143,-0.00582546042278409,25.29867947045248,50.14390381467723,191.88944865648688,209.2946369621074,-0.9429563879966736,-0.029127301648259163,-0.06439481978570583,-0.005320893598657492,-0.06439481978570571,-0.005320893598657547,0.26014284641297625,-0.05033574002966734,-0.32560894130464346,-0.06842922631700815,0.0006574212015885827,1.8190926813121e-05,6156.497974085805,True,True,True,Z_mode_existing_controller,False,0.05060201485354432,0.0,6.461427647139406,False,False,False
953,-63.94044974604731,-5754.379825965014,7.506494608422313,3.966157119698734,35.99937337618163,25.428355424154937,0.2,0.0,0.0,25.384250961056033,50.16813561343244,193.389684026903,209.22626055654518,0.0,0.0,0.0,0.0,-1.1796119636642288e-16,-2.7755575615628914e-17,0.26014284641297625,-0.05033574002966734,nan,nan,0.002084423332292382,-3.2419533758520566e-05,5936.266072854167,True,True,True,Z_mode_existing_controller,False,0.05060201485354432,0.0,0.0,False,False,False,0.2,-0.18861642479896545,-0.01739978790283203,25.30638469178062,50.14400648631605,190.36274914290786,208.23743479294285,-0.9430820941925049,-0.08699893951416016,-0.057525827468473574,-0.011453245280333577,-0.057525827468473636,-0.011453245280333452,0.26014284641297625,-0.05033574002966734,-0.28839091633169556,-0.10093775488321166,0.002081115988710962,-3.1463285543327176e-05,5872.3256231081195,True,True,True,Z_mode_existing_controller,False,0.05060201485354432,0.0,5.865490306346162,False,False,False
954,1.6709657739838804,-5752.70886019103,8.510836532753595,3.764152972485463,39.859503723461415,26.82773711462244,0.2,0.0,0.0,25.414207919264943,50.16741510875742,187.49049157161747,207.92028979068547,0.0,0.0,0.0,0.0,6.938893903907228e-17,-6.938893903907228e-17,0.055419921875,0.0,nan,nan,0.0009703361984552219,3.549776737451311e-05,5899.75218196414,False,True,True,Omega_safe_one_step_QP,False,0.33251953125,0.0,0.0,False,False,False,0.2,-0.08164313435554504,-0.002447847044095397,25.334182426539392,50.14289980016793,187.29296526077604,208.60868482691927,-0.4082156717777252,-0.012239234521985054,-0.02775985177831064,0.005635166707412348,-0.027759851778310696,0.005635166707412431,0.055419921875,0.0,-0.387939453125,-0.013292923454402174,0.00096521141083337,3.54351618708055e-05,5901.423147738124,False,True,True,Omega_safe_one_step_QP,False,0.33251953125,0.0,2.8326038808384637,False,False,False
955,12.75331275589997,-5739.95554743513,13.286179828766953,3.8644495275580564,42.05280765991519,26.290685168409997,0.2,0.0,0.0,25.42257671518549,50.16713904750759,185.8419091744839,207.547740734628,0.0,0.0,0.0,0.0,1.249000902703301e-16,-1.1102230246251565e-16,0.055419921875,0.0,nan,nan,-0.0042028330312495425,9.135098916198759e-05,6335.794106769478,False,True,True,Omega_safe_one_step_QP,False,0.33251953125,0.0,0.0,False,False,False,0.2,-0.07991573214530945,0.014259747229516506,25.342664613232003,50.14262200296699,186.0642877565636,209.03230828028484,-0.39957866072654724,0.07129873335361481,-0.02605430314009996,0.013163537915086482,-0.026054303140100085,0.013163537915086579,0.055419921875,0.0,-0.387939453125,0.0791107388948259,-0.0041862493792618645,9.151960935835379e-05,6348.547419525378,False,True,True,Omega_safe_one_step_QP,False,0.33251953125,0.0,2.9190845184032526,False,False,False
956,-138.44255257495934,-5878.398100010089,8.97097136410193,4.710654819882201,38.43542010722466,24.974752006065675,0.2,0.0,0.0,25.351985338251232,50.16772493909742,199.74920513271536,210.54725302961572,0.0,0.0,0.0,0.0,4.85722573273506e-17,-1.1102230246251565e-16,0.26014284641297625,-0.05033574002966734,nan,nan,0.0008813970744665266,-2.0881395532143868e-05,6236.7126163185485,True,True,True,Z_mode_existing_controller,False,0.05060201485354432,0.0,0.0,False,False,False,0.2,-0.19624537229537964,-0.00025150651345029473,25.272851943654054,50.143255064035976,193.53994007665182,211.80937821536764,-0.9812268614768982,-0.0012575325090438128,-0.09149301491053131,0.010768601455077277,-0.09149301491053136,0.010768601455077242,0.055419921875,0.0,-0.387939453125,-0.0005682058603854125,0.0008831406268065747,-2.0156020789772588e-05,6098.270063743589,False,True,True,Omega_safe_one_step_QP,False,0.33251953125,0.0,9.212455999741334,False,False,False
957,-50.709840337854985,-5929.107940347944,10.00354067942209,5.837864682200815,39.88278365036801,27.04241592323328,0.2,0.0,0.0,25.369157975042693,50.168223985481546,196.35593634843738,209.84663493583906,0.0,0.0,0.0,0.0,9.194034422677078e-17,-6.938893903907228e-17,0.26014284641297625,-0.05033574002966734,nan,nan,0.0004580082235509157,6.106802554739759e-05,6262.406787312596,True,True,True,Z_mode_existing_controller,False,0.05060201485354432,0.0,0.0,False,False,False,0.2,-0.19110780954360962,0.003076238790526986,25.28536960000351,50.14279209925409,193.95056595510255,210.2080932000747,-0.9555390477180481,0.015381193719804287,-0.06535411030820257,-0.00013217559661894696,-0.06535411030820261,-0.00013217559661883593,0.26014284641297625,-0.05033574002966734,-0.32560894130464346,-0.04090696589793158,0.0004582402984986307,6.105949584729359e-05,6211.696946974741,True,True,True,Z_mode_existing_controller,False,0.05060201485354432,0.0,6.5354243967511785,False,False,False
958,-63.0757459295437,-5992.183686277488,10.506271475018918,5.5828631716024635,38.43548355660418,21.773575750679374,0.2,0.0,0.0,25.3771718729361,50.169834063506855,194.75512795334367,209.59274175699267,0.0,0.0,0.0,0.0,6.743737512859838e-17,-8.326672684688674e-17,0.26014284641297625,-0.05033574002966734,nan,nan,-0.00022715526785487504,-9.576307706569368e-05,6276.172143309925,True,True,True,Z_mode_existing_controller,False,0.05060201485354432,0.0,0.0,False,False,False,0.2,-0.1943937987089157,0.008120468817651272,25.29180505546404,50.14406068105517,191.84164433554315,210.1738950649326,-0.971968948841095,0.040602345019578934,-0.06662555336962606,0.002789235626221298,-0.06662555336962594,0.0027892356262211593,0.26014284641297625,-0.05033574002966734,-0.32560894130464346,-0.025866959859540125,-0.0002252848144522323,-9.602796701800142e-05,6213.096397380381,True,True,True,Z_mode_existing_controller,False,0.05060201485354432,0.0,6.668391258157729,False,False,False
959,-68.06460644303752,-6060.248292720526,10.059739827495314,5.424060066408908,41.45185916455423,23.766191419445942,0.2,0.0,0.0,25.37357960147242,50.16805501724363,195.48220841639593,209.64118787113136,0.0,0.0,0.0,0.0,-1.3097162243624894e-16,-8.326672684688674e-17,0.26014284641297625,-0.05033574002966734,nan,nan,0.00021211160990414495,-3.044050806321483e-05,6247.133909733102,True,True,True,Z_mode_existing_controller,False,0.05060201485354432,0.0,0.0,False,False,False,0.2,-0.19087199866771698,-0.01205633394420147,25.286253919134822,50.14184853462531,192.36515723955088,208.98228201005654,-0.9543600082397461,-0.0602816678583622,-0.06556453539982235,-0.00899372062775769,-0.0655645353998224,-0.008993720627757662,0.26014284641297625,-0.05033574002966734,-0.32560894130464346,-0.08733445754941563,0.0002126359162853515,-3.0391011981458307e-05,6179.069303290064,True,True,True,Z_mode_existing_controller,False,0.05060201485354432,0.0,6.617851096031643,False,False,False
960,-73.03347737245349,-6133.281770092979,8.19080723243038,4.886670806448262,34.21901499340697,25.612162383120264,0.2,0.0,0.0,25.377182989320136,50.16769997252898,194.77400007259163,209.46495534079406,0.0,0.0,0.0,0.0,3.187554387107383e-17,-4.163336342344337e-17,0.26014284641297625,-0.05033574002966734,nan,nan,0.0017046070203016283,-2.4465464691525267e-05,6038.879878688205,True,True,True,Z_mode_existing_controller,False,0.05060201485354432,0.0,0.0,False,False,False,0.2,-0.1924123764038086,-0.011667429469525814,25.28772138915049,50.14107061482148,191.34479818322708,208.7768427643674,-0.962061882019043,-0.058337148278951645,-0.06623465168673509,-0.008781508379270317,-0.06623465168673515,-0.008781508379270456,0.26014284641297625,-0.05033574002966734,-0.32560894130464346,-0.08585433710525914,0.0017021003242944375,-2.369572682324949e-05,5965.846401315752,True,True,True,Z_mode_existing_controller,False,0.05060201485354432,0.0,6.68142497786087,False,False,False
961,-73.79789029646417,-6207.079660389443,11.32490321975361,4.60551533179418,40.49576459391717,28.356261789697346,0.2,0.0,0.0,25.402589160470633,50.1673555149309,189.76751945471455,208.3712872886572,0.0,0.0,0.0,0.0,-6.245004513516506e-17,8.326672684688674e-17,0.055419921875,0.0,nan,nan,-0.001614251007265463,0.0001206514619491862,6237.260008564407,False,True,True,Omega_safe_one_step_QP,False,0.33251953125,0.0,0.0,False,False,False,0.2,-0.1837199181318283,0.0036140938755124807,25.31070201228314,50.14026984375768,186.44006069775753,208.54772756091134,-0.9185996055603027,0.018070468679070473,-0.06337633643928958,0.00025764241620453154,-0.06337633643928953,0.00025764241620460093,0.26014284641297625,-0.05033574002966734,-0.32560894130464346,-0.03881297227488471,-0.0016097109600007181,0.00012013503792728984,6163.462118267943,True,True,True,Z_mode_existing_controller,False,0.05060201485354432,0.0,6.337686013112852,False,False,False
962,-86.34193725546174,-6293.421597644905,9.165006628446172,5.6014088258980514,39.17853804018477,25.146139502696716,0.2,0.0,0.0,25.37407282285961,50.16913713144003,195.36617872658135,209.66496086337642,0.0,0.0,0.0,0.0,5.117434254131581e-17,-4.163336342344337e-17,0.26014284641297625,-0.05033574002966734,nan,nan,0.0011520964763668882,-9.948579219596406e-06,6152.207257999019,True,True,True,Z_mode_existing_controller,False,0.05060201485354432,0.0,0.0,False,False,False,0.2,-0.19739113748073578,0.0045573222450912,25.279957961899324,50.14156229079085,191.3858207455803,209.8443326849798,-0.9869556427001953,0.022786611691117287,-0.06822451434201933,0.0006717818764228611,-0.06822451434201945,0.0006717818764229028,0.26014284641297625,-0.05033574002966734,-0.32560894130464346,-0.03681203432364004,0.0011514289077495304,-9.568255898793963e-06,6065.865320743557,True,True,True,Z_mode_existing_controller,False,0.05060201485354432,0.0,6.822782165725297,False,False,False
963,-84.009913241106,-6377.431510886011,12.212694986649826,3.598248152843691,42.21912862357999,24.252153055381164,0.2,0.0,0.0,25.391676913630118,50.16917155307561,191.89332516544005,208.9206399768964,0.0,0.0,0.0,0.0,-7.632783294297951e-17,-8.326672684688674e-17,0.26014284641297625,-0.05033574002966734,nan,nan,-0.003178895069241227,1.8226898063248426e-05,6380.400319187468,True,True,True,Z_mode_existing_controller,False,0.05060201485354432,0.0,0.0,False,False,False,0.2,-0.18586565554141998,-0.001649442478083074,25.294736650266078,50.14102243700737,188.1899985387751,208.72007505928752,-0.9293282628059387,-0.008247212506830692,-0.06437718422864575,-0.002847199139033904,-0.06437718422864566,-0.002847199139033793,0.26014284641297625,-0.05033574002966734,-0.32560894130464346,-0.055533924048442304,-0.0031728443544076623,1.7281995703908822e-05,6296.390405946362,True,True,True,Z_mode_existing_controller,False,0.05060201485354432,0.0,6.444011477446571,False,False,False
964,-145.0260079500622,-6522.457518836073,8.440090077592647,4.836693463025436,39.968021983761375,21.143297173422784,0.2,0.0,0.0,25.341443781278805,50.16923035562698,201.79345300857926,211.033988904863,0.0,0.0,0.0,0.0,-1.1102230246251565e-16,-9.020562075079397e-17,0.055419921875,0.0,nan,nan,0.0015285338192163424,-0.00013898672927065538,6228.807500033832,False,True,True,Omega_safe_one_step_QP,False,0.33251953125,0.0,0.0,False,False,False,0.2,-0.19038407504558563,-0.01910424791276455,25.242014649421808,50.140537011455784,195.2168369823516,211.22976620354189,-0.9519203901290894,-0.0955212339758873,-0.09206106904026636,0.001406126359872563,-0.09206106904026629,0.001406126359872445,0.055419921875,0.0,-0.387939453125,-0.04448926420143215,0.0015292240291409024,-0.00013774840000552635,6083.78149208377,False,True,True,Omega_safe_one_step_QP,False,0.33251953125,0.0,9.207180689101632,False,False,False
965,-44.35710505070074,-6566.814623886774,8.235275551479507,4.949162967548521,40.71851237158502,22.42978330535552,0.2,0.0,0.0,25.370010011354914,50.16768190266152,196.17817480376033,209.74107142219125,0.0,0.0,0.0,0.0,6.418476861114186e-17,8.326672684688674e-17,0.26014284641297625,-0.05033574002966734,nan,nan,0.001820465083535062,-9.954130844861287e-05,6075.388393973039,True,True,True,Z_mode_existing_controller,False,0.05060201485354432,0.0,0.0,False,False,False,0.2,-0.1786113977432251,-0.003543546423316002,25.26569506146462,50.13801956295815,193.93845215949253,209.62208496328356,-0.8930569887161255,-0.01771773211658001,-0.06191484059656931,-0.0038832579017837876,-0.06191484059656928,-0.003883257901783732,0.26014284641297625,-0.05033574002966734,-0.32560894130464346,-0.061956715390387045,0.0018138054783902674,-9.91087619692468e-05,6031.031288922338,True,True,True,Z_mode_existing_controller,False,0.05060201485354432,0.0,6.203649875702475,False,False,False
966,113.37498438225794,-6453.439639504516,9.488161866088111,5.586932514195615,43.5261885767827,26.02345461154073,0.2,0.0,0.0,25.398315627016487,50.16605464415597,190.615201432705,208.45479601485386,0.0,0.0,0.0,0.0,0.0,6.938893903907228e-17,0.26014284641297625,-0.05033574002966734,nan,nan,0.0009277459442331324,3.6793267540498244e-05,6071.1105507660295,True,True,True,Z_mode_existing_controller,False,0.05060201485354432,0.0,0.0,False,False,False,0.2,-0.04434371739625931,-0.03964656591415405,25.292536273141422,50.13611083089768,195.10457371645984,208.40416503755338,-0.22171857953071594,-0.19823282957077026,0.00806595968307534,-0.0026926577180246686,0.008065959683075292,-0.0026926577180245714,0.26014284641297625,-0.05033574002966734,0.2035457264705954,-0.10093775488321166,0.0009224181071102672,3.6456863200611065e-05,6184.485535148287,True,True,True,Z_mode_existing_controller,False,0.05060201485354432,0.0,0.8503535217510054,False,False,False
967,51.275003073413245,-6402.164636431103,11.08112094345594,6.572752773049828,43.515241441143054,24.99201331569467,0.2,0.0,0.0,25.40863436555802,50.166294684564875,188.57614837109406,208.02854216848945,0.0,0.0,0.0,0.0,-2.7755575615628914e-17,2.7755575615628914e-17,0.055419921875,0.0,nan,nan,-6.26664611762509e-05,2.890421237147821e-05,6181.97269329537,False,True,True,Omega_safe_one_step_QP,False,0.33251953125,0.0,0.0,False,False,False,0.2,-0.0672682449221611,-0.08755681663751602,25.306865613869594,50.13712664830828,190.4338994547136,205.99888426401242,-0.3363412022590637,-0.4377840757369995,-0.014947776940872431,-0.02204571684449061,-0.014947776940872515,-0.02204571684449065,0.055419921875,0.0,-0.20004853995967847,-0.33251953125,-5.417332123212881e-05,2.9445444444955895e-05,6233.247696368783,False,True,True,Omega_safe_one_step_QP,False,0.33251953125,0.0,2.6635496365968803,False,False,False
968,-70.48542039013228,-6472.650056821235,10.628514629733536,5.685615694564603,37.863893553437386,27.83730564984719,0.2,0.0,0.0,25.402409807157863,50.166059894101316,189.8039886933656,208.27274760997605,0.0,0.0,0.0,0.0,4.85722573273506e-17,1.249000902703301e-16,0.055419921875,0.0,nan,nan,-0.00030951573405742,8.507380609882806e-05,6167.9503900887485,False,True,True,Omega_safe_one_step_QP,False,0.33251953125,0.0,0.0,False,False,False,0.2,-0.18875239789485931,0.009953023865818977,25.302711710589985,50.13731952116921,186.54791209554958,208.8367956325658,-0.9437620043754578,0.04976511746644974,-0.0653799503384047,0.0039197512690960085,-0.06537995033840462,0.003919751269096078,0.26014284641297625,-0.05033574002966734,-0.32560894130464346,-0.01944870713566891,-0.00030587680609602767,8.482980451996662e-05,6097.464969698616,True,True,True,Z_mode_existing_controller,False,0.05060201485354432,0.0,6.5497346177260125,False,False,False
969,-77.96021370368453,-6550.6102705249195,11.091129958183807,3.6126433337305563,39.87069557599784,27.49047799485107,0.2,0.0,0.0,25.39349874693018,50.16713985401683,191.54597118950258,208.7023617401402,0.0,0.0,0.0,0.0,9.71445146547012e-17,2.7755575615628914e-17,0.26014284641297625,-0.05033574002966734,nan,nan,-0.0019917598732964604,8.927560906165071e-05,6257.964341159375,True,True,True,Z_mode_existing_controller,False,0.05060201485354432,0.0,0.0,False,False,False,0.2,-0.19144408404827118,0.010924974456429482,25.2916490816144,50.13792036219711,187.99689941282853,209.279544159805,-0.9572204351425171,0.05462487041950226,-0.06644119868067594,0.004461832117643921,-0.066441198680676,0.00446183211764388,0.26014284641297625,-0.05033574002966734,-0.32560894130464346,-0.016909147871252257,-0.0019873844574346154,8.881466340776567e-05,6180.004127455691,True,True,True,Z_mode_existing_controller,False,0.05060201485354432,0.0,6.659084642780197,False,False,False
970,-88.70862120574384,-6639.318891730663,12.61779521031524,5.429966776455618,40.703796639490434,23.986925303813983,0.2,0.0,0.0,25.360791591950303,50.168571679859525,197.97491950030565,210.15327363479958,0.0,0.0,0.0,0.0,1.249000902703301e-16,3.469446951953614e-17,0.26014284641297625,-0.05033574002966734,nan,nan,-0.0023790084187662536,1.0717738787664657e-05,6574.323467151772,True,True,True,Z_mode_existing_controller,False,0.05060201485354432,0.0,0.0,False,False,False,0.2,-0.19714976847171783,0.009408651851117611,25.256572985603693,50.138822795067995,194.0678499893063,210.60075785526317,-0.985748827457428,0.04704325646162033,-0.06855480460581316,0.003515899617500387,-0.06855480460581323,0.0035158996175003523,0.26014284641297625,-0.05033574002966734,-0.32560894130464346,-0.022381689236067582,-0.0023724218178346104,9.473873664212016e-06,6485.614845946028,True,True,True,Z_mode_existing_controller,False,0.05060201485354432,0.0,6.864490355927075,False,False,False
971,-155.42656314894884,-6794.745454879612,8.370664895109634,5.829327517448225,37.56549473445683,22.696104508350857,0.2,0.0,0.0,25.32758866704692,50.16942695108184,204.50838704870452,211.59336077665301,0.0,0.0,0.0,0.0,8.326672684688674e-17,1.1102230246251565e-16,0.055419921875,0.0,nan,nan,0.0020048221498055983,-0.00010169638380190136,6285.21639864896,False,True,True,Omega_safe_one_step_QP,False,0.33251953125,0.0,0.0,False,False,False,0.2,-0.19226567447185516,-0.04269963502883911,25.220754122460637,50.13908089949003,197.48304372098238,210.6524902395795,-0.961328387260437,-0.21349817514419556,-0.09858176935389489,-0.010050270003961692,-0.09858176935389489,-0.01005027000396172,0.055419921875,0.0,-0.387939453125,-0.09846418790622698,0.0020053490768852447,-0.00010016750147574392,6129.789835500012,False,True,True,Omega_safe_one_step_QP,False,0.33251953125,0.0,9.909275037103898,False,False,False
972,-15.502038823300609,-6810.247493702913,12.019298228786955,4.1247441768561455,39.77387116044217,27.023789443150605,0.2,0.0,0.0,25.365544313557802,50.169046239197144,197.02836745682148,209.9693156572247,0.0,0.0,0.0,0.0,1.3530843112619095e-16,1.249000902703301e-16,0.26014284641297625,-0.05033574002966734,nan,nan,-0.0026771986296410424,8.875385958504031e-05,6488.954569461476,True,True,True,Z_mode_existing_controller,False,0.05060201485354432,0.0,0.0,False,False,False,0.2,-0.18689489364624023,-0.01833239383995533,25.253488527650322,50.13770190132991,196.0769272295596,209.1298118730832,-0.9344744682312012,-0.0916619673371315,-0.05198442596923833,-0.011348709747063285,-0.05198442596923832,-0.011348709747063285,0.26014284641297625,-0.05033574002966734,-0.2557340361644973,-0.10093775488321166,-0.0026665942918020595,8.864368735299962e-05,6473.452530638176,True,True,True,Z_mode_existing_controller,False,0.05060201485354432,0.0,5.320877518111372,False,False,False
973,-142.22002899163454,-6952.467522694547,11.1311895166931,4.770560396057709,45.706296236923286,23.96824360551979,0.2,0.0,0.0,25.32708433501891,50.17131433300449,204.58157642377776,211.70844030328533,0.0,0.0,0.0,0.0,-4.163336342344337e-17,-9.020562075079397e-17,0.055419921875,0.0,nan,nan,-0.0011405360426850696,1.0396701975020836e-05,6580.659465422186,False,True,True,Omega_safe_one_step_QP,False,0.33251953125,0.0,0.0,False,False,False,0.2,-0.19232630729675293,-0.042768966406583786,25.214897995574553,50.13990803709956,198.38666399827287,210.87576567316003,-0.9616315364837646,-0.21384482085704803,-0.10077199572125649,-0.010616532597555399,-0.10077199572125645,-0.010616532597555503,0.055419921875,0.0,-0.387939453125,-0.09859297192329092,-0.001140467307945505,9.606619920750586e-06,6438.439436430552,False,True,True,Omega_safe_one_step_QP,False,0.33251953125,0.0,10.132968906514947,False,False,False
974,-133.64036318569197,-7086.107885880239,12.757807801942146,4.4887914956221815,42.37634316845223,24.46382154541572,0.2,0.0,0.0,25.31791461175906,50.17318230061034,206.36528320468668,212.192282241226,0.0,0.0,0.0,0.0,-1.249000902703301e-16,-4.85722573273506e-17,0.055419921875,0.0,nan,nan,-0.0031060746963913694,3.820787514398566e-05,6800.470475096671,False,True,True,Omega_safe_one_step_QP,False,0.33251953125,0.0,0.0,False,False,False,0.2,-0.1958140730857849,-0.05527991056442261,25.201194218693264,50.14086362140752,200.6661427310509,210.89183268702035,-0.9790703654289246,-0.27639955282211304,-0.10859481687031855,-0.017364926639524977,-0.10859481687031855,-0.017364926639525026,0.055419921875,0.0,-0.387939453125,-0.12516396912473765,-0.003102902065958814,3.639111464994371e-05,6666.830111910979,False,True,True,Omega_safe_one_step_QP,False,0.33251953125,0.0,10.997442851997059,False,False,False
975,-139.92417128597026,-7226.03205716621,8.390855441949395,5.035952058870657,39.09926888792459,25.414953383245916,0.2,0.0,0.0,25.280731547285754,50.17587879060833,213.66172541589717,213.90120009948163,0.0,0.0,0.0,0.0,1.1102230246251565e-16,6.938893903907228e-18,0.055419921875,0.0,nan,nan,0.0016286100221097818,-1.681652713662234e-05,6501.981687360812,False,True,True,Omega_safe_one_step_QP,False,0.33251953125,0.0,0.0,False,False,False,0.2,-0.19851894676685333,-0.07589736580848694,25.159943437571048,50.142722064299505,207.308112264932,211.5097115803818,-0.9925947189331055,-0.3794868290424347,-0.12691794525719852,-0.030177289493303096,-0.12691794525719846,-0.030177289493303117,0.055419921875,0.0,-0.387939453125,-0.1695042675625138,0.0016246980558277911,-1.5502974930516012e-05,6362.057516074842,False,True,True,Omega_safe_one_step_QP,False,0.33251953125,0.0,13.045625178377556,False,False,False
976,-82.23051399045016,-7308.26257115666,12.864098065424807,2.2765200122906375,42.24127872015224,26.535093050156515,0.2,0.0,0.0,25.320595435986114,50.178600853426616,205.7690158180423,212.36741708150157,0.0,0.0,0.0,0.0,-8.326672684688674e-17,-8.326672684688674e-17,0.055419921875,0.0,nan,nan,-0.004800204358339748,0.00010155807804803274,6797.673720930292,False,True,True,Omega_safe_one_step_QP,False,0.33251953125,0.0,0.0,False,False,False,0.2,-0.19636677205562592,-0.08225228637456894,25.195119811994992,50.14459753347047,202.14185257428292,210.1640012154866,-0.9818338751792908,-0.4112614393234253,-0.11258210879398195,-0.03044187751368449,-0.11258210879398205,-0.030441877513684497,0.055419921875,0.0,-0.387939453125,-0.18571024974133404,-0.004791177025664315,0.00010041442662441576,6715.443206939842,False,True,True,Omega_safe_one_step_QP,False,0.33251953125,0.0,11.66252079400426,False,False,False
977,-130.27864806732123,-7438.541219223981,12.384315532728994,5.17709747627622,37.37064668391874,23.938021848390445,0.2,0.0,0.0,25.257491269559832,50.182458228548136,218.16182463708435,215.23159223415635,0.0,0.0,0.0,0.0,1.3877787807814457e-16,1.3877787807814457e-17,0.055419921875,0.0,nan,nan,-0.0023743213974810997,-3.6403770244854833e-06,7056.68912598442,False,True,True,Omega_safe_one_step_QP,False,0.33251953125,0.0,0.0,False,False,False,0.2,-0.19906164705753326,-0.0707225352525711,25.129748721694117,50.147991307286425,212.5572226303048,213.0835263820892,-0.9953082203865051,-0.35361266136169434,-0.14039704371681233,-0.03121239917179927,-0.14039704371681241,-0.031212399171799354,0.055419921875,0.0,-0.387939453125,-0.15751652561647372,-0.002372305937607566,-5.131489764426296e-06,6926.410477917098,False,True,True,Omega_safe_one_step_QP,False,0.33251953125,0.0,14.382469797110742,False,False,False
978,-118.08496467865461,-7556.626183902636,10.500131618711187,5.902178017049001,43.018806655801946,22.979417763768296,0.2,0.0,0.0,25.241013622944017,50.18612596726737,221.36502506019224,216.12210428332355,0.0,0.0,0.0,0.0,0.0,1.2815269678778662e-16,0.055419921875,0.0,nan,nan,9.506438235730615e-05,-4.02971182369349e-05,6921.095556366491,False,True,True,Omega_safe_one_step_QP,False,0.33251953125,0.0,0.0,False,False,False,0.2,-0.19790369272232056,-0.09097027778625488,25.10930685461638,50.15087258512046,216.1189316821391,213.04830340318676,-0.9895184636116028,-0.4548513889312744,-0.14816675303518811,-0.042318486108182715,-0.1481667530351881,-0.04231848610818268,0.055419921875,0.0,-0.387939453125,-0.2037987515446772,9.118445464898275e-05,-4.038804888181215e-05,6803.0105916878365,False,True,True,Omega_safe_one_step_QP,False,0.33251953125,0.0,15.409166418557115,False,False,False
979,-71.9451429747669,-7628.5713268774025,9.558989995677987,4.586403233156186,41.67949859042274,24.404279457012024,0.2,0.0,0.0,25.26421517924525,50.18954866440718,216.74884637054652,215.32842783141808,0.0,0.0,0.0,0.0,0.0,5.204170427930421e-17,0.055419921875,0.0,nan,nan,0.00026256337915614783,-1.9295006367823705e-05,6704.15689649089,False,True,True,Omega_safe_one_step_QP,False,0.33251953125,0.0,0.0,False,False,False,0.2,-0.19697098433971405,-0.08079122751951218,25.128762023841084,50.153622525713,213.3526105396626,213.00832819238929,-0.9848548769950867,-0.4039561152458191,-0.14051179786411272,-0.0365888343078878,-0.1405117978641126,-0.03658883430788789,0.055419921875,0.0,-0.387939453125,-0.18185190198753373,0.000255597558898233,-1.9039448504633598e-05,6632.211753516123,False,True,True,Omega_safe_one_step_QP,False,0.33251953125,0.0,14.519747978190026,False,False,False
980,-39.57755563605315,-7668.148882513456,9.890720062248933,6.658103059466546,34.37050861714614,29.608193533225705,0.2,0.0,0.0,25.286101213285757,50.192666132272,212.39559856935227,214.573361319165,0.0,0.0,0.0,0.0,2.7755575615628914e-17,1.249000902703301e-16,0.055419921875,0.0,nan,nan,0.0008750512645592989,0.00011592232833351193,6636.60370329174,False,True,True,Omega_safe_one_step_QP,False,0.33251953125,0.0,0.0,False,False,False,0.2,-0.19814373552799225,-0.11628156155347824,25.14836829867968,50.156349811924876,210.4078963926419,210.93582681805717,-0.9907186627388,-0.5814077854156494,-0.13427854932192568,-0.05109644803401975,-0.13427854932192573,-0.051096448034019755,0.055419921875,0.0,-0.387939453125,-0.26018748620539106,0.0008708070647955903,0.00011564200885461973,6597.026147655687,False,True,True,Omega_safe_one_step_QP,False,0.33251953125,0.0,14.367176413510794,False,False,False
981,2.061532238581094,-7666.087350274875,8.317429306831794,4.478048852787101,45.42587009125712,25.365819437377848,0.2,0.0,0.0,25.31356492523769,50.1978042743252,206.91900660451358,213.69454963283698,0.0,0.0,0.0,0.0,-1.3877787807814457e-17,1.3530843112619095e-16,0.055419921875,0.0,nan,nan,0.0015953257565007924,2.016544602375433e-06,6333.688125993601,False,True,True,Omega_safe_one_step_QP,False,0.33251953125,0.0,0.0,False,False,False,0.2,-0.1952427476644516,-0.07361817359924316,25.1747426299186,50.16135052235168,206.6325366267531,212.1966496665877,-0.9762137532234192,-0.3680908679962158,-0.12267621218446709,-0.030659426509830133,-0.12267621218446705,-0.030659426509830015,0.055419921875,0.0,-0.387939453125,-0.16717295687569697,0.0015786578337458525,1.989009034731497e-06,6335.749658232182,False,True,True,Omega_safe_one_step_QP,False,0.33251953125,0.0,12.64494107136925,False,False,False
982,82.28589297521557,-7583.801457299659,11.248144388630502,4.9130091387044175,42.43212341131878,26.520076378515917,0.2,0.0,0.0,25.34728803941063,50.199801074044906,200.2454121890094,212.37946050591873,0.0,0.0,0.0,0.0,-5.551115123125783e-17,2.7755575615628914e-17,0.26014284641297625,-0.05033574002966734,nan,nan,-0.0012708511358342821,7.443854828496172e-05,6485.434430801966,True,True,True,Z_mode_existing_controller,False,0.05060201485354432,0.0,0.0,False,False,False,0.2,-0.16436974704265594,-0.06256163865327835,25.208571888266082,50.16342595727177,203.24333886547402,211.60368532562202,-0.8218487501144409,-0.31280818581581116,-0.09279560019179564,-0.024001456344020886,-0.09279560019179574,-0.024001456344020844,0.055419921875,0.0,-0.387939453125,-0.16874935632221402,-0.0012612830344336644,7.503719361437716e-05,6567.720323777182,False,True,True,Omega_safe_one_step_QP,False,0.33251953125,0.0,9.584932614050835,False,False,False
983,19.041804096055785,-7564.759653203603,11.909027483474205,3.8435233629463172,39.57263038864644,22.527924211382164,0.2,0.0,0.0,25.332493101961028,50.2022052547999,203.13175771753205,213.12965457844265,0.0,0.0,0.0,0.0,9.71445146547012e-17,-7.632783294297951e-17,0.055419921875,0.0,nan,nan,-0.00273712376430462,-4.7465313343217266e-05,6628.143601415842,False,True,True,Omega_safe_one_step_QP,False,0.33251953125,0.0,0.0,False,False,False,0.2,-0.19655923545360565,-0.029788989573717117,25.196935726295067,50.16642472145371,203.48971542497398,213.69646620247258,-0.9827961325645447,-0.1489449441432953,-0.11601695208342239,-0.01012598777997031,-0.11601695208342251,-0.01012598777997024,0.055419921875,0.0,-0.387939453125,-0.0671920999733542,-0.0027248679503383572,-4.7284434447869474e-05,6647.185405511897,False,True,True,Omega_safe_one_step_QP,False,0.33251953125,0.0,11.645801303150959,False,False,False
984,-11.439493638144086,-7576.199146841747,10.031536683728516,6.617656740141708,38.55196724986726,25.182775140986863,0.2,0.0,0.0,25.298084179102045,50.20261347905848,209.9082420357262,214.59596369730195,0.0,0.0,0.0,0.0,8.326672684688674e-17,-9.71445146547012e-17,0.055419921875,0.0,nan,nan,0.0008282339029464843,4.1539983455622653e-07,6590.910445354817,False,True,True,Omega_safe_one_step_QP,False,0.33251953125,0.0,0.0,False,False,False,0.2,-0.1957862824201584,-0.071103036403656,25.163575497791243,50.16695798523542,209.06347610070551,213.0564288074722,-0.9789313673973083,-0.35551518201828003,-0.12901900795938961,-0.03135912632169282,-0.12901900795938956,-0.03135912632169295,0.055419921875,0.0,-0.387939453125,-0.1610133120198691,0.00082455983121788,4.4863166079192954e-07,6579.470951716673,False,True,True,Omega_safe_one_step_QP,False,0.33251953125,0.0,13.277537127978563,False,False,False
985,17.339691462268092,-7558.859455379479,9.497911033316656,5.432649226713224,41.588167585227744,24.575090117882645,0.2,0.0,0.0,25.322759051194836,50.205030485097375,205.0134544687999,213.68496620081913,0.0,0.0,0.0,0.0,-1.3877787807814457e-17,-1.0408340855860843e-17,0.055419921875,0.0,nan,nan,0.0007801466619636976,-1.4749299256274807e-05,6415.34026422382,False,True,True,Omega_safe_one_step_QP,False,0.33251953125,0.0,0.0,False,False,False,0.2,-0.19582471251487732,-0.08235228061676025,25.188082101400134,50.16936469410364,205.39240319519666,211.87308364102157,-0.9791235327720642,-0.41176140308380127,-0.12011107027777221,-0.034679476068359624,-0.12011107027777226,-0.03467947606835958,0.055419921875,0.0,-0.387939453125,-0.18645070479190698,0.0007728694579930834,-1.47226404305454e-05,6432.679955686088,False,True,True,Omega_safe_one_step_QP,False,0.33251953125,0.0,12.501733985190967,False,False,False
986,56.345884340383236,-7502.513571039096,9.1823173230811,4.920120321349188,41.00017548887553,27.582585339454333,0.2,0.0,0.0,25.342657162355863,50.206378233651186,201.0729274793251,212.91630693808426,0.0,0.0,0.0,0.0,6.938893903907228e-17,-4.163336342344337e-17,0.055419921875,0.0,nan,nan,0.0008244193910227683,6.920050273503519e-05,6287.813617697859,False,True,True,Omega_safe_one_step_QP,False,0.33251953125,0.0,0.0,False,False,False,0.2,-0.18270862102508545,-0.058029770851135254,25.208749441203484,50.170905119371724,203.0905696868226,212.33573119012374,-0.9135431051254272,-0.29014885425567627,-0.10512188025192049,-0.022669562649250498,-0.10512188025192037,-0.02266956264925042,0.055419921875,0.0,-0.387939453125,-0.14081460848210411,0.0008142192414844658,6.890228277788187e-05,6344.159502038242,False,True,True,Omega_safe_one_step_QP,False,0.33251953125,0.0,10.753845255724762,False,False,False
987,80.61408631486938,-7421.899484724227,12.26255193577641,5.305692163067766,38.55754061032549,22.95086569250372,0.2,0.0,0.0,25.35995632126884,50.208789892834666,197.6322346730075,212.31557787425587,0.0,0.0,0.0,0.0,3.122502256758253e-17,9.71445146547012e-17,0.26014284641297625,-0.05033574002966734,nan,nan,-0.0021742232741599676,-3.592665370623187e-05,6527.205108353301,True,True,True,Z_mode_existing_controller,False,0.05060201485354432,0.0,0.0,False,False,False,0.2,-0.17689484357833862,-0.03444477170705795,25.228097806841113,50.17372891980988,200.49344878647173,212.86686981103367,-0.8844742178916931,-0.17222385108470917,-0.09547652101033084,-0.011225395506001445,-0.09547652101033091,-0.011225395506001306,0.055419921875,0.0,-0.387939453125,-0.08633045569412479,-0.002153762583492501,-3.495246186620629e-05,6607.81919466817,False,True,True,Omega_safe_one_step_QP,False,0.33251953125,0.0,9.613415401667776,False,False,False
988,21.599684251811595,-7400.299800472415,10.379839377551013,3.9842197596085644,38.87730383260381,28.237951616146713,0.2,0.0,0.0,25.329423037488063,50.208558812838916,203.65220958684392,213.5835564922464,0.0,0.0,0.0,0.0,-6.938893903907228e-17,1.1102230246251565e-16,0.055419921875,0.0,nan,nan,-0.0010057583858796692,9.893438866698332e-05,6477.4925229096825,False,True,True,Omega_safe_one_step_QP,False,0.33251953125,0.0,0.0,False,False,False,0.2,-0.19349820911884308,-0.04104889929294586,25.20074852582269,50.17403669287801,204.16863814820744,213.59081511997965,-0.9674910306930542,-0.2052444964647293,-0.1154056277009272,-0.01612192968037857,-0.11540562770092734,-0.016121929680378518,0.055419921875,0.0,-0.387939453125,-0.0940546913474567,-0.001005463638646193,9.89877102145183e-05,6499.092207161494,False,True,True,Omega_safe_one_step_QP,False,0.33251953125,0.0,11.65262868268962,False,False,False
989,13.773827312301364,-7386.525973160114,10.46234358661519,6.589136519454376,38.58070835182369,24.800647190429196,0.2,0.0,0.0,25.32139636933805,50.211960299492176,205.19254494606764,214.1036148782913,0.0,0.0,0.0,0.0,-5.551115123125783e-17,-1.0061396160665481e-16,0.055419921875,0.0,nan,nan,0.00040888832670747015,-4.641571411594797e-06,6522.723460782901,False,True,True,Omega_safe_one_step_QP,False,0.33251953125,0.0,0.0,False,False,False,0.2,-0.19474820792675018,-0.05533210560679436,25.193692016354003,50.17759833652266,205.40161546968812,213.39137845217275,-0.9737410545349121,-0.2766605317592621,-0.11931337661685562,-0.02348704651869717,-0.11931337661685562,-0.023487046518697072,0.055419921875,0.0,-0.387939453125,-0.1259678228643288,0.00040943015871979654,-4.571910985831998e-06,6536.497288095203,False,True,True,Omega_safe_one_step_QP,False,0.33251953125,0.0,12.160313809226755,False,False,False
990,39.14010176832471,-7347.385871391789,9.262061135375003,4.4762254572017826,44.69742444669581,25.250946278415118,0.2,0.0,0.0,25.335853306951872,50.2135208719917,202.32217669351067,213.5757685024349,0.0,0.0,0.0,0.0,-4.163336342344337e-17,-1.0408340855860843e-16,0.055419921875,0.0,nan,nan,0.000600384557712802,1.3089622900356278e-05,6325.228765621919,False,True,True,Omega_safe_one_step_QP,False,0.33251953125,0.0,0.0,False,False,False,0.2,-0.18751558661460876,-0.049628399312496185,25.208870080501995,50.179290362391825,203.61607652797312,213.231779118332,-0.9375779032707214,-0.24814198911190033,-0.10973871637435009,-0.020054048748197755,-0.10973871637435023,-0.020054048748197866,0.055419921875,0.0,-0.387939453125,-0.11734073150228747,0.0005912522474872221,1.2917499427257673e-05,6364.368867390243,False,True,True,Omega_safe_one_step_QP,False,0.33251953125,0.0,11.155604305767207,False,False,False
991,60.43015622847179,-7286.955715163317,7.881960485395499,6.945847247140266,36.95944948967477,29.138503991104585,0.2,0.0,0.0,25.35080410645659,50.21498658665337,199.3555664860932,213.02191388494595,0.0,0.0,0.0,0.0,5.551115123125783e-17,5.551115123125783e-17,0.26014284641297625,-0.05033574002966734,nan,nan,0.0029767382028959054,8.471360167986407e-05,6110.232330869846,True,True,True,Z_mode_existing_controller,False,0.05060201485354432,0.0,0.0,False,False,False,0.2,-0.18021968007087708,-0.025874635204672813,25.225272522332446,50.18104494116781,201.59150825928367,213.82484772104968,-0.901098370552063,-0.12937317788600922,-0.10007952651527122,-0.008603677571949377,-0.1000795265152713,-0.008603677571949339,0.055419921875,0.0,-0.387939453125,-0.06365432503367614,0.0029562707616144906,8.399369098562514e-05,6170.662487098318,False,True,True,Omega_safe_one_step_QP,False,0.33251953125,0.0,10.044866796171531,False,False,False
992,352.8360540771637,-6934.119661086153,9.439110186819239,5.951796853712008,39.54006491150584,27.658850420525486,0.2,0.0,0.0,25.398942311885413,50.217420598962036,189.83507856291632,211.12392594678798,0.0,0.0,0.0,0.0,1.1796119636642288e-16,1.249000902703301e-16,0.055419921875,0.0,nan,nan,0.0010719022735971025,7.090868515844014e-05,6045.508089876978,False,True,True,Omega_safe_one_step_QP,False,0.33251953125,0.0,0.0,False,False,False,0.2,0.07884467393159866,-0.08569077402353287,25.275449392474652,50.18387373247217,204.42047106826823,212.24894680217946,0.3942233622074127,-0.42845386266708374,0.024876150338182385,-0.005203350949946235,0.02487615033818233,-0.0052033509499463115,0.26014284641297625,-0.05033574002966734,0.30670211031125705,-0.10093775488321166,0.0010590285141776042,6.980276947026864e-05,6398.344143954142,True,True,True,Z_mode_existing_controller,False,0.05060201485354432,0.0,2.5414517834422017,False,False,False
993,364.18581700034974,-6569.933844085804,11.917487260444526,3.5162624569546024,41.19158129183877,25.520870146906823,0.2,0.0,0.0,25.410626711492277,50.2180943476221,187.52171814054978,210.66406322734238,0.0,0.0,0.0,0.0,-1.3877787807814457e-17,1.1796119636642288e-16,0.055419921875,0.0,nan,nan,-0.002946487853123382,4.6100555261968656e-05,6239.062127868844,False,True,True,Omega_safe_one_step_QP,False,0.33251953125,0.0,0.0,False,False,False,0.2,0.14253830909729004,-0.135237455368042,25.29927863652417,50.18689496869285,202.02053123752367,211.20598755510355,0.7126915454864502,-0.67618727684021,0.042050782783252645,-0.008285832795570845,0.04205078278325277,-0.008285832795570873,0.26014284641297625,-0.05033574002966734,0.31074486126652057,-0.09834590493641032,-0.00291220000148985,4.988751864297685e-05,6603.247944869194,True,True,True,Z_mode_existing_controller,False,0.05060201485354432,0.0,4.285934387972445,False,False,False
994,-5.188743745709871,-6575.122587831514,8.532267000923886,3.892254950919182,41.28154218877644,20.805947357437233,0.2,0.0,0.0,25.360119990950466,50.217911189903774,197.47864895232723,212.77568108825105,0.0,0.0,0.0,0.0,-3.122502256758253e-17,-8.326672684688674e-17,0.26014284641297625,-0.05033574002966734,nan,nan,0.0010220194395681457,-0.00014283193237414182,6134.681835034082,True,True,True,Z_mode_existing_controller,False,0.05060201485354432,0.0,0.0,False,False,False,0.2,-0.18411827087402344,0.02614624612033367,25.261505257396102,50.189153547598615,196.87930602447932,215.4907383937706,-0.9205913543701172,0.1307312250137329,-0.09209912809463594,0.015981724049906266,-0.09209912809463587,0.01598172404990618,0.055419921875,0.0,-0.387939453125,0.06296052685851511,0.001014216913507537,-0.00014316432496635188,6129.493091288372,False,True,True,Omega_safe_one_step_QP,False,0.33251953125,0.0,9.347547752966815,False,False,False
995,2.6397056353735024,-6572.48288219614,11.772654457875905,7.947288828341067,42.07928447828431,20.396277488391654,0.2,0.0,0.0,25.37737650611345,50.21549583365687,194.10316222287292,211.91135352631215,0.0,0.0,0.0,0.0,1.0408340855860843e-17,1.249000902703301e-16,0.26014284641297625,-0.05033574002966734,nan,nan,0.00014756758386283886,-0.00010482257085527285,6386.09700799418,True,True,True,Z_mode_existing_controller,False,0.05060201485354432,0.0,0.0,False,False,False,0.2,-0.19379164278507233,-0.021213049069046974,25.27858644045413,50.1866195999716,193.88526536128128,212.7502421197577,-0.9689581990242004,-0.10606524348258972,-0.09090413494879176,-0.003189142854739535,-0.09090413494879178,-0.003189142854739521,0.055419921875,0.0,-0.387939453125,-0.048531526137728064,0.00015693460535976325,-0.00010491255000987659,6388.736713629553,False,True,True,Omega_safe_one_step_QP,False,0.33251953125,0.0,9.096005927293637,False,False,False
996,9.1691938111926,-6563.313688384947,10.25062973114007,3.9279179661420214,39.42476729732985,24.473826195586927,0.2,0.0,0.0,25.378731688754936,50.213322895335594,193.85957454355494,211.7298920757929,0.0,0.0,0.0,0.0,-1.0928757898653885e-16,1.0408340855860843e-16,0.26014284641297625,-0.05033574002966734,nan,nan,-0.0008845630804098878,-1.4396880842300862e-05,6226.216073908308,True,True,True,Z_mode_existing_controller,False,0.05060201485354432,0.0,0.0,False,False,False,0.2,-0.19201712310314178,0.004333361517637968,25.28033361326514,50.18444742438993,193.8882171966861,213.7489745415671,-0.9600856304168701,0.02166680619120598,-0.08988093643549126,0.008384847099018256,-0.08988093643549118,0.008384847099018121,0.055419921875,0.0,-0.387939453125,0.010005547542117018,-0.000882939947313777,-1.4491289539092945e-05,6235.385267719501,False,True,True,Omega_safe_one_step_QP,False,0.33251953125,0.0,9.027119360789866,False,False,False
997,4.389624804649429,-6558.924063580298,11.136812981667509,4.779019422226163,41.137898176020514,26.574943224043725,0.2,0.0,0.0,25.36440992794748,50.21292632318163,196.6856022753239,212.30619116938388,0.0,0.0,0.0,0.0,7.979727989493313e-17,-2.0816681711721685e-17,0.26014284641297625,-0.05033574002966734,nan,nan,-0.0012801000616151346,6.836024289624213e-05,6385.846092217307,True,True,True,Z_mode_existing_controller,False,0.05060201485354432,0.0,0.0,False,False,False,0.2,-0.18695572018623352,-0.002361065475270152,25.266486045921454,50.184057099708724,196.52327796696068,213.91901821598597,-0.9347785711288452,-0.01180532667785883,-0.09302617005685068,0.004133764426309649,-0.09302617005685054,0.004133764426309746,0.055419921875,0.0,-0.387939453125,-0.005599189542887994,-0.0012745668418937418,6.840932347215939e-05,6390.235717021957,False,True,True,Omega_safe_one_step_QP,False,0.33251953125,0.0,9.311796992943034,False,False,False
998,-15.349299350561523,-6574.27336293086,10.376493703768933,3.9859224819748875,35.1329180825125,26.63012966705751,0.2,0.0,0.0,25.346493637259005,50.21462478786693,200.19559795947075,213.1490352059921,0.0,0.0,0.0,0.0,-1.249000902703301e-16,-4.163336342344337e-17,0.26014284641297625,-0.05033574002966734,nan,nan,-0.001101149804551711,3.5597950366512976e-05,6393.753200152569,True,True,True,Z_mode_existing_controller,False,0.05060201485354432,0.0,0.0,False,False,False,0.2,-0.1921343058347702,-0.0021448794286698103,25.24894630456233,50.18574561402538,199.21324787713638,214.64107070376664,-0.9606714844703674,-0.01072439644485712,-0.10261332828427833,0.0027127816848948917,-0.10261332828427831,0.00271278168489493,0.055419921875,0.0,-0.387939453125,-0.004949414935629429,-0.0010997891597796568,3.55930048392618e-05,6378.403900802007,False,True,True,Omega_safe_one_step_QP,False,0.33251953125,0.0,10.264918083475868,False,False,False
999,-20.604735965824148,-6594.878098896684,8.962135327143583,4.829157869682004,41.16344297089377,20.822084041994614,0.2,0.0,0.0,25.33415959807131,50.216208749669306,202.60646989682309,213.75054110025928,0.0,0.0,0.0,0.0,9.71445146547012e-17,-1.249000902703301e-16,0.055419921875,0.0,nan,nan,0.0010086049320300987,-0.00013732718220636243,6300.822973282073,False,True,True,Omega_safe_one_step_QP,False,0.33251953125,0.0,0.0,False,False,False,0.2,-0.1914329081773758,-0.03942570090293884,25.23626092229217,50.18719100849565,201.42603542913355,213.50889425750873,-0.9571645259857178,-0.1971285045146942,-0.10738894625368792,-0.015065357241483897,-0.10738894625368804,-0.015065357241483918,0.055419921875,0.0,-0.387939453125,-0.09131007974380091,0.0010026342096352506,-0.0001371913660498012,6280.218237316249,False,True,True,Omega_safe_one_step_QP,False,0.33251953125,0.0,10.844054023422709,False,False,False
